remote_unit_id,time_stamp,entries,exits,num_people_exited,sum_exit_entry,week_num,z_score_num_people_exited,z_score_sum_exit_entry
572,1546300800,0,0,0,0,1,-0.7051134088668376,-1.3488645390988718
572,1546315200,90,211,121,301,1,0.9875584588049946,-0.785020161778899
572,1546329600,69,68,0,137,1,-0.7051134088668376,-1.0922310517472562
572,1546344000,274,116,0,390,1,-0.7051134088668376,-0.6183020568570465
572,1546358400,366,318,0,684,1,-0.7051134088668376,-0.06757033947474754
572,1546372800,284,401,117,685,1,0.9316023640059258,-0.06569710234079414
572,1546387200,102,262,160,364,1,1.5331303830959158,-0.6670062223398349
572,1546401600,21,48,27,69,1,-0.32740976897312296,-1.2196111768560873
572,1546416000,347,282,0,629,1,-0.7051134088668376,-0.17059838184218443
572,1546430400,940,588,0,1528,1,-0.7051134088668376,1.5134418015819204
572,1546444800,553,519,0,1072,1,-0.7051134088668376,0.6592456684991709
572,1546459200,669,852,183,1521,1,1.8548779281905614,1.5003291416442466
572,1546473600,139,339,200,478,1,2.0926913310866038,-0.4534571890691475
572,1546488000,32,62,30,94,1,-0.28544269787382137,-1.1727802485072523
572,1546502400,391,305,0,696,1,-0.7051134088668376,-0.045091493867306764
572,1546516800,1023,552,0,1575,1,-0.7051134088668376,1.60148394687773
572,1546531200,619,482,0,1101,1,-0.7051134088668376,0.7135695453838194
572,1546545600,727,907,180,1634,1,1.8129108570912598,1.7120049377809805
572,1546560000,166,391,225,557,1,2.442416923580784,-0.3054714554868291
572,1546574400,28,63,35,91,1,-0.21549757937498532,-1.1783999599091126
572,1546588800,367,319,0,686,1,-0.7051134088668376,-0.06382386520684075
572,1546603200,983,537,0,1520,1,-0.7051134088668376,1.4984559045102932
572,1546617600,622,476,0,1098,1,-0.7051134088668376,0.7079498339819592
572,1546632000,774,813,39,1587,1,-0.1595414845759165,1.623962792485171
572,1546646400,187,395,208,582,1,2.2046035206847416,-0.2586405271379941
572,1546660800,31,89,58,120,1,0.10624996571966044,-1.124076083024464
572,1546675200,103,100,0,203,1,-0.7051134088668376,-0.968597400906332
572,1546689600,372,175,0,547,1,-0.7051134088668376,-0.32420382682636306
572,1546704000,473,331,0,804,1,-0.7051134088668376,0.15721811659966023
572,1546718400,372,416,44,788,1,-0.08959636607708045,0.12724632245640585
572,1546732800,163,298,135,461,1,1.1834047906017355,-0.4853022203463553
572,1546747200,35,102,67,137,1,0.23215117901756532,-1.0922310517472562
572,1546761600,89,68,0,157,1,-0.7051134088668376,-1.0547663090681882
572,1546776000,337,184,0,521,1,-0.7051134088668376,-0.3729079923091514
572,1546790400,440,326,0,766,1,-0.7051134088668376,0.0860351055094311
572,1546804800,307,419,112,726,1,0.8616572455070897,0.011105620151295176
572,1546819200,115,263,148,378,1,1.3652620986987092,-0.6407809024644874
572,1546833600,25,53,28,78,1,-0.3134207452733558,-1.2027520426505067
572,1546848000,404,297,0,701,1,-0.7051134088668376,-0.035725308197539773
572,1546862400,1046,532,0,1578,1,-0.7051134088668376,1.6071036582795903
572,1546876800,625,495,0,1120,1,-0.7051134088668376,0.749161050928934
572,1546891200,1056,1023,0,2079,1,-0.7051134088668376,2.545595462390243
572,1546905600,306,425,119,731,2,0.8107760882779647,-0.2431060049138693
572,1546920000,61,52,0,113,2,-0.7040870478765279,-1.2872991976235153
572,1546934400,730,343,0,1073,2,-0.7040870478765279,0.3347484803720513
572,1546948800,1610,656,0,2266,2,-0.7040870478765279,2.3504806468811252
572,1546963200,610,488,0,1098,2,-0.7040870478765279,0.3769893053198525
572,1546977600,856,915,59,1771,2,0.046979549040405424,1.5141123129146612
572,1546992000,172,400,228,572,2,2.1983398012261977,-0.511757651581885
572,1547006400,24,51,27,75,2,-0.36037860521962617,-1.3515052515441732
572,1547020800,441,341,0,782,2,-0.7040870478765279,-0.15693472202035483
572,1547035200,1084,591,0,1675,2,-0.7040870478765279,1.3519075451151046
572,1547049600,604,522,0,1126,2,-0.7040870478765279,0.42429902926138985
572,1547064000,820,978,158,1798,2,1.3072438387823782,1.5597324038582865
572,1547078400,189,403,214,592,2,2.0201206087374337,-0.47796499162364403
572,1547092800,32,65,33,97,2,-0.28399895129587027,-1.3143333255901082
572,1547107200,417,306,0,723,2,-0.7040870478765279,-0.2566230688971657
572,1547121600,1139,574,0,1713,2,-0.7040870478765279,1.4161135990357623
572,1547136000,626,508,0,1134,2,-0.7040870478765279,0.43781609324468623
572,1547150400,810,865,55,1675,2,-0.003940220242098529,1.3519075451151046
572,1547164800,195,447,252,642,2,2.5038584169212212,-0.3934833417280416
572,1547179200,36,70,34,106,2,-0.27126900897524425,-1.2991266286088996
572,1547193600,374,292,0,666,2,-0.7040870478765279,-0.35293214977815246
572,1547208000,1059,573,0,1632,2,-0.7040870478765279,1.2792533262048864
572,1547222400,608,561,0,1169,2,-0.7040870478765279,0.49695324817160796
572,1547236800,807,890,83,1697,2,0.3524981647354291,1.3890794710691696
572,1547251200,194,431,237,625,2,2.3129092821118316,-0.42220710269254647
572,1547265600,35,79,44,114,2,-0.1439695857689844,-1.2856095646256032
572,1547280000,116,78,0,194,2,-0.7040870478765279,-1.1504389247926394
572,1547294400,419,199,0,618,2,-0.7040870478765279,-0.4340345336779308
572,1547308800,477,391,0,868,2,-0.7040870478765279,-0.011626284199918666
572,1547323200,423,470,47,893,2,-0.10577975880710644,0.030614540747882547
572,1547337600,185,363,178,548,2,1.5618426851948979,-0.5523088435317742
572,1547352000,45,97,52,142,2,-0.04213004720397649,-1.238299840684066
572,1547366400,81,57,0,138,2,-0.7040870478765279,-1.245058372675714
572,1547380800,355,152,0,507,2,-0.7040870478765279,-0.6215837964461682
572,1547395200,406,316,0,722,2,-0.7040870478765279,-0.25831270189507777
572,1547409600,319,497,178,816,2,1.5618426851948979,-0.0994872000913452
572,1547424000,113,267,154,380,2,1.2563240694998743,-0.8361671871809984
572,1547438400,17,47,30,64,2,-0.3221887782577482,-1.3700912145212056
572,1547452800,410,324,0,734,2,-0.7040870478765279,-0.23803710592013316
572,1547467200,1068,597,0,1665,2,-0.7040870478765279,1.335011215135984
572,1547481600,567,485,0,1052,2,-0.7040870478765279,0.2992661874158983
572,1547496000,799,940,141,1739,2,1.0908348193317365,1.4600440569814757
572,1547510400,149,367,218,516,3,2.211578539332607,-0.3946785395384816
572,1547524800,25,61,36,86,3,-0.15729734664925127,-1.3103544991381502
572,1547539200,415,300,0,715,3,-0.6258662032170913,0.029087776648341786
572,1547541598,364,126,0,490,3,-0.6258662032170913,-0.45004499290962435
572,1547553600,792,426,0,1218,3,-0.6258662032170913,1.1002157014823728
572,1547568000,585,488,0,1073,3,-0.6258662032170913,0.7914412499894612
572,1547582400,807,977,170,1784,3,1.5868200639088201,2.3055008017926344
572,1547596800,165,402,237,567,3,2.458878769187856,-0.2860751117720093
572,1547611200,23,53,30,76,3,-0.2353921560772246,-1.331649288896282
572,1547622000,132,139,7,271,3,-0.5347555922177891,-0.9164008886127114
572,1547625600,295,220,0,515,3,-0.6258662032170913,-0.39680801851429476
572,1547627152,199,67,0,266,3,-0.6258662032170913,-0.9270482834917773
572,1547633500,682,280,0,962,3,-0.6258662032170913,0.5550690836741979
572,1547640000,824,368,0,1192,3,-0.6258662032170913,1.04484924811123
572,1547654400,600,504,0,1104,3,-0.6258662032170913,0.8574550982396699
572,1547668800,814,848,34,1662,3,-0.18332894979190906,2.045704366743426
572,1547683200,169,432,263,601,3,2.797289610042407,-0.21367282659436107
572,1547697600,27,67,40,94,3,-0.1052341403639357,-1.2933186673316448
572,1547712000,434,329,0,763,3,-0.6258662032170913,0.13130276748737457
572,1547715230,478,192,0,670,3,-0.6258662032170913,-0.06673877726325145
572,1547726400,839,381,0,1220,3,-0.6258662032170913,1.1044746594339991
572,1547740800,636,525,0,1161,3,-0.6258662032170913,0.9788353998610213
572,1547755200,863,883,20,1746,3,-0.3655501717905135,2.2245806007117332
572,1547769600,183,414,231,597,3,2.3807839597598823,-0.22219074249761378
572,1547784000,25,65,40,90,3,-0.1052341403639357,-1.3018365832348975
572,1547798400,402,304,0,706,3,-0.6258662032170913,0.009922465866023139
572,1547812800,1059,493,0,1552,3,-0.6258662032170913,1.8114616794039757
572,1547827200,637,467,0,1104,3,-0.6258662032170913,0.8574550982396699
572,1547841600,786,799,13,1585,3,-0.45666078278981576,1.881734485605811
572,1547856000,205,424,219,629,3,2.224594340903936,-0.15404741527159194
572,1547870400,34,104,70,138,3,0.28523990677593103,-1.1996215923958646
572,1547884800,112,97,0,209,3,-0.6258662032170913,-1.0484285851131288
572,1547899200,444,194,0,638,3,-0.6258662032170913,-0.1348821044892733
572,1547913600,520,389,0,909,3,-0.6258662032170913,0.44220669795609924
572,1547928000,407,454,47,861,3,-0.014123529364633462,0.3399917071170665
572,1547942400,138,281,143,419,3,1.23539342148294,-0.6012380001923603
572,1547956800,31,103,72,134,3,0.3112715099185888,-1.2081395082991175
572,1547971200,82,58,0,140,3,-0.6258662032170913,-1.1953626344442383
572,1547985600,318,171,0,489,3,-0.6258662032170913,-0.4521744718854375
572,1548000000,399,276,0,675,3,-0.6258662032170913,-0.056091382384185526
572,1548014400,300,358,58,658,3,0.12905028791998435,-0.09229252497300963
572,1548028800,113,225,112,338,3,0.8319035727717444,-0.7737257972332281
572,1548043200,19,59,40,78,3,-0.1052341403639357,-1.3273903309446557
572,1548057600,168,121,0,289,3,-0.6258662032170913,-0.8780702670480741
572,1548072000,436,214,0,650,3,-0.6258662032170913,-0.10932835677951509
572,1548086400,307,276,0,583,3,-0.6258662032170913,-0.25200344815899833
572,1548100800,290,450,160,740,3,1.4566620481955312,0.08232475104367136
572,1548115200,81,253,172,334,4,1.4136787128707007,-0.8734022182034107
572,1548129600,20,44,24,64,4,-0.4038266060604385,-1.365477714556184
572,1548144000,380,313,0,693,4,-0.6985571983195422,-0.21912405823805658
572,1548146336,253,83,0,336,4,-0.6985571983195422,-0.8697572145267235
572,1548158400,1198,481,0,1679,4,-0.6985571983195422,1.5778627543687378
572,1548172800,537,468,0,1005,4,-0.6985571983195422,0.34949651532514814
572,1548187200,755,893,138,1648,4,0.9961437071703039,1.5213651973800861
572,1548201600,175,403,228,578,4,2.1013834281419426,-0.42871176964757113
572,1548216000,24,60,36,84,4,-0.25646130993088667,-1.329027677789312
572,1548230400,406,325,0,731,4,-0.6985571983195422,-0.1498689883809996
572,1548244800,1088,603,0,1691,4,-0.6985571983195422,1.5997327764288611
572,1548259200,623,482,0,1105,4,-0.6985571983195422,0.5317466991595087
572,1548273600,805,893,88,1698,4,0.3821216399638379,1.6124902892972663
572,1548288000,162,461,299,623,4,2.973294763575124,-0.34669918692210894
572,1548302400,26,51,25,77,4,-0.3915461647163092,-1.3417851906577172
572,1548316800,401,309,0,710,4,-0.6985571983195422,-0.1881415269862153
572,1548331200,1039,544,0,1583,4,-0.6985571983195422,1.4029025778877517
572,1548345600,574,450,0,1024,4,-0.6985571983195422,0.38412405025367663
572,1548360000,780,891,111,1671,4,0.6645717908788122,1.563282739661989
572,1548374400,180,411,231,591,4,2.1382247521743305,-0.40501924574910425
572,1548388800,28,79,51,107,4,-0.0722546897689469,-1.287110135507409
572,1548403200,403,279,0,682,4,-0.6985571983195422,-0.23917157845983622
572,1548417600,1101,610,0,1711,4,-0.6985571983195422,1.6361828131957332
572,1548432000,636,513,0,1149,4,-0.6985571983195422,0.6119367800466272
572,1548446400,810,833,23,1643,4,-0.41610704740456783,1.512252688188368
572,1548460800,206,392,186,598,4,1.5856048916885113,-0.39226173288069904
572,1548475200,34,112,78,146,4,0.25931722652254474,-1.2160325638120084
572,1548489600,117,101,0,218,4,-0.6985571983195422,-1.0848124314512688
572,1548504000,454,221,0,675,4,-0.6985571983195422,-0.2519290913282415
572,1548518400,489,408,0,897,4,-0.6985571983195422,0.1526663167840388
572,1548532800,466,463,0,929,4,-0.6985571983195422,0.21098637561103417
572,1548547200,190,348,158,538,4,1.2417525340528903,-0.5016118431813154
572,1548561600,39,116,77,155,4,0.2470367851784154,-1.199630047266916
572,1548576000,74,75,1,149,4,-0.6862767569754129,-1.2105650582969776
572,1548590400,358,166,0,524,4,-0.6985571983195422,-0.5271268689181258
572,1548604800,402,335,0,737,4,-0.6985571983195422,-0.13893397735093796
572,1548619200,312,441,129,753,4,0.88561973507314,-0.10977394793744029
572,1548633600,104,284,180,388,4,1.5119222436237354,-0.7749871189328561
572,1548648000,21,48,27,69,4,-0.3669852820280506,-1.356365205364466
572,1548662400,423,283,0,706,4,-0.6985571983195422,-0.1954315343395897
572,1548676800,1029,518,0,1547,4,-0.6985571983195422,1.337292511707382
572,1548691200,559,450,0,1009,4,-0.6985571983195422,0.35678652267852257
572,1548705600,765,949,184,1714,4,1.5610440090002526,1.641650318710764
572,1548720000,176,410,234,586,5,2.139111571063827,-0.4591694403898672
572,1548734400,22,51,29,73,5,-0.33870161867296417,-1.4130006769056673
572,1548748800,439,327,0,766,5,-0.6892215333186567,-0.12449181354221807
572,1548763200,1166,586,0,1752,5,-0.6892215333186567,1.7087978535232378
572,1548777600,587,512,0,1099,5,-0.6892215333186567,0.49466179612593286
572,1548792000,800,907,107,1707,5,0.6040760827878638,1.6251284468113254
572,1548806400,151,421,270,572,5,2.574239740968825,-0.4851999224780177
572,1548820800,26,60,34,86,5,-0.2782671506306034,-1.3888295149666703
572,1548835200,423,313,0,736,5,-0.6892215333186567,-0.18027141801682625
572,1548849600,1124,565,0,1689,5,-0.6892215333186567,1.5916606841265606
572,1548862292,483,476,0,959,5,-0.6892215333186567,0.23435697524442795
572,1548862376,264,244,0,508,5,-0.6892215333186567,-0.6041964120238484
572,1548864000,114,111,0,225,5,-0.6892215333186567,-1.1303840142343191
572,1548878400,757,889,132,1646,5,0.9062484229996677,1.5117099177129554
572,1548892800,141,404,263,545,5,2.48963148570952,-0.535401566505165
572,1548907200,26,42,16,68,5,-0.49583123558310216,-1.4222972776514353
572,1548921600,416,310,0,726,5,-0.6892215333186567,-0.19886461950836232
572,1548936000,976,557,0,1533,5,-0.6892215333186567,1.301606740858598
572,1548950400,513,486,0,999,5,-0.6892215333186567,0.3087297812105722
572,1548964800,772,827,55,1599,5,-0.024442384852688175,1.424321870702736
572,1548979200,158,425,267,583,5,2.5379790601434085,-0.464747400837328
572,1548993600,22,60,38,82,5,-0.2299195761967148,-1.3962667955632848
572,1549008000,373,274,0,647,5,-0.6892215333186567,-0.3457509112914972
572,1549021011,679,317,0,996,5,-0.6892215333186567,0.30315182076311137
572,1549022400,1053,551,0,1604,5,-0.6892215333186567,1.433618471448504
572,1549036800,675,570,0,1245,5,-0.6892215333186567,0.7661225379023594
572,1549051200,807,900,93,1707,5,0.4348595722692537,1.6251284468113254
572,1549065600,207,401,194,608,5,1.6556358267249411,-0.41826439710848784
572,1549080000,34,106,72,140,5,0.18103480649133843,-1.2884262269123756
572,1549094400,126,104,0,230,5,-0.6892215333186567,-1.1210874134885511
572,1549108800,435,239,0,674,5,-0.6892215333186567,-0.2955492672643498
572,1549123200,536,373,0,909,5,-0.6892215333186567,0.14139096778674765
572,1549137600,484,497,13,981,5,-0.5320919164085186,0.2752620185258073
572,1549152000,222,362,140,584,5,1.0029435718674449,-0.4628880806881744
572,1549166400,29,156,127,185,5,0.8458139549573069,-1.2047568202004633
572,1549180800,81,90,9,171,5,-0.5804394908424073,-1.2307873022886138
572,1549195200,422,216,0,638,5,-0.6892215333186567,-0.36248479263387967
572,1549209600,489,381,0,870,5,-0.6892215333186567,0.06887748196975699
572,1549224000,382,520,138,902,5,0.9787697846505006,0.1283757267426724
572,1549238400,178,311,133,489,5,0.9183353166081398,-0.639523494857767
572,1549252800,28,74,46,102,5,-0.13322442732893755,-1.3590803925802126
572,1549267200,437,299,0,736,5,-0.6892215333186567,-0.18027141801682625
572,1549281600,1101,555,0,1656,5,-0.6892215333186567,1.5303031192044916
572,1549296000,580,540,0,1120,5,-0.6892215333186567,0.5337075192581585
572,1549310400,797,953,156,1750,5,1.1963338696029995,1.7050792132249306
572,1549324800,167,406,239,573,6,1.9410762351965307,-0.5266687546855777
572,1549339200,23,45,22,68,6,-0.47572278223259234,-1.419962979945962
572,1549353600,380,279,0,659,6,-0.7207438807737938,-0.37454340147291826
572,1549368000,1052,539,0,1591,6,-0.7207438807737938,1.2740708914828802
572,1549382400,536,495,0,1031,6,-0.7207438807737938,0.2834871961446322
572,1549396800,798,891,93,1689,6,0.3150271266958305,1.4474230381670736
572,1549411200,163,475,312,638,6,2.754100789446881,-0.41169029004810254
572,1549425600,30,60,30,90,6,-0.3866242009448827,-1.3810471919148166
572,1549440000,467,284,0,751,6,-0.7207438807737938,-0.2118046515244918
572,1549454400,1130,589,0,1719,6,-0.7207438807737938,1.5004900218459083
572,1549468800,594,608,14,1202,6,-0.564821363520302,0.58596900311399
572,1549483200,828,922,94,1750,6,0.3261644493567942,1.5553259049807042
572,1549497600,162,448,286,610,6,2.464530400261825,-0.46121947481501496
572,1549512000,26,53,27,79,6,-0.42003616892777385,-1.4005050859303894
572,1549526400,450,301,0,751,6,-0.7207438807737938,-0.2118046515244918
572,1549540800,1162,586,0,1748,6,-0.7207438807737938,1.551788106068782
572,1549555200,634,609,0,1243,6,-0.7207438807737938,0.6584938808083975
572,1549569600,897,953,56,1850,6,-0.09705381175982647,1.73221585057682
572,1549584000,201,502,301,703,6,2.6315902401762803,-0.29671182541062735
572,1549598400,24,65,41,89,6,-0.264113651674282,-1.3828160913707779
572,1549612800,436,313,0,749,6,-0.7207438807737938,-0.2153424504364141
572,1549627200,1075,569,0,1644,6,-0.7207438807737938,1.3678225626488214
572,1549641600,696,578,0,1274,6,-0.7207438807737938,0.7133297639431934
572,1549656000,841,981,140,1822,6,0.8384812917611244,1.6826866658099076
572,1549670400,238,426,188,664,6,1.373072779487382,-0.36569890419311246
572,1549684800,41,132,91,173,6,0.2927524813739031,-1.2342285370700405
572,1549699200,130,98,0,228,6,-0.7207438807737938,-1.136939066992177
572,1549713600,506,255,0,761,6,-0.7207438807737938,-0.19411565696488023
572,1549728000,544,384,0,928,6,-0.7207438807737938,0.10129055218063301
572,1549742400,433,544,111,977,6,0.5154989345931771,0.18796662552272972
572,1549756800,198,346,148,544,6,0.927579873048834,-0.5779668389084514
572,1549771200,41,146,105,187,6,0.4486749986273949,-1.2094639446865845
572,1549785600,81,76,0,157,6,-0.7207438807737938,-1.2625309283654191
572,1549800000,391,185,0,576,6,-0.7207438807737938,-0.5213620563176943
572,1549814400,423,338,0,761,6,-0.7207438807737938,-0.19411565696488023
572,1549828800,317,396,79,713,6,0.15910460944233867,-0.27902283085101576
572,1549843200,114,291,177,405,6,1.2505622302167814,-0.8238438632870522
572,1549857600,20,60,40,80,6,-0.2752509743352457,-1.398736186474428
572,1549872000,436,297,0,733,6,-0.7207438807737938,-0.24364484173179263
572,1549886400,1078,615,0,1693,6,-0.7207438807737938,1.4544986359909182
572,1549900800,593,505,0,1098,6,-0.7207438807737938,0.40200345969402973
572,1549915200,723,847,124,1570,6,0.6602841291857052,1.2369240029076958
572,1549929600,170,415,245,585,7,2.019701089193043,-0.41834339630355966
572,1549944000,24,65,41,89,7,-0.26008223281359094,-1.3842687328385663
572,1549958400,443,328,0,771,7,-0.7182739789031595,-0.056121395102932126
572,1549972800,1005,560,0,1565,7,-0.7182739789031595,1.4901381153986715
572,1549987200,550,475,0,1025,7,-0.7182739789031595,0.4385258538484625
572,1550001600,728,844,116,1572,7,0.5780734002770832,1.5037701261965446
572,1550016000,144,372,228,516,7,1.8297191456924902,-0.5527160741683086
572,1550030400,27,61,34,88,7,-0.33831009190205386,-1.3862161629525482
572,1550044800,455,330,0,785,7,-0.7182739789031595,-0.02885737350718597
572,1550046835,286,126,0,412,7,-0.7182739789031595,-0.755248806022423
572,1550049505,370,164,0,534,7,-0.7182739789031595,-0.5176623321166349
572,1550059200,881,385,0,1266,7,-0.7182739789031595,0.9078565113180928
572,1550073600,618,613,0,1231,7,-0.7182739789031595,0.8396964573287273
572,1550088000,868,951,83,1819,7,0.2092849217171866,1.984785364350066
572,1550102400,195,473,278,668,7,2.3884895677529396,-0.2567066968430646
572,1550116800,27,68,41,95,7,-0.26008223281359094,-1.372584152154675
572,1550131200,439,315,0,754,7,-0.7182739789031595,-0.0892277070406239
572,1550145600,1175,596,0,1771,7,-0.7182739789031595,1.8913087188789364
572,1550160000,629,604,0,1233,7,-0.7182739789031595,0.8435913175566911
572,1550174400,917,936,19,1853,7,-0.5059412185201887,2.050997988225449
572,1550188800,198,521,323,719,7,2.8913829476073443,-0.15738776102998928
572,1550203200,26,77,51,103,7,-0.14832814840150105,-1.3570047112428203
572,1550217600,399,305,0,704,7,-0.7182739789031595,-0.1865992127397173
572,1550232000,1116,590,0,1706,7,-0.7182739789031595,1.7647257614701148
572,1550246400,794,454,0,1248,7,-0.7182739789031595,0.8728027692664191
572,1550260800,804,867,63,1671,7,-0.014223247106993187,1.6965657074807494
572,1550275200,217,386,169,603,7,1.1703700476611596,-0.38328965425188605
572,1550289600,37,150,113,187,7,0.5445471749534563,-1.1934205816683434
572,1550304000,125,109,0,234,7,-0.7182739789031595,-1.1018913663111956
572,1550318400,441,239,0,680,7,-0.7182739789031595,-0.23333753547528216
572,1550332800,536,381,0,917,7,-0.7182739789031595,0.22820340153842067
572,1550347200,449,536,87,985,7,0.25398655548202254,0.3606286492891877
572,1550361600,230,405,175,635,7,1.2374224983084137,-0.32097189060446624
572,1550376000,40,175,135,215,7,0.790406160660054,-1.138892538476851
572,1550390400,89,87,0,176,7,-0.7182739789031595,-1.214842312922144
572,1550404800,391,194,0,585,7,-0.7182739789031595,-0.41834339630355966
572,1550419200,464,352,0,816,7,-0.7182739789031595,0.03151296002625195
572,1550433600,328,514,186,842,7,1.3603519911617126,0.08214614298978053
572,1550448000,130,334,204,464,7,1.5615093431034743,-0.6539824400953658
572,1550462400,16,77,61,93,7,-0.03657406398941117,-1.376479012382639
572,1550476800,176,113,0,289,7,-0.7182739789031595,-0.9947827100421928
572,1550491200,497,291,0,788,7,-0.7182739789031595,-0.023015083165240365
572,1550505600,460,434,0,894,7,-0.7182739789031595,0.1834125089168377
572,1550520000,415,591,176,1006,7,1.2485979067496227,0.40152468168280697
572,1550534400,128,355,227,483,8,2.316248233682846,-0.8684829976587598
572,1550548800,20,68,48,88,8,0.036676901874898846,-1.504940853085866
572,1550563200,342,263,0,605,8,-0.5746047960400814,-0.6719061410458309
572,1550577600,1003,537,0,1540,8,-0.5746047960400814,0.8346459977499769
572,1550592000,495,422,0,917,8,-0.5746047960400814,-0.16918499954391425
572,1550606400,716,873,157,1589,8,1.424795757556833,0.913598997537137
572,1550620800,145,410,265,555,8,2.8001795778655385,-0.752470426542933
572,1550635200,29,69,40,98,8,-0.0652033811109312,-1.4888279959864454
572,1550649600,385,285,0,670,8,-0.5746047960400814,-0.5671725698995983
572,1550664000,1041,571,0,1612,8,-0.5746047960400814,0.9506585688658039
572,1550678400,493,488,0,981,8,-0.5746047960400814,-0.06606271410762365
572,1550692800,738,702,0,1440,8,-0.5746047960400814,0.673517426755773
572,1550707200,244,366,122,610,8,0.9790695194938266,-0.6638497124961207
572,1550721600,42,77,35,119,8,-0.12887855797707498,-1.4549909960776626
572,1550736000,618,316,0,934,8,-0.5746047960400814,-0.14179314247489958
572,1550739648,720,185,0,905,8,-0.5746047960400814,-0.18852042806321875
572,1550750400,908,398,0,1306,8,-0.5746047960400814,0.4576051416235395
572,1550764800,851,497,0,1348,8,-0.5746047960400814,0.5252791414411052
572,1550779200,1260,894,0,2154,8,-0.5746047960400814,1.82397542365439
572,1550793600,353,545,192,898,8,1.8705219956198396,-0.19979942803281303
572,1550808000,36,78,42,114,8,-0.03973331036447368,-1.4630474246273728
572,1550822400,581,268,0,849,8,-0.5746047960400814,-0.278752427819973
572,1550836800,1594,551,0,2145,8,-0.5746047960400814,1.8094738522649114
572,1550851200,990,513,0,1503,8,-0.5746047960400814,0.7750284264821214
572,1550865600,1250,837,0,2087,8,-0.5746047960400814,1.716019281088273
572,1551484800,9105,6924,0,16029,9,-0.6657566629845786,4.098569016313705
572,1551499200,33,115,82,148,9,0.36861895234725084,-0.3780726176154514
572,1551513600,120,105,0,225,9,-0.6657566629845786,-0.356367346800481
572,1551528000,469,229,0,698,9,-0.6657566629845786,-0.22303496893709132
572,1551542400,489,368,0,857,9,-0.6657566629845786,-0.17821499413734723
572,1551556800,499,498,0,997,9,-0.6657566629845786,-0.13875086538285558
572,1551571200,215,360,145,575,9,1.163322169004632,-0.25770702491425185
572,1551585600,44,136,92,180,9,0.4947623200706447,-0.36905224532871045
572,1551600000,98,102,4,200,9,-0.615299315895221,-0.36341451264949737
572,1551614400,425,221,0,646,9,-0.6657566629845786,-0.23769307390304537
572,1551628800,465,345,0,810,9,-0.6657566629845786,-0.191463665933498
572,1551643200,311,530,219,841,9,2.0967830901577464,-0.18272518028071771
572,1551657600,112,253,141,365,9,1.1128648219152746,-0.31690321804598937
572,1551672000,26,51,25,77,9,-0.350398243676094,-0.39808656862665787
572,1551686400,292,219,0,511,9,-0.6657566629845786,-0.2757477694877338
572,1551700800,849,527,0,1376,9,-0.6657566629845786,-0.03191583111176745
572,1551715200,448,391,0,839,9,-0.6657566629845786,-0.18328895354863903
572,1551729600,595,837,242,1432,9,2.386912835921552,-0.016130179609970784
572,1551744000,137,346,209,483,10,1.5128963620494564,-0.7105084620326937
572,1551758400,24,55,31,79,10,-0.37304968927408416,-1.413010055796607
572,1551772800,470,312,0,782,10,-0.701500967875375,-0.19058772803415394
572,1551787200,1134,607,0,1741,10,-0.701500967875375,1.4769841244895907
572,1551801600,651,548,0,1199,10,-0.701500967875375,0.5345191150340436
572,1551816000,861,954,93,1815,10,0.28385286792849745,1.6056601589909014
572,1551830400,209,496,287,705,10,2.3393221598204463,-0.32448035852876117
572,1551844800,26,62,36,88,10,-0.32007367659645664,-1.3973602678167178
572,1551859200,483,333,0,816,10,-0.701500967875375,-0.1314663067767949
572,1551873600,1141,656,0,1797,10,-0.701500967875375,1.5743605830311231
572,1551888000,603,575,0,1178,10,-0.701500967875375,0.49800294308096893
572,1551902400,833,948,115,1781,10,0.5169473237100587,1.5465387377335424
572,1551916800,191,468,277,659,10,2.2333701344651913,-0.4044681637593058
572,1551931200,22,63,41,85,10,-0.26709766391882905,-1.4025768638100142
572,1551945600,462,341,0,803,10,-0.701500967875375,-0.15407155608107925
572,1551946204,65,42,0,107,10,-0.701500967875375,-1.3643218265258408
572,1551960000,1080,630,0,1710,10,-0.701500967875375,1.423079299225528
572,1551974400,662,600,0,1262,10,-0.701500967875375,0.6440676308932677
572,1551988800,877,913,36,1790,10,-0.32007367659645664,1.5621885257134316
572,1552003200,174,519,345,693,10,2.953843906880926,-0.3453467425019467
572,1552017600,20,79,59,99,10,-0.0763840182793699,-1.3782327491746311
572,1552032000,432,329,0,761,10,-0.701500967875375,-0.22710389998722866
572,1552046400,1101,585,0,1686,10,-0.701500967875375,1.3813465312791569
572,1552060800,657,568,0,1225,10,-0.701500967875375,0.5797296136426123
572,1552075200,795,902,107,1697,10,0.43218570342585455,1.4004740499212436
572,1552089600,233,419,186,652,10,1.2692067037323698,-0.41664022107699733
572,1552104000,40,133,93,173,10,0.28385286792849745,-1.2495567146733202
572,1552118400,133,111,0,244,10,-0.701500967875375,-1.1260972761653056
572,1552132800,540,283,0,823,10,-0.701500967875375,-0.11929424945910334
572,1552147200,580,475,0,1055,10,-0.701500967875375,0.2841225073558171
572,1552161600,527,568,41,1095,10,-0.26709766391882905,0.3536771205997689
572,1552176000,250,425,175,675,10,1.1526594758415893,-0.376646318461725
572,1552194000,43,159,116,202,10,0.5275425262455842,-1.1991296200714552
572,1552208400,135,94,0,229,10,-0.701500967875375,-1.1521802561317878
572,1552222800,359,188,0,547,10,-0.701500967875375,-0.5992210808423708
572,1552237200,427,380,0,807,10,-0.701500967875375,-0.14711609475668408
572,1552251600,278,456,178,734,10,1.1844450834481657,-0.2740532639268961
572,1552266000,105,264,159,369,10,0.9831362352731811,-0.9087391097779564
572,1552280400,22,37,15,59,10,-0.5425729298424924,-1.4477873624185829
572,1552294800,944,545,0,1489,10,-0.701500967875375,1.0387900610526943
572,1552309200,686,458,0,1144,10,-0.701500967875375,0.4388815218236099
572,1552323600,784,647,0,1431,10,-0.701500967875375,0.9379358718489641
572,1552338000,661,909,248,1570,10,1.9261092609349513,1.1796381528716966
572,1552352400,127,307,180,434,11,1.141816047837586,-0.9111630274245042
572,1552366800,21,42,21,63,11,-0.4822622412911465,-1.5811839001629953
572,1552381200,994,600,0,1594,11,-0.6967631474024886,1.1837809412457103
572,1552395600,732,438,0,1170,11,-0.6967631474024886,0.4180428009731491
572,1552410000,779,645,0,1424,11,-0.6967631474024886,0.8767632906647306
572,1552424400,677,962,285,1639,11,2.2143205783942963,1.2650503193406755
572,1552438800,149,364,215,513,11,1.499317558023156,-0.768490119213343
572,1552453200,20,27,7,47,11,-0.6252628453653745,-1.610079679041205
572,1552467600,1015,589,0,1604,11,-0.6967631474024886,1.2018408030445915
572,1552482000,737,500,0,1237,11,-0.6967631474024886,0.5390438750256529
572,1552496400,750,633,0,1383,11,-0.6967631474024886,0.8027178572893178
572,1552510800,703,861,158,1564,11,0.9171008128637992,1.1296013558490667
572,1552525200,120,354,234,474,11,1.6933898064096082,-0.8389235802289795
572,1552539600,21,27,6,48,11,-0.6354771742278194,-1.6082736928613168
572,1552554000,984,562,0,1546,11,-0.6967631474024886,1.0970936046110806
572,1552568400,749,567,0,1316,11,-0.6967631474024886,0.6817167832368141
572,1552582800,750,610,0,1360,11,-0.6967631474024886,0.7611801751518912
572,1552597200,737,926,189,1663,11,1.2337450075995897,1.3083939876579902
572,1552611600,145,356,211,501,11,1.4584602425733766,-0.7901619533720005
572,1552626000,29,36,7,65,11,-0.6252628453653745,-1.577571927803219
572,1552640400,886,527,0,1413,11,-0.6967631474024886,0.8568974426859612
572,1552654800,727,528,0,1255,11,-0.6967631474024886,0.571551626263639
572,1552669200,815,636,0,1451,11,-0.6967631474024886,0.9255249175217097
572,1552683600,661,758,97,1419,11,0.2940267522546628,0.86773335976529
572,1552698000,157,384,227,541,11,1.6218895043724944,-0.7179225061764758
572,1552712400,23,80,57,103,11,-0.11454640224313158,-1.5089444529674705
572,1552726800,228,182,0,410,11,-0.6967631474024886,-0.954506695741819
572,1552741200,607,338,0,945,11,-0.6967631474024886,0.011695910498323046
572,1552755600,560,513,0,1073,11,-0.6967631474024886,0.24286214152400187
572,1552770000,454,592,138,1046,11,0.712814235614902,0.19410051466702274
572,1552784400,146,336,190,482,11,1.2439593364620347,-0.8244756907898746
572,1552798800,29,100,71,129,11,0.028454201831096454,-1.4619888122903795
572,1552813200,225,123,0,348,11,-0.6967631474024886,-1.0664778388948821
572,1552827600,681,247,0,928,11,-0.6967631474024886,-0.019005854559774923
572,1552842000,856,502,0,1358,11,-0.6967631474024886,0.7575682027921149
572,1552856400,420,453,33,873,11,-0.3596902949418082,-0.1183350944536213
572,1552870800,94,285,191,379,11,1.2541736653244795,-1.0104922673183505
572,1552885200,25,33,8,58,11,-0.6150485165029297,-1.5902138310624359
572,1552899600,930,555,0,1485,11,-0.6967631474024886,0.9869284476379057
572,1552914000,676,484,0,1160,11,-0.6967631474024886,0.39998293917426797
572,1552928400,720,641,0,1361,11,-0.6967631474024886,0.7629861613317792
572,1552942800,608,948,340,1556,11,2.7761086658287635,1.1151534664099618
572,1552957200,120,302,182,422,12,1.1901226360038877,-0.8660362349097966
572,1552971600,22,41,19,63,12,-0.5204756352710683,-1.5252695926425266
572,1552986000,988,582,0,1570,12,-0.719870525787781,1.2420414661408272
572,1553000400,704,517,0,1221,12,-0.719870525787781,0.6011711545844964
572,1553014800,753,607,0,1360,12,-0.719870525787781,0.8564174964364448
572,1553029200,652,953,301,1605,12,2.438964318713825,1.3063121277582244
572,1553043600,149,350,201,499,12,1.3895175265206003,-0.7246407793515232
572,1553058000,23,46,23,69,12,-0.47849776358333934,-1.5142517649366871
572,1553072400,1014,553,0,1567,12,-0.719870525787781,1.2365325522879076
572,1553086800,709,463,0,1172,12,-0.719870525787781,0.5111922283201406
572,1553101200,770,696,0,1466,12,-0.719870525787781,1.051065785906276
572,1553115600,667,899,232,1566,12,1.7148460321005,1.2346962476702676
572,1553130000,145,377,232,522,12,1.7148460321005,-0.6824057731458051
572,1553144400,23,39,16,62,12,-0.551959039036865,-1.5271058972601665
572,1553158800,950,504,0,1454,12,-0.719870525787781,1.029030130494597
572,1553173200,715,502,0,1217,12,-0.719870525787781,0.5938259361139367
572,1553187600,794,702,0,1496,12,-0.719870525787781,1.1061549244354734
572,1553202000,664,942,278,1606,12,2.197591556509383,1.3081484323758643
572,1553216400,167,303,136,470,12,0.7073771115950044,-0.7778936132630807
572,1553230800,29,45,16,74,12,-0.551959039036865,-1.5050702418484876
572,1553245200,834,472,0,1306,12,-0.719870525787781,0.7572570470838893
572,1553259600,726,529,0,1255,12,-0.719870525787781,0.6636055115842536
572,1553274000,808,624,0,1432,12,-0.719870525787781,0.9886314289065188
572,1553288400,656,793,137,1449,12,0.7178715795169366,1.0198486074063973
572,1553302800,192,353,161,545,12,0.9697388096433105,-0.640170766940087
572,1553317200,33,105,72,138,12,0.03573116459134067,-1.3875467463195328
572,1553331600,221,151,0,372,12,-0.719870525787781,-0.9578514657917925
572,1553346000,503,280,0,783,12,-0.719870525787781,-0.20313026794178687
572,1553360400,506,407,0,913,12,-0.719870525787781,0.035589332351402235
572,1553374800,419,451,32,870,12,-0.38404755228594917,-0.043371766207114165
572,1553389200,143,328,185,471,12,1.2216060397696844,-0.7760573086454408
572,1553403600,22,84,62,106,12,-0.06921351462798178,-1.4463084940840103
572,1553418000,154,111,0,265,12,-0.719870525787781,-1.1543360598792636
572,1553432400,474,233,0,707,12,-0.719870525787781,-0.3426894188824205
572,1553446800,456,397,0,853,12,-0.719870525787781,-0.07458894470699275
572,1553461200,270,459,189,729,12,1.2635839114574134,-0.30229071729434237
572,1553475600,100,244,144,344,12,0.7913328549704624,-1.0092679950857102
572,1553490000,21,30,9,51,12,-0.6254203144903908,-1.5473052480542056
572,1553504400,951,544,0,1495,12,-0.719870525787781,1.1043186198178334
572,1553518800,656,439,0,1095,12,-0.719870525787781,0.369796772761867
572,1553533200,796,612,0,1408,12,-0.719870525787781,0.9445601180831608
572,1553547600,605,859,254,1464,12,1.9457243263830093,1.047393176670996
572,1553562000,126,343,217,469,13,1.7321937731134878,-0.7764168340626093
572,1553576400,26,37,11,63,13,-0.578109992105858,-1.4852053053103
572,1553590800,1032,627,0,1659,13,-0.7014757271418425,1.3010666161461393
572,1553605200,715,506,0,1221,13,-0.7014757271418425,0.5364130437163647
572,1553619600,775,644,0,1419,13,-0.7014757271418425,0.8820783572805094
572,1553634000,771,918,147,1689,13,0.9471390956117682,1.353440148504343
572,1553648400,183,383,200,566,13,1.5415376371487846,-0.6070757461044172
572,1553662800,22,45,23,67,13,-0.4435291902484204,-1.4782221676625396
572,1553677200,999,578,0,1577,13,-0.7014757271418425,1.157912294367049
572,1553691600,767,546,0,1313,13,-0.7014757271418425,0.6970252096148561
572,1553706000,785,682,0,1467,13,-0.7014757271418425,0.9658760090536354
572,1553720400,711,923,212,1634,13,1.6761184390062223,1.2574220058476362
572,1553734800,131,398,267,529,13,2.2929471141861444,-0.6716697693462017
572,1553749200,21,32,11,53,13,-0.578109992105858,-1.5026631494297011
572,1553763600,976,579,0,1555,13,-0.7014757271418425,1.1195050373043665
572,1553778000,759,531,0,1290,13,-0.7014757271418425,0.6568721681402333
572,1553792400,783,664,0,1447,13,-0.7014757271418425,0.9309603208148329
572,1553806800,778,906,128,1684,13,0.7340528260041587,1.3447112264446426
572,1553821200,145,409,264,554,13,2.259301913721785,-0.6280251590476986
572,1553835600,19,45,26,64,13,-0.40988398978406104,-1.4834595208983599
572,1553850000,877,563,0,1440,13,-0.7014757271418425,0.918739829931252
572,1553864400,740,519,0,1259,13,-0.7014757271418425,0.6027528513700894
572,1553878800,831,751,0,1582,13,-0.7014757271418425,1.1666412164267497
572,1553893200,667,753,86,1420,13,0.26302001950312703,0.8838241416924495
572,1553907600,168,351,183,519,13,1.3508815011840811,-0.689127613465603
572,1553922000,29,77,48,106,13,-0.16315251971209208,-1.4101365755968747
572,1553936400,233,150,0,383,13,-0.7014757271418425,-0.92655429348946
572,1553950800,538,261,0,799,13,-0.7014757271418425,-0.20030797812236803
572,1553965200,577,410,0,987,13,-0.7014757271418425,0.12789949132237544
572,1553979600,453,481,28,934,13,-0.38745385614115474,0.035372917489548815
572,1553994000,130,293,163,423,13,1.1265801647550184,-0.856722917011855
572,1554008400,15,89,74,104,13,0.12843921764568944,-1.4136281444207548
572,1554022800,148,96,0,244,13,-0.7014757271418425,-1.1692183267491374
572,1554037200,405,222,0,627,13,-0.7014757271418425,-0.5005828969760695
572,1554051600,367,337,0,704,13,-0.7014757271418425,-0.3661574972566799
572,1554066000,232,387,155,619,13,1.0368596301833932,-0.5145491722715905
572,1554080400,86,189,103,275,13,0.45367615546783036,-1.1150990099789935
572,1554094800,27,34,7,61,13,-0.6229702593916706,-1.4886968741341802
572,1554109200,1035,575,0,1610,13,-0.7014757271418425,1.2155231799610733
572,1554123600,672,502,0,1174,13,-0.7014757271418425,0.4543611763551788
572,1554138000,748,591,0,1339,13,-0.7014757271418425,0.7424156043252994
572,1554152400,587,861,274,1448,13,2.3714525819363166,0.932706105226773
572,1554166800,105,322,217,427,14,1.5687960329031039,-0.8830423189130583
572,1554181200,25,42,17,67,14,-0.5601032686132245,-1.5460475757392298
572,1554195600,1020,551,0,1571,14,-0.7410597092421124,1.2238410527789978
572,1554210000,686,470,0,1156,14,-0.7410597092421124,0.459543326159939
572,1554224400,767,672,0,1439,14,-0.7410597092421124,0.9807391252760682
572,1554238800,676,830,154,1506,14,0.8981927529254604,1.1041317702964946
572,1554253200,134,340,206,474,14,1.4517065713197057,-0.7964832992718637
572,1554267600,26,45,19,71,14,-0.5388142755980613,-1.5386808506633836
572,1554282000,998,539,0,1537,14,-0.7410597092421124,1.161223889634304
572,1554296400,712,473,0,1185,14,-0.7410597092421124,0.512952082959825
572,1554310800,785,714,0,1499,14,-0.7410597092421124,1.0912400014137635
572,1554325200,688,937,249,1625,14,1.9094199211457163,1.3232918413029235
572,1554339600,130,340,210,470,14,1.4942845573500323,-0.80385002434771
572,1554354000,26,48,22,74,14,-0.5068807860753163,-1.5331558068564988
572,1554368400,1017,528,0,1545,14,-0.7410597092421124,1.1759573397859966
572,1554382800,689,498,0,1187,14,-0.7410597092421124,0.5166354454977482
572,1554397200,769,608,0,1377,14,-0.7410597092421124,0.8665548866004498
572,1554411600,715,907,192,1622,14,1.3026836202135628,1.3177667974960388
572,1554426000,133,401,268,534,14,2.1116653547897677,-0.6859824231341685
572,1554440400,32,56,24,88,14,-0.485591793060153,-1.5073722690910365
572,1554454800,901,493,0,1394,14,-0.7410597092421124,0.8978634681727968
572,1554469200,733,467,0,1200,14,-0.7410597092421124,0.5405773019942488
572,1554483600,775,655,0,1430,14,-0.7410597092421124,0.964163993855414
572,1554498000,632,812,180,1444,14,1.1749496621225832,0.9899475316208761
572,1554512400,173,370,197,543,14,1.355906102751471,-0.6694072917135142
572,1554526800,28,73,45,101,14,-0.2620573664009385,-1.483430412594536
572,1554541200,282,164,0,446,14,-0.7410597092421124,-0.8480503748027881
572,1554555600,540,269,0,809,14,-0.7410597092421124,-0.1795200741697319
572,1554570000,607,449,0,1056,14,-0.7410597092421124,0.27537519926378023
572,1554584400,426,458,32,884,14,-0.40043582099949987,-0.04139397899761283
572,1554598800,163,353,190,516,14,1.2813946271983996,-0.7191326859754771
572,1554613200,23,99,76,122,14,0.06792202533409236,-1.4447551059463426
572,1554627600,156,144,0,300,14,-0.7410597092421124,-1.11693584007118
572,1554642000,479,256,0,735,14,-0.7410597092421124,-0.31580448807288936
572,1554656400,469,375,0,844,14,-0.7410597092421124,-0.11506122975607633
572,1554670800,300,477,177,777,14,1.1430161725998382,-0.2384538747765027
572,1554685200,91,260,169,351,14,1.057860200539185,-1.023010095354139
572,1554699600,21,40,19,61,14,-0.5388142755980613,-1.5570976633529994
572,1554714000,948,508,0,1456,14,-0.7410597092421124,1.0120477068484153
572,1554728400,689,505,0,1194,14,-0.7410597092421124,0.5295272143804793
572,1554742800,749,685,0,1434,14,-0.7410597092421124,0.9715307189312603
572,1554757200,630,891,261,1521,14,2.0371538792366963,1.1317569893309183
572,1554771600,118,305,187,423,15,1.3088997794560506,-0.8819416299439982
572,1554786000,20,50,30,70,15,-0.40903118108001585,-1.5200903173793188
572,1554800400,1080,579,0,1659,15,-0.7372982436028311,1.3524826694046026
572,1554814800,709,500,0,1209,15,-0.7372982436028311,0.5389786769233159
572,1554829200,792,665,0,1457,15,-0.7372982436028311,0.9873097661130028
572,1554843600,654,864,210,1518,15,1.5605711940568758,1.0975847517604662
572,1554858000,125,332,207,457,15,1.5277444878045943,-0.8204768838454121
572,1554872400,26,36,10,62,15,-0.6278758894285593,-1.534552610578986
572,1554886800,1044,583,0,1627,15,-0.7372982436028311,1.2946334966059334
572,1554901200,760,504,0,1264,15,-0.7372982436028311,0.6384069426710287
572,1554915600,745,636,0,1381,15,-0.7372982436028311,0.8499179807161633
572,1554930000,717,896,179,1613,15,1.2213618961166333,1.2693244835065156
572,1554944400,122,362,240,484,15,1.888838256579691,-0.7716666442965349
572,1554958800,27,47,20,74,15,-0.5184535352542876,-1.512859170779485
572,1554973200,968,559,0,1527,15,-0.7372982436028311,1.1138548316100918
572,1554987600,724,480,0,1204,15,-0.7372982436028311,0.5299397436735238
572,1555002000,788,718,0,1506,15,-0.7372982436028311,1.0758913119609652
572,1555016400,740,907,167,1647,15,1.0900550711075072,1.3307892296051016
572,1555030800,153,347,194,500,15,1.3854954273780409,-0.7427420578972003
572,1555045200,29,40,11,69,15,-0.6169336540111322,-1.5218981040292772
572,1555059600,887,510,0,1397,15,-0.7372982436028311,0.8788425671154979
572,1555074000,725,478,0,1203,15,-0.7372982436028311,0.5281319570235654
572,1555088400,848,656,0,1504,15,-0.7372982436028311,1.0722757386610484
572,1555102800,654,795,141,1449,15,0.8055569502544007,0.9728474729133355
572,1555117200,155,346,191,501,15,1.3526687211257593,-0.7409342712472419
572,1555131600,28,80,52,108,15,-0.16830200189661798,-1.451394424680899
572,1555146000,257,148,0,405,15,-0.7372982436028311,-0.9144817896432497
572,1555160400,575,322,0,897,15,-0.7372982436028311,-0.025050757863709524
572,1555174800,555,402,0,957,15,-0.7372982436028311,0.08341644113379537
572,1555189200,444,509,65,953,15,-0.026052941470064688,0.07618529453396171
572,1555203600,147,349,202,496,15,1.4730333107174582,-0.7499732044970339
572,1555218000,30,108,78,138,15,0.1161961189564886,-1.3971608251821463
572,1555232400,200,127,0,327,15,-0.7372982436028311,-1.055489148340006
572,1555246800,455,232,0,687,15,-0.7372982436028311,-0.4046859543549767
572,1555261200,409,414,5,823,15,-0.6825870665156952,-0.15882696996063222
572,1555275600,298,457,159,755,15,1.0025171877680898,-0.2817564621578044
572,1555290000,102,242,140,344,15,0.7946147148369734,-1.024756775290713
572,1555304400,19,33,14,52,15,-0.5841069477588506,-1.5526304770785702
572,1555318800,938,500,0,1438,15,-0.7372982436028311,0.9529618197637929
572,1555333200,716,519,0,1235,15,-0.7372982436028311,0.5859811298222347
572,1555347600,726,634,0,1360,15,-0.7372982436028311,0.8119544610670366
572,1555362000,574,902,328,1476,15,2.851754973313282,1.0216577124622128
572,1555376400,119,300,181,419,16,1.2901702448036687,-0.8031486386533652
572,1555390800,25,35,10,60,16,-0.6148467572892483,-1.4696616648857084
572,1555405200,1029,605,0,1634,16,-0.7262512603356177,1.452598789960275
572,1555419600,734,536,0,1270,16,-0.7262512603356177,0.7768028524990692
572,1555434000,792,664,0,1456,16,-0.7262512603356177,1.1221271502127623
572,1555448400,686,989,303,1675,16,2.649305181969375,1.5287186620369493
572,1555462800,135,330,195,465,16,1.4461365490685856,-0.7177458553478282
572,1555477200,23,45,22,68,16,-0.481161353633605,-1.4548090069195279
572,1555491600,1017,540,0,1557,16,-0.7262512603356177,1.3096419570357891
572,1555506000,746,472,0,1218,16,-0.7262512603356177,0.680260575718897
572,1555520400,787,727,0,1514,16,-0.7262512603356177,1.2298089204675697
572,1555534800,707,911,204,1618,16,1.546400601810318,1.4228934740279142
572,1555549200,135,367,232,502,16,1.8583332103401524,-0.6490523122542441
572,1555563600,28,46,18,74,16,-0.5257231548521528,-1.4436695134448927
572,1555578000,926,559,0,1485,16,-0.7262512603356177,1.175968035340166
572,1555592400,752,560,0,1312,16,-0.7262512603356177,0.854779306821516
572,1555606800,808,716,0,1524,16,-0.7262512603356177,1.2483747429252952
572,1555621200,717,912,195,1629,16,1.4461365490685856,1.4433158787314122
572,1555635600,155,377,222,532,16,1.7469287072937831,-0.5933548448810678
572,1555650000,35,64,29,99,16,-0.4031782015011464,-1.397254957300579
572,1555664400,652,450,0,1102,16,-0.7262512603356177,0.4648970352092819
572,1555678800,676,473,0,1149,16,-0.7262512603356177,0.5521564007605915
572,1555693200,699,611,0,1310,16,-0.7262512603356177,0.8510661423299709
572,1555707600,555,631,76,1186,16,0.1204229628167898,0.6208499438541756
572,1555722000,172,335,163,507,16,1.0896421393202036,-0.6397694010253814
572,1555736400,21,68,47,89,16,-0.2026500960176815,-1.4158207797583044
572,1555750800,193,92,0,285,16,-0.7262512603356177,-1.051930659586886
572,1555765200,461,178,0,639,16,-0.7262512603356177,-0.39470054458340564
572,1555779600,488,306,0,794,16,-0.7262512603356177,-0.10693029648866144
572,1555794000,364,389,25,753,16,-0.4477400027196942,-0.18305016856533574
572,1555808400,149,309,160,458,16,1.0562207884062929,-0.730741931068236
572,1555822800,28,90,62,118,16,-0.035543341448127375,-1.3619798946309007
572,1555837200,144,78,0,222,16,-0.7262512603356177,-1.1688953410705563
572,1555851600,464,171,0,635,16,-0.7262512603356177,-0.40212687356649585
572,1555866000,382,318,0,700,16,-0.7262512603356177,-0.28144902759128054
572,1555880400,237,398,161,635,16,1.06736123871093,-0.40212687356649585
572,1555894800,92,260,168,352,16,1.1453443908433885,-0.9275396491201257
572,1555909200,20,37,17,57,16,-0.5368636051567898,-1.4752314116230258
572,1555923600,744,455,0,1199,16,-0.7262512603356177,0.6449855130492186
572,1555938000,641,427,0,1068,16,-0.7262512603356177,0.4017732388530154
572,1555952400,562,586,24,1148,16,-0.45888045302433117,0.5502998185148189
572,1555966800,513,737,224,1250,16,1.769209607903057,0.7396712075836184
572,1555981200,116,268,152,384,17,0.7961538779176235,-0.9351454683128543
572,1555995600,28,37,9,65,17,-0.5983343666939971,-1.5940504898461503
572,1556010000,861,509,0,1370,17,-0.686099361110113,1.1014700527900605
572,1556024400,643,447,0,1090,17,-0.686099361110113,0.5231208175884214
572,1556038800,628,572,0,1200,17,-0.686099361110113,0.750329445703351
572,1556053200,609,927,318,1536,17,2.414930441592652,1.4443485279453179
572,1556067600,148,313,165,461,17,0.9229255365186799,-0.7760994286324034
572,1556082000,24,39,15,63,17,-0.5398243704165864,-1.5981815558118762
572,1556096400,825,515,0,1340,17,-0.686099361110113,1.0395040633041706
572,1556110800,664,398,0,1062,17,-0.686099361110113,0.46528589406825754
572,1556125200,632,572,0,1204,17,-0.686099361110113,0.7585915776348031
572,1556139600,578,890,312,1468,17,2.356420445315241,1.3038922851106343
572,1556154000,118,348,230,466,17,1.556783829523962,-0.7657717637180885
572,1556168400,28,39,11,67,17,-0.5788310346015269,-1.5899194238804242
572,1556182800,797,503,0,1300,17,-0.686099361110113,0.9568827439896508
572,1556197200,653,419,0,1072,17,-0.686099361110113,0.4859412238968875
572,1556211600,636,545,0,1181,17,-0.686099361110113,0.7110843190289542
572,1556226000,616,873,257,1489,17,1.82007881277231,1.347268477750757
572,1556240400,151,351,200,502,17,1.2642338481369086,-0.6914125763350206
572,1556254800,20,64,44,84,17,-0.25702605507576826,-1.5548053631717533
572,1556269200,722,408,0,1130,17,-0.686099361110113,0.6057421369029413
572,1556283600,657,452,0,1109,17,-0.686099361110113,0.5623659442628184
572,1556298000,613,537,0,1150,17,-0.686099361110113,0.6470527965602012
572,1556312400,571,643,72,1214,17,0.01602059421881478,0.7792469074634331
572,1556326800,148,341,193,489,17,1.195972185813263,-0.7182645051122396
572,1556341200,34,72,38,106,17,-0.3155360513531789,-1.5093636375487673
572,1556355600,240,160,0,400,17,-0.686099361110113,-0.9020969405870463
572,1556370000,555,345,0,900,17,-0.686099361110113,0.13066955084445206
572,1556384400,548,463,0,1011,17,-0.686099361110113,0.3599437119422447
572,1556398800,512,567,55,1079,17,-0.14975772856718206,0.5003999547769284
572,1556413200,165,431,266,596,17,1.9078438071884258,-0.49725247594589894
572,1556427600,35,101,66,136,17,-0.042489402058595874,-1.4473976480628774
572,1556442000,170,123,0,293,17,-0.686099361110113,-1.123108969753387
572,1556456400,462,235,0,697,17,-0.686099361110113,-0.28863364467673625
572,1556470800,469,421,0,890,17,-0.686099361110113,0.1100142210158221
572,1556485200,260,344,84,604,17,0.1330405867736361,-0.48072821208299493
572,1556499600,105,282,177,387,17,1.0399455290735011,-0.9289488693642652
572,1556514000,29,39,10,68,17,-0.588582700647762,-1.5878538908975612
572,1556528400,953,573,0,1526,17,-0.686099361110113,1.423693198116688
572,1556542800,680,487,0,1167,17,-0.686099361110113,0.6821668572688722
572,1556557200,690,612,0,1302,17,-0.686099361110113,0.9610138099553768
572,1556571600,602,883,281,1485,17,2.0541187978819524,1.339006345819305
572,1556586000,57,163,106,220,18,0.20294786823784458,-1.3136479194437145
572,1556600400,149,400,251,549,18,1.5276558184720073,-0.7055818953624722
572,1556614800,982,544,0,1526,18,-0.7654593229678192,1.1001339269091805
572,1556629200,720,463,0,1183,18,-0.7654593229678192,0.46619275286703427
572,1556643600,768,628,0,1396,18,-0.7654593229678192,0.8598646772722154
572,1556658000,675,973,298,1648,18,1.9570439126858394,1.325617376568486
572,1556672400,135,417,282,552,18,1.810869242315173,-0.7000372203708499
572,1556686800,26,49,23,75,18,-0.5553332343099865,-1.5816405440387908
572,1556701200,967,601,0,1568,18,-0.7654593229678192,1.1777593767918921
572,1556715600,771,534,0,1305,18,-0.7654593229678192,0.6916762025263399
572,1556730000,751,661,0,1412,18,-0.7654593229678192,0.8894362772275342
572,1556744400,702,962,260,1664,18,1.609879070555507,1.3551889765238048
572,1556758800,106,395,289,501,18,1.8748206606023397,-0.7942966952284285
572,1556773200,22,49,27,71,18,-0.5187895667173199,-1.5890334440276206
572,1556787600,998,523,0,1521,18,-0.7654593229678192,1.0908928019231434
572,1556802000,732,497,0,1229,18,-0.7654593229678192,0.5512111027385758
572,1556816400,840,646,0,1486,18,-0.7654593229678192,1.0262049270208835
572,1556830800,728,887,159,1615,18,0.6871514638406764,1.264625951660641
572,1556845200,149,386,237,535,18,1.3997529818976744,-0.7314570453233761
572,1556859600,29,60,31,89,18,-0.4822458991246534,-1.5557653940778868
572,1556874000,933,538,0,1471,18,-0.7654593229678192,0.9984815520627721
572,1556888400,769,543,0,1312,18,-0.7654593229678192,0.7046137775067919
572,1556902800,804,587,0,1391,18,-0.7654593229678192,0.8506235522861783
572,1556917200,666,855,189,1521,18,0.9612289707856756,1.0908928019231434
572,1556931600,170,421,251,591,18,1.5276558184720073,-0.6279564454797604
572,1556946000,35,112,77,147,18,-0.06199372180898796,-1.4485683442398563
572,1556960400,270,179,0,449,18,-0.7654593229678192,-0.8904043950832145
572,1556974800,559,342,0,901,18,-0.7654593229678192,-0.05500669634545913
572,1556989200,574,438,0,1012,18,-0.7654593229678192,0.15014627834456487
572,1557003600,471,493,22,964,18,-0.5644691512081531,0.06143147847860854
572,1557018000,157,371,214,528,18,1.1896268932398417,-0.7443946203038281
572,1557032400,30,121,91,151,18,0.06590911476534499,-1.4411754442510267
572,1557046800,144,106,0,250,18,-0.7654593229678192,-1.2582011695274917
572,1557061200,449,216,0,665,18,-0.7654593229678192,-0.491187795686411
572,1557075600,407,412,5,819,18,-0.719779738476986,-0.20656114611646784
572,1557090000,252,487,235,739,18,1.3814811481013411,-0.3544191458930617
572,1557104400,105,280,175,385,18,0.8333261342113426,-1.0086907949044897
572,1557118800,22,45,23,67,18,-0.5553332343099865,-1.5964263440164501
572,1557133200,965,510,0,1475,18,-0.7654593229678192,1.0058744520516019
572,1557147600,673,501,0,1174,18,-0.7654593229678192,0.44955872789216744
572,1557162000,771,648,0,1419,18,-0.7654593229678192,0.9023738522079862
572,1557176400,621,895,274,1516,18,1.7377819071298402,1.0816516769371063
572,1557190800,164,356,192,520,19,1.3610883744770885,-0.7592077428959288
572,1557205200,29,43,14,72,19,-0.5800594102597894,-1.5965613706995514
572,1557219600,971,610,0,1581,19,-0.7327339551267348,1.2238998443800608
572,1557234000,727,493,0,1220,19,-0.7327339551267348,0.5491573005472312
572,1557248400,770,687,0,1457,19,-0.7327339551267348,0.9921323223987012
572,1557262800,736,984,248,1720,19,1.97178655394487,1.4837037601494885
572,1557277200,176,363,187,539,19,1.3065617513103223,-0.723694977431043
572,1557291600,33,48,15,81,19,-0.5691540856264361,-1.5797395344267107
572,1557306000,982,565,0,1547,19,-0.7327339551267348,1.1603506851271075
572,1557320400,748,478,0,1226,19,-0.7327339551267348,0.5603718580624583
572,1557334800,782,691,0,1473,19,-0.7327339551267348,1.0220378091059734
572,1557349200,746,924,178,1670,19,1.208413829610143,1.3902491141892628
572,1557363600,190,432,242,622,19,1.9063546061447505,-0.5685602651370684
572,1557378000,32,50,18,82,19,-0.5364381117263763,-1.5778704415075062
572,1557392400,1001,560,0,1561,19,-0.7327339551267348,1.1865179859959707
572,1557406800,729,457,0,1186,19,-0.7327339551267348,0.4856081412942777
572,1557421200,771,609,0,1380,19,-0.7327339551267348,0.8482121676199535
572,1557435600,674,909,235,1583,19,1.830017333711278,1.22763803021847
572,1557450000,184,415,231,599,19,1.786396035177865,-0.6115494022787722
572,1557464400,27,55,28,82,19,-0.42738486539284387,-1.5778704415075062
572,1557478800,903,548,0,1451,19,-0.7327339551267348,0.980917764883474
572,1557493200,707,444,0,1151,19,-0.7327339551267348,0.42018988912211974
572,1557507600,781,654,0,1435,19,-0.7327339551267348,0.9510122781762018
572,1557522000,654,740,86,1394,19,0.2051239633416444,0.8743794684888168
572,1557536400,246,441,195,687,19,1.3938043483771483,-0.44706922538877497
572,1557550800,37,119,82,156,19,0.16150266480823142,-1.4395575654863721
572,1557565200,277,171,0,448,19,-0.7327339551267348,-0.8937824330786539
572,1557579600,643,348,0,991,19,-0.7327339551267348,0.12113502204939743
572,1557594000,638,467,0,1105,19,-0.7327339551267348,0.3342116148387121
572,1557608400,568,607,39,1175,19,-0.30742629442595815,0.4650481191830281
572,1557622800,212,381,169,593,19,1.1102659079099637,-0.6227639597939993
572,1557637200,30,92,62,122,19,-0.05660382785883351,-1.5031067247393257
572,1557651600,155,122,0,277,19,-0.7327339551267348,-1.213397322262626
572,1557666000,424,218,0,642,19,-0.7327339551267348,-0.5311784067529781
572,1557680400,361,332,0,693,19,-0.7327339551267348,-0.4358546678735479
572,1557694800,293,441,148,734,19,0.8812540906095456,-0.3592218581861628
572,1557709200,108,270,162,378,19,1.0339286354764912,-1.02461893742297
572,1557723600,25,43,18,68,19,-0.5364381117263763,-1.6040377423763694
572,1557738000,886,510,0,1396,19,-0.7327339551267348,0.8781176543272258
572,1557752400,676,470,0,1146,19,-0.7327339551267348,0.41084442452609715
572,1557766800,698,546,0,1244,19,-0.7327339551267348,0.5940155306081396
572,1557781200,570,843,273,1413,19,2.244419669778701,0.9098922339537026
572,1557795600,127,314,187,441,20,1.2731224725175234,-0.9058817624821933
572,1557810000,35,38,3,73,20,-0.6640089446148689,-1.552086060304909
572,1557824400,961,540,0,1501,20,-0.6955926090246362,0.9554675736375854
572,1557838800,740,499,0,1239,20,-0.6955926090246362,0.4953982094268476
572,1557853200,771,681,0,1452,20,-0.6955926090246362,0.869424066590539
572,1557867600,627,921,294,1548,20,2.399606503132556,1.0379991008051603
572,1557882000,145,393,248,538,20,1.915323648849458,-0.7355507383278362
572,1557896400,23,40,17,63,20,-0.5166185107026217,-1.5696459597022654
572,1557910800,1004,522,0,1526,20,-0.6955926090246362,0.9993673221309763
572,1557925200,736,533,0,1269,20,-0.6955926090246362,0.5480779076189168
572,1557939600,861,777,0,1638,20,-0.6955926090246362,1.1960381953813681
572,1557954000,743,963,220,1706,20,1.6205427810249635,1.3154455112833916
572,1557968400,158,419,261,577,20,2.0521861946251163,-0.6670671306781463
572,1557982800,34,45,11,79,20,-0.5797858395221562,-1.541550120666495
572,1557997200,937,572,0,1509,20,-0.6955926090246362,0.9695154931554705
572,1558011600,728,530,0,1258,20,-0.6955926090246362,0.5287620182818248
572,1558026000,790,656,0,1446,20,-0.6955926090246362,0.8588881269521251
572,1558040400,706,854,148,1560,20,0.862534835190549,1.0590709800819882
572,1558054800,179,392,213,571,20,1.54684756406884,-0.6776030703165601
572,1558069200,33,69,36,102,20,-0.316588636107429,-1.5011623520525754
572,1558083600,1234,512,0,1746,20,-0.6955926090246362,1.3856851088728173
572,1558098000,1024,385,0,1409,20,-0.6955926090246362,0.7939164991819064
572,1558112400,1205,604,0,1809,20,-0.6955926090246362,1.4963124750761625
572,1558126800,952,715,0,1667,20,-0.6955926090246362,1.2469619036337016
572,1558141200,215,358,143,573,20,0.8098953945076035,-0.6740910904370888
572,1558155600,32,108,76,140,20,0.10452688935613455,-1.4344347343426211
572,1558170000,301,135,0,436,20,-0.6955926090246362,-0.9146617121808716
572,1558184400,592,364,0,956,20,-0.6955926090246362,-0.0015469435183385878
572,1558198800,607,517,0,1124,20,-0.6955926090246362,0.29345936635724895
572,1558213200,481,580,99,1061,20,0.3466683164976836,0.18283200015390363
572,1558227600,133,273,140,406,20,0.7783117300978363,-0.9673414103729407
572,1558242000,37,111,74,148,20,0.08347111308295636,-1.4203868148247358
572,1558256400,185,109,0,294,20,-0.6955926090246362,-1.1640122836233324
572,1558270800,508,224,0,732,20,-0.6955926090246362,-0.394888690019122
572,1558285200,491,446,0,937,20,-0.6955926090246362,-0.03491075237331575
572,1558299600,319,465,146,784,20,0.8414790589173707,-0.30357721315286873
572,1558314000,124,282,158,406,20,0.9678137165564398,-0.9673414103729407
572,1558328400,36,43,7,79,20,-0.6218973920685126,-1.541550120666495
572,1558342800,918,499,0,1417,20,-0.6955926090246362,0.8079644186997915
572,1558357200,680,478,0,1158,20,-0.6955926090246362,0.35316302430826074
572,1558371600,771,628,0,1399,20,-0.6955926090246362,0.7763565997845501
572,1558386000,559,853,294,1412,20,2.399606503132556,0.7991844690011134
572,1558400400,152,312,160,464,21,1.2145898174008367,-0.6539136876058361
572,1558414800,23,54,31,77,21,-0.31673221804277707,-1.3609326902442371
572,1558429200,966,534,0,1500,21,-0.6847243350873664,1.238778009379651
572,1558443600,681,510,0,1191,21,-0.6847243350873664,0.6742589607613928
572,1558458000,788,606,0,1394,21,-0.6847243350873664,1.0451242257112519
572,1558472400,668,904,236,1572,21,2.1167640398327334,1.3703164284751674
572,1558486800,170,357,187,527,21,1.535099080633221,-0.5388175708972591
572,1558501200,35,58,23,93,21,-0.4116979256671872,-1.3317019304452336
572,1558515600,986,576,0,1562,21,-0.6847243350873664,1.3520472036007902
572,1558530000,739,470,0,1209,21,-0.6847243350873664,0.7071435655352719
572,1558544400,1238,692,0,1930,21,-0.6847243350873664,2.0243546789778746
572,1558558800,1158,870,0,2028,21,-0.6847243350873664,2.2033930827467723
572,1558573200,164,418,254,582,21,2.330436881987656,-0.4383368340881841
572,1558587600,26,51,25,77,21,-0.3879564987610847,-1.3609326902442371
572,1558602000,906,557,0,1463,21,-0.6847243350873664,1.1711818773444551
572,1558616400,710,469,0,1179,21,-0.6847243350873664,0.6523358909121401
572,1558630800,785,653,0,1438,21,-0.6847243350873664,1.1255088151585118
572,1558645200,666,848,182,1514,21,1.4757455133679647,1.2643549242037793
572,1558659600,149,406,257,555,21,2.36604902234681,-0.48766374124900275
572,1558674000,25,51,26,76,21,-0.3760857853080334,-1.3627596127316748
572,1558687244,449,326,0,775,21,-0.6847243350873664,-0.0857407940127024
572,1558688400,838,461,0,1299,21,-0.6847243350873664,0.8715665894046675
572,1558689000,43,18,0,61,21,-0.6847243350873664,-1.3901634500432407
572,1558702800,678,420,0,1098,21,-0.6847243350873664,0.5043551694296841
572,1558717200,875,682,0,1557,21,-0.6847243350873664,1.3429125911636015
572,1558731600,615,656,41,1271,21,-0.19802508351226433,0.8204127597564111
572,1558746000,192,399,207,591,21,1.7725133496942465,-0.4218945317012445
572,1558760400,28,93,65,121,21,0.08687203936096613,-1.280548100796977
572,1558774800,208,156,0,364,21,-0.6847243350873664,-0.836605936349609
572,1558789200,509,264,0,773,21,-0.6847243350873664,-0.08939463898757787
572,1558803600,459,449,0,908,21,-0.6847243350873664,0.15723989681651554
572,1558818000,356,464,108,820,21,0.5973127178421708,-0.003529282078004609
572,1558832400,168,317,149,485,21,1.0840119694172727,-0.6155483153696438
572,1558846800,24,77,53,101,21,-0.05557652207564911,-1.3170865505457316
572,1558861200,166,99,0,265,21,-0.6847243350873664,-1.0174712626059441
572,1558875600,502,187,0,689,21,-0.6847243350873664,-0.2428561279323471
572,1558890000,429,372,0,801,21,-0.6847243350873664,-0.03824080933932146
572,1558904400,268,489,221,757,21,1.9387033380369643,-0.11862539878658153
572,1558918800,129,289,160,418,21,1.2145898174008367,-0.7379521220279716
572,1558933200,20,50,30,70,21,-0.3286029314958283,-1.3737211476563012
572,1558947600,179,145,0,324,21,-0.6847243350873664,-0.9096828358471182
572,1558962000,432,204,0,636,21,-0.6847243350873664,-0.33968301976654675
572,1558976400,416,415,0,831,21,-0.6847243350873664,0.01656686528381041
572,1558990800,298,421,123,719,21,0.7753734196379397,-0.1880484533092152
572,1559005200,121,312,191,433,22,0.8886266390309671,-0.9614348193507568
572,1559019600,27,44,17,71,22,-0.4892820132156503,-1.6646462011475003
572,1559034000,888,541,0,1429,22,-0.6239052723431934,0.9733677670292334
572,1559048400,629,493,0,1122,22,-0.6239052723431934,0.37699789351652563
572,1559062800,775,599,0,1374,22,-0.6239052723431934,0.8665262587451978
572,1559077200,566,927,361,1493,22,2.234859230306398,1.097692431214293
572,1559091600,174,327,153,501,22,0.5877040598046943,-0.8293398636541309
572,1559106000,28,41,13,69,22,-0.5209580741868369,-1.6685313469032834
572,1559120400,1004,523,0,1527,22,-0.6239052723431934,1.163739909062606
572,1559134800,675,475,0,1150,22,-0.6239052723431934,0.4313899340974892
572,1559149200,752,616,0,1368,22,-0.6239052723431934,0.8548708214778485
572,1559163600,597,816,219,1413,22,1.1103590658292735,0.9422866009829686
572,1559178000,400,980,580,1380,22,3.9691235684788646,0.8781816960125471
572,1559192400,40,53,13,93,22,-0.5209580741868369,-1.621909597833886
572,1559206800,931,541,0,1472,22,-0.6239052723431934,1.0568984007785704
572,1559221200,702,519,0,1221,22,-0.6239052723431934,0.5693126084277897
572,1559235600,778,645,0,1423,22,-0.6239052723431934,0.9617123297618841
572,1559250000,581,856,275,1437,22,1.5538239194258858,0.9889083500523659
572,1559264400,186,339,153,525,22,0.5877040598046943,-0.7827181145847336
572,1559278800,44,53,9,97,22,-0.5526341351580235,-1.6141393063223197
572,1559293200,881,528,0,1409,22,-0.6239052723431934,0.9345163094714023
572,1559307600,700,489,0,1189,22,-0.6239052723431934,0.5071502763352599
572,1559322000,836,662,0,1498,22,-0.6239052723431934,1.1074052956037508
572,1559336400,622,779,157,1401,22,0.6193801207758809,0.9189757264482699
572,1559350800,277,395,118,672,22,0.3105385263068115,-0.4971599015346748
572,1559365200,35,95,60,130,22,-0.1487643577753943,-1.5500344013518985
572,1559379600,244,160,0,404,22,-0.6239052723431934,-1.0177694328096119
572,1559394000,571,331,0,902,22,-0.6239052723431934,-0.050368139619616815
572,1559408400,569,482,0,1051,22,-0.6239052723431934,0.2390752191862251
572,1559422800,440,543,103,983,22,0.19175329766486174,0.10698026348959926
572,1559437200,238,393,155,631,22,0.6035420902902876,-0.5768053895282286
572,1559451600,22,102,80,124,22,0.009615947080538742,-1.5616898386192477
572,1559466000,184,106,0,290,22,-0.6239052723431934,-1.2392227408892493
572,1559480400,458,244,0,702,22,-0.6239052723431934,-0.4388827151979281
572,1559494800,488,456,0,944,22,-0.6239052723431934,0.031219921251828556
572,1559509200,294,570,276,864,22,1.5617429346686826,-0.12418590897949597
572,1559523600,228,288,60,516,22,-0.1487643577753943,-0.8002012704857576
572,1559538000,31,42,11,73,22,-0.5367961046724302,-1.6607610553917171
572,1559552400,1005,564,0,1569,22,-0.6239052723431934,1.2453279699340514
572,1559566800,684,424,0,1108,22,-0.6239052723431934,0.34980187322604384
572,1559581200,758,684,0,1442,22,-0.6239052723431934,0.9986212144418237
572,1559595600,584,889,305,1473,22,1.7913943767097855,1.058840973656462
572,1559610000,139,344,205,483,23,1.3101461154602785,-0.833051099967719
572,1559624400,37,48,11,85,23,-0.6087638436284205,-1.6413169796638072
572,1559638800,883,503,0,1386,23,-0.7175680165664395,1.000778270297526
572,1559653200,695,448,0,1143,23,-0.7175680165664395,0.507289303548407
572,1559667600,646,512,0,1158,23,-0.7175680165664395,0.5377515854465007
572,1559682000,585,864,279,1449,23,2.0421014606796795,1.1287198542695198
572,1559696400,165,406,241,571,23,1.666232499621068,-0.6543390461655689
572,1559710800,32,58,26,90,23,-0.4603945168947582,-1.6311628856977758
572,1559722808,413,286,0,699,23,-0.7175680165664395,-0.3943942406351687
572,1559725200,981,547,0,1528,23,-0.7175680165664395,1.2891545389328138
572,1559739600,702,470,0,1172,23,-0.7175680165664395,0.5661830485513882
572,1559754000,711,618,0,1329,23,-0.7175680165664395,0.8850215990847697
572,1559768400,616,892,276,1508,23,2.0124275953329467,1.2485381630686887
572,1559782800,153,364,211,517,23,1.3694938461537434,-0.7640032609987064
572,1559797200,26,61,35,87,23,-0.3713729208545608,-1.6372553420773945
572,1559808824,397,236,0,633,23,-0.7175680165664395,-0.5284282809867813
572,1559811600,916,550,0,1466,23,-0.7175680165664395,1.1632437737540262
572,1559826000,684,449,0,1133,23,-0.7175680165664395,0.48698111561634444
572,1559840400,700,572,0,1272,23,-0.7175680165664395,0.7692649278720134
572,1559854800,698,853,155,1551,23,0.8155816930147377,1.3358633711765575
572,1559869200,157,412,255,569,23,1.8047105379058195,-0.6584006837519814
572,1559883600,31,54,23,85,23,-0.4900683822414907,-1.6413169796638072
572,1559898000,867,531,0,1398,23,-0.7175680165664395,1.025148095816001
572,1559912400,728,503,0,1231,23,-0.7175680165664395,0.6860013573505571
572,1559926800,806,648,0,1454,23,-0.7175680165664395,1.1388739482355512
572,1559941200,650,713,63,1363,23,-0.09441684428505785,0.9540694380537823
572,1559955600,185,455,270,640,23,1.9530798646394818,-0.5142125494343375
572,1559970000,27,110,83,137,23,0.10340892469315857,-1.535714402417082
572,1559984400,282,193,0,475,23,-0.7175680165664395,-0.849297650313369
572,1559998800,586,316,0,902,23,-0.7175680165664395,0.017861974385700356
572,1560013200,604,566,0,1170,23,-0.7175680165664395,0.5621214109649757
572,1560027600,468,543,75,1011,23,0.024278617101872003,0.23922122284518177
572,1560042000,200,441,241,641,23,1.666232499621068,-0.5121817306411313
572,1560056400,19,103,84,122,23,0.11330021314206938,-1.5661766843151759
572,1560070800,210,124,0,334,23,-0.7175680165664395,-1.1356431001554506
572,1560085200,497,229,0,726,23,-0.7175680165664395,-0.3395621332185999
572,1560099600,498,442,0,940,23,-0.7175680165664395,0.0950330885275379
572,1560114000,297,526,229,823,23,1.5475370382341382,-0.14257271027759352
572,1560128400,122,294,172,416,23,0.9837335966462216,-0.9691159591125379
572,1560142800,22,48,26,70,23,-0.4603945168947582,-1.671779261561901
572,1560157200,961,507,0,1468,23,-0.7175680165664395,1.1673054113404386
572,1560171600,679,476,0,1155,23,-0.7175680165664395,0.531659129066882
572,1560186000,803,648,0,1451,23,-0.7175680165664395,1.1327814918559325
572,1560200400,614,846,232,1460,23,1.5772109035808708,1.1510588609947887
572,1560214800,156,277,121,433,24,0.760624103565856,-1.1378912615233954
572,1560229200,39,49,10,88,24,-0.5983984396262569,-1.732135326197865
572,1560243600,924,568,0,1492,24,-0.7208329029768977,0.6861796500425849
572,1560258000,749,483,0,1232,24,-0.7208329029768977,0.2383435433313905
572,1560272400,799,705,0,1504,24,-0.7208329029768977,0.7068490088138708
572,1560286800,705,949,244,1654,24,2.266568002778738,0.9652159934549445
572,1560301200,236,420,184,656,24,1.531961222674893,-0.7537856776903324
572,1560315600,40,51,11,91,24,-0.5861549932911928,-1.7269679865050434
572,1560330000,978,590,0,1568,24,-0.7208329029768977,0.8170855889273956
572,1560344400,748,533,0,1281,24,-0.7208329029768977,0.3227434249808079
572,1560358800,736,633,0,1369,24,-0.7208329029768977,0.47431872263690444
572,1560373200,708,844,136,1552,24,0.9442757985918172,0.7895264438990144
572,1560387600,179,366,187,545,24,1.5686915616800854,-0.944977246324727
572,1560402000,27,53,26,80,24,-0.4025032982652316,-1.7459148987120554
572,1560416400,958,531,0,1489,24,-0.7208329029768977,0.6810123103497634
572,1560430800,734,531,0,1265,24,-0.7208329029768977,0.2951842799524267
572,1560445200,801,626,0,1427,24,-0.7208329029768977,0.5742206233647863
572,1560459600,659,843,184,1502,24,1.531961222674893,0.7034041156853231
572,1560474000,213,411,198,624,24,1.70336947136579,-0.8089039677470948
572,1560488400,35,63,28,98,24,-0.37801640559510347,-1.7149108605551266
572,1560502800,845,480,0,1325,24,-0.7208329029768977,0.39853107380885616
572,1560517200,1505,540,0,2045,24,-0.7208329029768977,1.6386926000860098
572,1560531600,835,664,0,1499,24,-0.7208329029768977,0.6982367759925017
572,1560546000,672,756,84,1428,24,0.307616589168485,0.5759430699290601
572,1561165200,9446,7042,0,16488,25,-0.6992558180428692,4.094840414591236
572,1561179600,25,100,75,125,25,-0.07492026621887884,-0.41801534204001506
572,1561194000,249,179,0,428,25,-0.6992558180428692,-0.3344490464793435
572,1561208400,650,281,0,931,25,-0.6992558180428692,-0.19572347992152894
572,1561222800,565,497,0,1062,25,-0.6992558180428692,-0.1595941574184003
572,1561237200,407,585,178,992,25,0.7825005582860679,-0.17889990226740032
572,1561251600,181,453,272,634,25,1.5650011165721358,-0.2776349973522862
572,1561266000,29,119,90,148,25,0.049946844145919225,-0.4116720258753436
572,1561280400,180,136,0,316,25,-0.6992558180428692,-0.36533823823774353
572,1561294800,502,249,0,751,25,-0.6992558180428692,-0.24536682381895758
572,1561309200,515,418,0,933,25,-0.6992558180428692,-0.1951718872115575
572,1561323600,315,620,305,935,25,1.8397087593746915,-0.19462029450158608
572,1561338000,121,312,191,433,25,0.8907187206022262,-0.3330700647044149
572,1561352400,24,55,31,79,25,-0.44119712328895316,-0.4307019743693579
572,1561366800,850,497,0,1347,25,-0.6992558180428692,-0.08099219624747159
572,1561381200,673,451,0,1124,25,-0.6992558180428692,-0.14249478340928598
572,1561395600,696,598,0,1294,25,-0.6992558180428692,-0.09560940306171448
572,1561410000,571,941,370,1512,25,2.380799570955483,-0.03548579767482866
572,1561424400,151,344,193,495,26,1.0845434942466763,-0.7851930169934198
572,1561438800,34,50,16,84,26,-0.5765036509240444,-1.6775093947543074
572,1561453200,853,455,0,1308,26,-0.7266548052897593,0.9798999638328616
572,1561467600,684,455,0,1139,26,-0.7266548052897593,0.6129864167730319
572,1561482000,727,626,0,1353,26,-0.7266548052897593,1.0775988373103311
572,1561496400,606,897,291,1503,26,2.00421931473668,1.403261748901896
572,1561510800,157,410,253,567,26,1.647610323118107,-0.6288748194294687
572,1561525200,30,57,27,87,26,-0.4732747322976155,-1.6709961365224761
572,1561535772,373,302,0,675,26,-0.7266548052897593,-0.39439752308354203
572,1561539600,703,335,0,1038,26,-0.7266548052897593,0.3937067229680449
572,1561554000,951,482,0,1433,26,-0.7266548052897593,1.251285723492499
572,1561568400,727,610,0,1337,26,-0.7266548052897593,1.0428614600738975
572,1561582800,615,839,224,1454,26,1.3754613558302486,1.296878531115318
572,1561597200,164,427,263,591,26,1.7414547945966787,-0.5767687535748183
572,1561611600,29,61,32,90,26,-0.42635249655832963,-1.664482878290645
572,1561626000,876,440,0,1316,26,-0.7266548052897593,0.9972686524510783
572,1561640400,700,470,0,1170,26,-0.7266548052897593,0.6802900851686219
572,1561654800,687,593,0,1280,26,-0.7266548052897593,0.9191095536691029
572,1561669200,659,925,266,1584,26,1.7696081360402502,1.5791197211613408
572,1561683600,196,452,256,648,26,1.6757636645616785,-0.45301684717002366
572,1561698000,46,76,30,122,26,-0.44512139085404395,-1.5950081238177778
572,1561708881,330,263,0,593,26,-0.7266548052897593,-0.5724265814202641
572,1561712400,582,273,0,855,26,-0.7266548052897593,-0.0036020291736642103
572,1561726800,700,416,0,1116,26,-0.7266548052897593,0.5630514369956586
572,1561741200,754,644,0,1398,26,-0.7266548052897593,1.1752977107878004
572,1561755600,666,831,165,1497,26,0.8217789741066752,1.3902352324382332
572,1561770000,200,432,232,632,26,1.4505369330131062,-0.48775422440645727
572,1561784400,37,112,75,149,26,-0.022821269200470916,-1.536388799731296
572,1561798800,252,199,0,451,26,-0.7266548052897593,-0.8807208043936121
572,1561813200,546,282,0,828,26,-0.7266548052897593,-0.06222135326014588
572,1561827600,550,429,0,979,26,-0.7266548052897593,0.26561264440869603
572,1561842000,411,458,47,869,26,-0.2855857893404719,0.026793175908215176
572,1561856400,219,373,154,592,26,0.7185500554802462,-0.5745976674975413
572,1561870800,27,112,85,139,26,0.07102320227810087,-1.558099660504067
572,1561885200,188,127,0,315,26,-0.7266548052897593,-1.1759885109032977
572,1561899600,581,253,0,834,26,-0.7266548052897593,-0.04919483679648329
572,1561914000,541,432,0,973,26,-0.7266548052897593,0.25258612794503343
572,1561928400,283,476,193,759,26,1.0845434942466763,-0.2120262925922657
572,1561942800,124,365,241,489,26,1.5349969573438207,-0.7982195334570824
572,1561957200,32,77,45,109,26,-0.3043546836361863,-1.62323224282238
572,1561971600,768,475,0,1243,26,-0.7266548052897593,0.8387793688098502
572,1561986000,658,428,0,1086,26,-0.7266548052897593,0.49791885467734565
572,1562000400,592,508,0,1100,26,-0.7266548052897593,0.528314059759225
572,1562014800,547,866,319,1413,26,2.266983834876681,1.2078640019469569
572,1562029200,169,355,186,524,27,1.5666707466498404,-0.6337544611771088
572,1562043600,31,65,34,96,27,-0.2688267843856855,-1.640770300841186
572,1562058000,816,494,0,1310,27,-0.679398600538369,1.2155783658695378
572,1562072400,642,409,0,1051,27,-0.679398600538369,0.6061926124279583
572,1562086800,639,544,0,1183,27,-0.679398600538369,0.9167675910159447
572,1562101200,585,861,276,1446,27,2.6534784952892965,1.535564707445039
572,1562115600,198,377,179,575,27,1.4821412550889939,-0.5137595830862958
572,1562130000,40,77,37,117,27,-0.232599859431037,-1.5913606451567337
572,1562144400,784,497,0,1281,27,-0.679398600538369,1.147345984210056
572,1562158800,654,423,0,1077,27,-0.679398600538369,0.6673664718468041
572,1562173200,671,695,24,1366,27,-0.38958320090118065,1.3473374476947442
572,1562187600,586,698,112,1284,27,0.6730732644351765,1.1544045064506918
572,1562202000,165,358,193,523,27,1.651200238210687,-0.6361073019239875
572,1562216400,26,74,48,100,27,-0.09976780126399237,-1.6313589378536713
572,1562230800,245,144,0,389,27,-0.679398600538369,-0.9513879620057313
572,1562245200,481,187,0,668,27,-0.679398600538369,-0.2949453936265781
572,1562259600,452,342,0,794,27,-0.679398600538369,0.001512540480136221
572,1562274000,383,418,35,801,27,-0.256751142734136,0.017982425708287016
572,1562288400,150,440,290,590,27,2.8225374784109896,-0.47846697188311554
572,1562302800,35,104,69,139,27,0.15382067341854738,-1.5395981487254025
572,1562317200,414,378,0,792,27,-0.679398600538369,-0.003193141013621149
572,1562331600,515,354,0,869,27,-0.679398600538369,0.1779755964960376
572,1562346000,767,483,0,1250,27,-0.679398600538369,1.0744079210568167
572,1562360400,674,590,0,1264,27,-0.679398600538369,1.1073476915131182
572,1562374800,277,398,121,675,27,0.781754039299122,-0.27847550839842733
572,1562389200,46,82,36,128,27,-0.2446755010825865,-1.565479396941068
572,1562403600,384,158,0,542,27,-0.679398600538369,-0.5914033277332924
572,1562418000,941,305,0,1246,27,-0.679398600538369,1.064996558069302
572,1562432400,690,441,0,1131,27,-0.679398600538369,0.794419872178253
572,1562446800,471,486,15,957,27,-0.49826397576512627,0.3850255822213619
572,1562461200,202,346,144,548,27,1.059493797284761,-0.5772862832520204
572,1562475600,34,90,56,124,27,-0.003162668051596268,-1.5748907599285829
572,1562490000,224,117,0,341,27,-0.679398600538369,-1.064324317855908
572,1562504400,649,214,0,863,27,-0.679398600538369,0.16385855201476549
572,1562518800,579,396,0,975,27,-0.679398600538369,0.4273767156651782
572,1562533200,349,441,92,790,27,0.4315604314041862,-0.00789882250737852
572,1562547600,168,294,126,462,27,0.8421322475568697,-0.7796305874835873
572,1562562000,26,56,30,82,27,-0.3171293509918836,-1.6737100712974875
572,1562576400,819,476,0,1295,27,-0.679398600538369,1.1802857546663574
572,1562590800,630,475,0,1105,27,-0.679398600538369,0.7332460127594073
572,1562605200,643,531,0,1174,27,-0.679398600538369,0.8955920242940365
572,1562619600,567,827,260,1394,27,2.4602682288645044,1.4132169886073473
572,1562634000,142,311,169,453,28,1.0143294012997222,-0.8843379775637963
572,1562648400,26,49,23,75,28,-0.44587696911065516,-1.628643564106979
572,1562662800,885,500,0,1385,28,-0.6759094795177694,0.9508281776167495
572,1562677200,669,503,0,1172,28,-0.6759094795177694,0.5314178867868609
572,1562691600,694,540,0,1234,28,-0.6759094795177694,0.653499755479129
572,1562706000,621,907,286,1528,28,2.1844947803272166,1.232404100568271
572,1562720400,168,416,248,584,28,1.80444106748068,-0.6263908033914234
572,1562734800,30,63,33,93,28,-0.34586283415104024,-1.593200440938256
572,1562749200,999,481,0,1480,28,-0.6759094795177694,1.1378891054516764
572,1562763600,705,523,0,1228,28,-0.6759094795177694,0.6416853810895546
572,1562778000,689,628,0,1317,28,-0.6759094795177694,0.8169319345349072
572,1562792400,637,865,228,1502,28,1.6044127975614502,1.1812084782134489
572,1562806800,158,410,252,568,28,1.8444467214645257,-0.6578958017636216
572,1562821200,26,74,48,100,28,-0.19584163171161795,-1.5794170041504192
572,1562834853,882,287,0,1169,28,-0.6759094795177694,0.5255106995920737
572,1562835600,894,520,0,1414,28,-0.6759094795177694,1.0079309871663589
572,1562850000,895,475,0,1370,28,-0.6759094795177694,0.9212922416428138
572,1562864400,708,654,0,1362,28,-0.6759094795177694,0.9055397424567146
572,1562878800,606,867,261,1473,28,1.9344594429281792,1.1241056686638398
572,1562893200,136,393,257,529,28,1.8944537889443331,-0.7346892352958547
572,1562907600,29,52,23,81,28,-0.44587696911065516,-1.6168291897174047
572,1562922000,827,493,0,1320,28,-0.6759094795177694,0.8228391217296943
572,1562936400,653,514,0,1167,28,-0.6759094795177694,0.521572574795549
572,1562950800,750,678,0,1428,28,-0.6759094795177694,1.0354978607420322
572,1562965200,643,807,164,1450,28,0.9643223338199147,1.0788172335038049
572,1562979600,251,451,200,702,28,1.3243732196745284,-0.3940414403964616
572,1562994000,40,97,57,137,28,-0.10582891024796454,-1.506561695414711
572,1563008400,317,185,0,502,28,-0.6759094795177694,-0.7878539200489392
572,1563022800,759,321,0,1080,28,-0.6759094795177694,0.35026414614672113
572,1563037200,758,485,0,1243,28,-0.6759094795177694,0.6712213170634904
572,1563051600,393,399,6,792,28,-0.6159009985420004,-0.21682582455284666
572,1563066000,36,22,0,58,28,-0.6759094795177694,-1.6621176248774396
572,1563080400,34,90,56,124,28,-0.11583032374392603,-1.5321595065921219
572,1563094800,216,104,0,320,28,-0.6759094795177694,-1.1462232765326938
572,1563109200,590,275,0,865,28,-0.6759094795177694,-0.07308426947969231
572,1563123600,599,414,0,1013,28,-0.6759094795177694,0.21833696546314113
572,1563138000,352,459,107,811,28,0.39424176455010984,-0.17941363898586127
572,1563152400,114,309,195,423,28,1.274366152194721,-0.9434098495116678
572,1563166800,34,49,15,83,28,-0.5258882770783471,-1.6128910649208799
572,1563181200,882,513,0,1395,28,-0.6759094795177694,0.9705188015993734
572,1563195600,706,437,0,1143,28,-0.6759094795177694,0.4743150772372516
572,1563210000,648,534,0,1182,28,-0.6759094795177694,0.5511085107694847
572,1563224400,579,857,278,1436,28,2.1044834723595245,1.0512503599281313
572,1563238800,167,394,227,561,29,1.35543924026756,-0.6498876233141536
572,1563253200,29,55,26,84,29,-0.47303919794572563,-1.5608761935265627
572,1563267600,983,482,0,1465,29,-0.7095587969185885,1.0765980527278125
572,1563282000,684,500,0,1184,29,-0.7095587969185885,0.5399360228961837
572,1563296400,756,578,0,1334,29,-0.7095587969185885,0.82641041604474
572,1563310800,656,933,277,1589,29,1.8102846229076808,1.3134168843972858
572,1563325200,148,445,297,593,29,1.992222775963729,-0.5887730861091283
572,1563339600,33,53,20,86,29,-0.5276206438625402,-1.5570565349512486
572,1563354000,1112,558,0,1670,29,-0.7095587969185885,1.4681130566975062
572,1563368400,783,496,0,1279,29,-0.7095587969185885,0.7213698052236027
572,1563382800,662,603,0,1265,29,-0.7095587969185885,0.6946321951964041
572,1563397200,601,886,285,1487,29,1.8830598841301,1.1186142970562674
572,1563411600,139,381,242,520,29,1.4918928550595962,-0.7281906241080923
572,1563426000,35,46,11,81,29,-0.6094928127377619,-1.5666056813895337
572,1563440400,1078,517,0,1595,29,-0.7095587969185885,1.324875860123228
572,1563454800,781,440,0,1221,29,-0.7095587969185885,0.6105997065394942
572,1563469200,646,548,0,1194,29,-0.7095587969185885,0.5590343157727541
572,1563483600,577,836,259,1413,29,1.6465402851572373,0.9772869297696464
572,1563498000,166,405,239,571,29,1.4646021321011888,-0.6307893304375831
572,1563512400,29,63,34,92,29,-0.4002639367233063,-1.5455975592253064
572,1563526800,949,410,0,1359,29,-0.7095587969185885,0.874156148236166
572,1563541200,684,490,0,1174,29,-0.7095587969185885,0.5208377300196133
572,1563555600,716,647,0,1363,29,-0.7095587969185885,0.8817954653867942
572,1563570000,953,995,42,1948,29,-0.32748867550088695,1.9990455986661642
572,1563584400,260,418,158,678,29,0.7277526122241933,-0.4264375966582796
572,1563598800,32,116,84,148,29,0.05458144591681449,-1.438647119116512
572,1563613200,300,184,0,484,29,-0.7095587969185885,-0.7969444784637458
572,1563627600,546,263,0,809,29,-0.7095587969185885,-0.17624995997520712
572,1563642000,465,412,0,877,29,-0.7095587969185885,-0.04638156841452826
572,1563656400,410,470,60,880,29,-0.16374433775044347,-0.04065208055155713
572,1563670800,174,410,236,584,29,1.4373114091427817,-0.6059615496980416
572,1563685200,26,95,69,121,29,-0.08187216887522174,-1.4902125098832522
572,1563699600,197,120,0,317,29,-0.7095587969185885,-1.1158859695024719
572,1563714000,419,220,0,639,29,-0.7095587969185885,-0.5009209388769043
572,1563728400,418,367,0,785,29,-0.7095587969185885,-0.22208586287897614
572,1563742800,292,440,148,732,29,0.6367835356961691,-0.32330681512479936
572,1563757200,109,319,210,428,29,1.2007918101699189,-0.9038949185725402
572,1563771600,31,42,11,73,29,-0.6094928127377619,-1.5818843156907902
572,1563786000,1011,525,0,1536,29,-0.7095587969185885,1.2121959321514626
572,1563800400,689,417,0,1106,29,-0.7095587969185885,0.3909693384589344
572,1563814800,597,575,0,1172,29,-0.7095587969185885,0.5170180714442992
572,1563829200,508,849,341,1357,29,2.3924867126870355,0.870336489660852
572,1563843600,136,289,153,425,30,0.7852060238577292,-0.80539052303624
572,1563858000,27,46,19,73,30,-0.5113409708004659,-1.5392199838996017
572,1563872400,851,509,0,1360,30,-0.6951797237743891,1.143843982382064
572,1563879334,293,159,0,452,30,-0.6951797237743891,-0.7491024677995618
572,1563886800,623,488,0,1111,30,-0.6951797237743891,0.6247430285326976
572,1563888351,24,17,0,41,30,-0.6951797237743891,-1.605931753068998
572,1563901200,567,465,0,1032,30,-0.6951797237743891,0.46004834839574993
572,1563915600,597,921,324,1518,30,2.439754800623038,1.4732333426559594
572,1563930000,150,311,161,461,30,0.8626118145835916,-0.730339782720669
572,1563944400,36,56,20,92,30,-0.5016652469597331,-1.4996098709552725
572,1563958800,870,535,0,1405,30,-0.6951797237743891,1.2376574077765279
572,1563973200,647,462,0,1109,30,-0.6951797237743891,0.6205735429596103
572,1563987600,659,625,0,1284,30,-0.6951797237743891,0.9854035306047474
572,1564002000,619,847,228,1466,30,1.5108853119126893,1.36482671775569
572,1564016400,157,426,269,583,30,1.907589989382734,-0.4760011627623448
572,1564030800,29,64,35,93,30,-0.3565293893487411,-1.4975251281687287
572,1564045200,885,541,0,1426,30,-0.6951797237743891,1.2814370062939444
572,1564059600,695,530,0,1225,30,-0.6951797237743891,0.8624037061986726
572,1564074000,669,576,0,1245,30,-0.6951797237743891,0.9040985619295454
572,1564088400,642,889,247,1531,30,1.6947240648866124,1.5003349988810266
572,1564102800,171,437,266,608,30,1.8785628178605356,-0.42388259309875376
572,1564117200,30,65,35,95,30,-0.3565293893487411,-1.4933556425956416
572,1564131600,748,431,0,1179,30,-0.6951797237743891,0.7665055380176652
572,1564146000,674,570,0,1244,30,-0.6951797237743891,0.9020138191430018
572,1564160400,720,603,0,1323,30,-0.6951797237743891,1.0667084992799494
572,1564174800,620,733,113,1353,30,0.3981770702284172,1.1292507828762586
572,1564189200,202,469,267,671,30,1.8882385417012684,-0.2925437975465044
572,1564203600,29,95,66,124,30,-0.056581950286024356,-1.432898101785876
572,1564218000,264,199,0,463,30,-0.6951797237743891,-0.7261702971475817
572,1564232400,606,297,0,903,30,-0.6951797237743891,0.19111652893162026
572,1564246800,554,453,0,1007,30,-0.6951797237743891,0.4079297787321589
572,1564261200,425,538,113,963,30,0.3981770702284172,0.31620109612423875
572,1564275600,171,403,232,574,30,1.5495882072756204,-0.49476384784123756
572,1564290000,31,104,73,135,30,0.011148116599105235,-1.409965931133896
572,1564304400,189,141,0,330,30,-0.6951797237743891,-1.0034410877578859
572,1564318800,505,229,0,734,30,-0.6951797237743891,-0.16120500199425503
572,1564333200,484,415,0,899,30,-0.6951797237743891,0.18277755778544572
572,1564347600,336,482,146,818,30,0.7174759569725996,0.0139133920754108
572,1564362000,119,344,225,463,30,1.481858140390491,-0.7261702971475817
572,1564376400,28,51,23,79,30,-0.4726380754375347,-1.5267115271803398
572,1564390800,815,537,0,1352,30,-0.6951797237743891,1.127166040089715
572,1564405200,600,422,0,1022,30,-0.6951797237743891,0.4392009205303135
572,1564415101,355,357,2,712,30,-0.6758282760929235,-0.20706934329821514
572,1564415189,175,176,1,351,30,-0.6855039999336563,-0.9596614892404695
572,1564419600,261,225,0,486,30,-0.6951797237743891,-0.6782212130570779
572,1564434000,607,894,287,1501,30,2.0817530185159243,1.4377927152847174
572,1564448400,161,389,228,550,31,1.6699450262287472,-0.7978681456407409
572,1564462800,28,42,14,70,31,-0.5619325381788964,-1.7624478099253362
572,1564472559,199,135,0,334,31,-0.707943219962574,-1.2319289945688088
572,1564477200,871,544,0,1415,31,-0.707943219962574,0.94038479103879
572,1564491600,646,476,0,1122,31,-0.707943219962574,0.351589287631735
572,1564506000,620,582,0,1202,31,-0.707943219962574,0.5123525650125009
572,1564520400,668,879,211,1547,31,1.49264634120571,1.2056441987170539
572,1564534800,175,388,213,563,31,1.5135050100319498,-0.7717441130663665
572,1564549200,31,48,17,79,31,-0.5306445349395369,-1.74436194122
572,1564563600,859,547,0,1406,31,-0.707943219962574,0.9222989223334539
572,1564578000,649,501,0,1150,31,-0.707943219962574,0.4078564347150031
572,1564592400,617,605,0,1222,31,-0.707943219962574,0.5525433843576923
572,1564606800,608,870,262,1478,31,2.0245423962748212,1.0669858719761431
572,1564621200,162,380,218,542,31,1.5656516820975488,-0.8139444733788176
572,1564635600,32,48,16,80,31,-0.5410738693526568,-1.7423524002527404
572,1564650000,829,521,0,1350,31,-0.707943219962574,0.8097646281669177
572,1564664400,630,480,0,1110,31,-0.707943219962574,0.32747479602462015
572,1564678800,669,540,0,1209,31,-0.707943219962574,0.5264193517833179
572,1564693200,650,825,175,1475,31,1.1171903023333962,1.0609572490743644
572,1564707600,198,405,207,603,31,1.4509290035532307,-0.6913624743759835
572,1564722000,48,74,26,122,31,-0.43678052522145844,-1.6579516796278384
572,1564736400,721,492,0,1213,31,-0.707943219962574,0.5344575156523562
572,1564750800,631,471,0,1102,31,-0.707943219962574,0.31139846828654355
572,1564765200,696,614,0,1310,31,-0.707943219962574,0.7293829894765348
572,1564779600,656,766,110,1422,31,0.43928356548060726,0.9544515778096071
572,1565398800,9062,6324,0,15386,32,-0.6717465491763486,4.095782473610192
572,1565413200,28,85,57,113,32,-0.16121917180232365,-0.4236256740551126
572,1565427600,273,166,0,439,32,-0.6717465491763486,-0.3271595537029297
572,1565442000,548,285,0,833,32,-0.6717465491763486,-0.21057166591532217
572,1565456400,528,467,0,995,32,-0.6717465491763486,-0.16263451408386934
572,1565470800,425,543,118,968,32,0.38513468819443986,-0.17062403938911147
572,1565485200,164,418,254,582,32,1.6032350973675518,-0.2848446604196102
572,1565499600,29,111,82,140,32,0.06269634458979254,-0.4156361487498704
572,1565514000,197,193,0,390,32,-0.6717465491763486,-0.341659062590221
572,1565528400,562,270,0,832,32,-0.6717465491763486,-0.21086757425996078
572,1565542800,509,327,0,836,32,-0.6717465491763486,-0.20968394088140638
572,1565557200,323,563,240,886,32,1.4778424081879669,-0.19488852364947648
572,1565571600,105,323,218,428,32,1.2807967537629046,-0.33041454549395427
572,1565586000,25,43,18,68,32,-0.5105273773740249,-0.43694154956384945
572,1565600400,755,528,0,1283,32,-0.6717465491763486,-0.07741291082795317
572,1565614800,609,455,0,1064,32,-0.6717465491763486,-0.14221683830380608
572,1565629200,606,553,0,1159,32,-0.6717465491763486,-0.11410554556313929
572,1565643600,519,882,363,1401,32,2.5795067488371783,-0.04249572616059862
572,1565658000,150,317,167,467,33,1.103814990542328,-0.5957994627530145
572,1565672400,35,39,4,74,33,-0.620076865130735,-1.4063701045086587
572,1565686800,863,520,0,1383,33,-0.6623809597484789,1.2934695139598862
572,1565701200,597,443,0,1040,33,-0.6623809597484789,0.5860249080510161
572,1565715600,611,564,0,1175,33,-0.6623809597484789,0.8644652048373062
572,1565730000,544,898,354,1442,33,3.0815314139218546,1.4151582362590795
572,1565744400,139,368,229,507,33,1.7595284571173582,-0.5132986340755953
572,1565758800,29,63,34,92,33,-0.3027961554976559,-1.36924473160382
572,1565772646,549,275,0,824,33,-0.6623809597484789,0.14052043319295224
572,1565773200,806,549,0,1355,33,-0.6623809597484789,1.2357189338856929
572,1565787600,655,418,0,1073,33,-0.6623809597484789,0.654088091709887
572,1565802000,620,568,0,1188,33,-0.6623809597484789,0.8912779741574675
572,1565816400,579,807,228,1386,33,1.7489524334629223,1.2996570761106927
572,1565830800,163,348,185,511,33,1.2941834163221755,-0.5050485512078534
572,1565845200,25,52,27,77,33,-0.3768283210787077,-1.4001825423578522
572,1565859600,802,511,0,1313,33,-0.6623809597484789,1.1490930637744026
572,1565874000,655,481,0,1136,33,-0.6623809597484789,0.7840268968768224
572,1565888400,617,556,0,1173,33,-0.6623809597484789,0.8603401634034352
572,1565902800,601,863,262,1464,33,2.1085372377137452,1.4605336920316603
572,1565917200,153,347,194,500,33,1.3893676292120993,-0.5277362790941437
572,1565931600,23,65,42,88,33,-0.21818796626216816,-1.377494814471562
572,1565946000,719,485,0,1204,33,-0.6623809597484789,0.9242783056284352
572,1565946025,0,0,0,0,33,-0.6623809597484789,-1.5589966375618842
572,1565960400,650,484,0,1134,33,-0.6623809597484789,0.7799018554429514
572,1565974800,644,573,0,1217,33,-0.6623809597484789,0.9510910749485963
572,1565989200,601,688,87,1289,33,0.2577330981874505,1.0995925665679511
572,1566003600,187,340,153,527,33,0.9557506593802245,-0.4720482197368857
572,1566018000,25,82,57,107,33,-0.059547611445628604,-1.3383069208497878
572,1566032400,230,126,0,356,33,-0.6623809597484789,-0.824739262332853
572,1566046800,498,219,0,717,33,-0.6623809597484789,-0.08016928351914425
572,1566061200,508,361,0,869,33,-0.6623809597484789,0.2333338654550489
572,1566075600,387,426,39,813,33,-0.24991603722547606,0.11783270530666194
572,1566090000,158,334,176,492,33,1.1989992034322519,-0.5442364448296275
572,1566104400,31,91,60,122,33,-0.027819540482320698,-1.3073691100957556
572,1566118800,155,101,0,256,33,-0.6623809597484789,-1.0309913340264012
572,1566133200,448,227,0,675,33,-0.6623809597484789,-0.16679515363043446
572,1566147600,444,366,0,810,33,-0.6623809597484789,0.1116451431558555
572,1566162000,264,425,161,689,33,1.0403588486157123,-0.13791986359333774
572,1566176400,100,253,153,353,33,0.9557506593802245,-0.8309268244836594
572,1566190800,31,35,4,66,33,-0.620076865130735,-1.4228702702441425
572,1566192309,4,4,0,8,33,-0.6623809597484789,-1.5424964718264005
572,1566192390,0,0,0,0,33,-0.6623809597484789,-1.5589966375618842
572,1566205200,797,559,0,1356,33,-0.6623809597484789,1.2377814546026282
572,1566219600,605,464,0,1069,33,-0.6623809597484789,0.6458380088421452
572,1566234000,564,490,0,1054,33,-0.6623809597484789,0.6149001980881129
572,1566248400,527,792,265,1319,33,2.140265308677053,1.1614681880760154
572,1566262800,134,301,167,435,34,0.919435766927312,-0.7935421538200913
572,1566277200,27,39,12,66,34,-0.5763024284767727,-1.634183985484091
572,1566291600,800,541,0,1341,34,-0.6921015145725727,1.2704727499402981
572,1566306000,621,393,0,1014,34,-0.6921015145725727,0.525513728384396
572,1566320400,571,571,0,1142,34,-0.6921015145725727,0.8171184829995504
572,1566334800,575,858,283,1433,34,2.0388269325200463,1.4800636673199403
572,1566349200,162,344,182,506,34,1.064184624547062,-0.6317926414944979
572,1566363600,20,51,31,71,34,-0.39295387549175587,-1.6227931747569364
572,1566375477,343,177,0,520,34,-0.6921015145725727,-0.5998983714584654
572,1566378000,791,497,0,1288,34,-0.6921015145725727,1.1497301562324607
572,1566392400,605,388,0,993,34,-0.6921015145725727,0.4776723233303472
572,1566406800,586,499,0,1085,34,-0.6921015145725727,0.6872632407099895
572,1566421200,508,813,305,1321,34,2.2511252570290132,1.2249095070316802
572,1566435600,132,335,203,467,34,1.2668330252147124,-0.7206409651663027
572,1566450000,39,52,13,91,34,-0.566652504635456,-1.5772299318483185
572,1566464400,805,494,0,1299,34,-0.6921015145725727,1.1747899398322006
572,1566478800,640,455,0,1095,34,-0.6921015145725727,0.7100448621642984
572,1566493200,614,497,0,1111,34,-0.6921015145725727,0.7464954564911926
572,1566507600,548,876,328,1424,34,2.473073505379297,1.4595602080110623
572,1566522000,143,356,213,499,34,1.363332263627879,-0.6477397765125141
572,1566536400,40,57,17,97,34,-0.5280528092701893,-1.5635609589757333
572,1566550800,660,492,0,1152,34,-0.6921015145725727,0.8399001044538593
572,1566565200,584,443,0,1027,34,-0.6921015145725727,0.5551298362749976
572,1566579600,664,579,0,1243,34,-0.6921015145725727,1.0472128596880705
572,1566594000,576,641,65,1217,34,-0.06485646488698889,0.9879806439068674
572,1566608400,186,372,186,558,34,1.1027843199123288,-0.5133282099320914
572,1566622800,24,107,83,131,34,0.10884216425671127,-1.486103446031083
572,1566637200,245,121,0,366,34,-0.6921015145725727,-0.9507353418548229
572,1566651600,507,245,0,752,34,-0.6921015145725727,-0.07136475371849807
572,1566666000,494,362,0,856,34,-0.6921015145725727,0.16556410940631483
572,1566680400,384,461,77,845,34,0.05094262120881122,0.14050432580657501
572,1566694800,167,326,159,493,34,0.8422363761967786,-0.6614087493850994
572,1566709200,25,98,73,123,34,0.01234292584354452,-1.50432874319453
572,1566723600,158,106,0,264,34,-0.6921015145725727,-1.183107880688774
572,1566738000,441,212,0,653,34,-0.6921015145725727,-0.29690280611615655
572,1566752400,423,372,0,795,34,-0.6921015145725727,0.02659621853503034
572,1566766800,282,439,157,721,34,0.8229365285141452,-0.14198778022685576
572,1566781200,115,299,184,414,34,1.0834844722296955,-0.8413835588741401
572,1566795600,30,41,11,71,34,-0.5859523523180894,-1.6227931747569364
572,1566810000,745,424,0,1169,34,-0.6921015145725727,0.8786288609261844
572,1566824400,604,448,0,1052,34,-0.6921015145725727,0.6120838899107699
572,1566838800,603,499,0,1102,34,-0.6921015145725727,0.7259919971823146
572,1566853200,523,858,335,1381,34,2.5406229722685136,1.361599235757534
572,1566867600,125,304,179,429,35,1.1424750306020324,-0.7283715761633702
572,1566882000,34,53,19,87,35,-0.539696793597279,-1.4995316940973755
572,1566896400,803,514,0,1317,35,-0.7394546977209472,1.2739389054898367
572,1566910800,663,412,0,1075,35,-0.7394546977209472,0.7282642021564176
572,1566925200,624,572,0,1196,35,-0.7394546977209472,1.0011015538231272
572,1566939600,543,880,337,1423,35,2.803619706998852,1.5129534449664581
572,1566954000,141,313,172,454,35,1.0688800132933125,-0.6720002225132237
572,1566968400,38,55,17,93,35,-0.5607239413997703,-1.4860025692213403
572,1566982800,814,586,0,1400,35,-0.7394546977209472,1.4610917996083232
572,1566997200,686,440,0,1126,35,-0.7394546977209472,0.8432617636027167
572,1567011600,606,540,0,1146,35,-0.7394546977209472,0.8883588465228339
572,1567026000,538,854,316,1392,35,2.5828346550726926,1.4430529664402765
572,1567040400,123,332,209,455,35,1.4578822476394033,-0.6697453683672178
572,1567054800,32,62,30,94,35,-0.42404748068357634,-1.4837477150753346
572,1567069200,766,487,0,1253,35,-0.7394546977209472,1.1296282401454614
572,1567083600,690,440,0,1130,35,-0.7394546977209472,0.8522811801867402
572,1567098000,622,554,0,1176,35,-0.7394546977209472,0.9560044709030099
572,1567112400,622,862,240,1484,35,1.78380303857802,1.6504995478728157
572,1567126800,150,400,250,550,35,1.888938777590477,-0.45553422449666076
572,1567141200,32,63,31,95,35,-0.41353390678233065,-1.4814928609293287
572,1567155600,632,450,0,1082,35,-0.7394546977209472,0.7440481811784586
572,1567170000,620,447,0,1067,35,-0.7394546977209472,0.7102253689883707
572,1567184400,728,681,0,1409,35,-0.7394546977209472,1.4813854869223761
572,1567198800,546,643,97,1189,35,0.2803619706998853,0.9853175748010861
572,1567213200,191,348,157,539,35,0.911176404774627,-0.48033762010272524
572,1567227600,28,108,80,136,35,0.10163121437870844,-1.3890438409430883
572,1567242000,245,136,0,381,35,-0.7394546977209472,-0.8366045751716517
572,1567256400,551,257,0,808,35,-0.7394546977209472,0.12621814517285204
572,1567270800,499,358,0,857,35,-0.7394546977209472,0.23670599832713937
572,1567285200,359,448,89,807,35,0.1962533794899197,0.12396329102684618
572,1567299600,175,333,158,508,35,0.9216899786758727,-0.550238098628907
572,1567314000,28,91,63,119,35,-0.07709954194246839,-1.427376361425188
572,1567328400,167,97,0,264,35,-0.7394546977209472,-1.1004225102543377
572,1567342800,442,238,0,680,35,-0.7394546977209472,-0.1624031855158985
572,1567357200,464,379,0,843,35,-0.7394546977209472,0.20513804028305727
572,1567371600,300,423,123,723,35,0.5537148921322733,-0.06544445723764636
572,1567386000,158,333,175,491,35,1.1004207349970496,-0.5885706191110067
572,1567400400,25,82,57,107,35,-0.14018098534994256,-1.4544346111772584
572,1567414800,159,112,0,271,35,-0.7394546977209472,-1.0846385312322968
572,1567429200,326,210,0,536,35,-0.7394546977209472,-0.48710218254074283
572,1567443600,352,366,14,718,35,-0.5922646631035074,-0.07671872796767568
572,1567458000,267,408,141,675,35,0.7429592223546959,-0.1736774562459278
572,1567472400,85,239,154,324,36,0.8533108362331283,-1.0568388541653384
572,1567486800,27,32,5,59,36,-0.6825014194893096,-1.5622361407022558
572,1567501200,822,528,0,1350,36,-0.7340387435068411,0.899906866539859
572,1567515600,613,442,0,1055,36,-0.7340387435068411,0.3372947928478188
572,1567530000,660,552,0,1212,36,-0.7340387435068411,0.6367188456262944
572,1567544400,551,772,221,1323,36,1.54391097806805,0.8484135581002485
572,1567558800,144,325,181,469,36,1.1316123859277982,-0.7803007162489118
572,1567573200,27,46,19,73,36,-0.5381969122402215,-1.535535906696532
572,1567587600,880,541,0,1421,36,-0.7340387435068411,1.0353151961403162
572,1567602000,638,436,0,1074,36,-0.7340387435068411,0.37353082471272986
572,1567616400,653,562,0,1215,36,-0.7340387435068411,0.6424403243418068
572,1567630800,590,892,302,1482,36,2.37881562715206,1.151651930022399
572,1567645200,140,353,213,493,36,1.4614512596399996,-0.7345288865248136
572,1567659600,23,58,35,81,36,-0.37327747538412076,-1.5202786301218325
572,1567674000,977,589,0,1566,36,-0.7340387435068411,1.3118533340567426
572,1567688400,666,454,0,1120,36,-0.7340387435068411,0.4612601650172514
572,1567702800,733,653,0,1386,36,-0.7340387435068411,0.9685646111260062
572,1567717200,645,901,256,1546,36,1.9046722461907701,1.2737101426199942
572,1567731600,143,383,240,526,36,1.7397528093346695,-0.6715926206541787
572,1567746000,25,64,39,89,36,-0.3320476161700956,-1.505021353547133
572,1567760400,916,576,0,1492,36,-0.7340387435068411,1.1707235257407733
572,1567774800,725,385,0,1110,36,-0.7340387435068411,0.4421885692988772
572,1567789200,962,657,0,1619,36,-0.7340387435068411,1.412932791364126
572,1567803600,711,805,94,1516,36,0.23486294802275062,1.2164953554648714
572,1567818000,173,348,175,521,36,1.0697675971067604,-0.6811284185133658
572,1567832400,25,79,54,104,36,-0.17743564411750115,-1.4764139599695718
572,1567846800,257,153,0,410,36,-0.7340387435068411,-0.8928231309873199
572,1567861200,552,239,0,791,36,-0.7340387435068411,-0.1661953341172612
572,1567875600,544,471,0,1015,36,-0.7340387435068411,0.26100840997432184
572,1567890000,431,515,84,946,36,0.13178829998768768,0.12941439951753958
572,1567904400,207,374,167,581,36,0.9873078786787102,-0.5666988442031203
572,1567918800,33,109,76,142,36,0.04932858155963733,-1.4039418962397496
572,1567933200,178,80,0,258,36,-0.7340387435068411,-1.1827113859066083
572,1567947600,495,241,0,736,36,-0.7340387435068411,-0.2710891105683195
572,1567962000,475,413,0,888,36,-0.7340387435068411,0.01879914435096896
572,1567976400,323,522,199,845,36,1.3171467523909115,-0.0632087172380403
572,1567990800,99,241,142,340,36,0.7296212585910528,-1.0263243010159395
572,1568005200,21,45,24,66,36,-0.48665958822269,-1.5488860236993938
572,1568019600,1002,625,0,1627,36,-0.7340387435068411,1.4281900679388255
572,1568034000,659,487,0,1146,36,-0.7340387435068411,0.5108463138850244
572,1568048400,721,619,0,1340,36,-0.7340387435068411,0.8808352708214847
572,1568062800,607,918,311,1525,36,2.4715828103836164,1.2336597916114083
572,1568077200,158,326,168,484,37,0.8178498078781096,-0.8747182824169413
572,1568091600,26,45,19,71,37,-0.6066155686042755,-1.6202768951044881
572,1568106000,1046,635,0,1681,37,-0.7882588045315595,1.2861380357113723
572,1568120400,700,504,0,1204,37,-0.7882588045315595,0.42504491645723225
572,1568134800,811,703,0,1514,37,-0.7882588045315595,0.9846651826391681
572,1568149200,694,920,226,1614,37,1.3723396859719237,1.16518784914947
572,1568163600,159,389,230,548,37,1.410580367219773,-0.7591837758503481
572,1568178000,24,55,31,79,37,-0.4918935248607277,-1.605835081783664
572,1568192400,1055,643,0,1698,37,-0.7882588045315595,1.3168268890181236
572,1568206800,703,537,0,1240,37,-0.7882588045315595,0.4900330764009409
572,1568221200,803,605,0,1408,37,-0.7882588045315595,0.7933111561382481
572,1568235600,664,908,244,1572,37,1.5444227515872455,1.0893683292151433
572,1568250000,143,400,257,543,37,1.6687049656427555,-0.7682099091758632
572,1568264400,28,49,21,77,37,-0.5874952279803508,-1.60944553511387
572,1568278800,1002,635,0,1637,37,-0.7882588045315595,1.2067080624468394
572,1568293200,740,520,0,1260,37,-0.7882588045315595,0.5261376097030013
572,1568307600,784,647,0,1431,37,-0.7882588045315595,0.8348313694356175
572,1568322000,689,901,212,1590,37,1.2384973016044514,1.1218624091869975
572,1568336400,156,399,243,555,37,1.5348625812752832,-0.746547189194627
572,1568350800,28,66,38,94,37,-0.42497233267699147,-1.5787566818071186
572,1568365200,915,630,0,1545,37,-0.7882588045315595,1.0406272092573616
572,1568379600,696,482,0,1178,37,-0.7882588045315595,0.37810902316455375
572,1568394000,810,723,0,1533,37,-0.7882588045315595,1.0189644892761254
572,1568408400,724,867,143,1591,37,0.5788455500790517,1.1236676358521005
572,1568422800,235,499,264,734,37,1.7356261578264918,-0.4234116161411866
572,1568437200,26,124,98,150,37,0.14863788604074746,-1.4776639885613496
572,1568451600,255,195,0,450,37,-0.7882588045315595,-0.936095989030444
572,1568466000,512,369,0,881,37,-0.7882588045315595,-0.15804329637104284
572,1568480400,633,531,0,1164,37,-0.7882588045315595,0.3528358498531115
572,1568494800,465,580,115,1045,37,0.31116078134410685,0.13801387670585225
572,1568509200,187,448,261,635,37,1.7069456468906048,-0.6021290559863854
572,1568523600,28,120,92,148,37,0.09127686416897357,-1.4812744418915558
572,1568538000,208,139,0,347,37,-0.7882588045315595,-1.122034335536055
572,1568552400,526,265,0,791,37,-0.7882588045315595,-0.32051369623031456
572,1568566800,486,522,36,1008,37,-0.4440926733009161,0.07122049009704055
572,1568581200,321,582,261,903,37,1.7069456468906048,-0.11832830973877644
572,1568595600,128,309,181,437,37,0.9421320219336197,-0.9595639356767832
572,1568610000,27,54,27,81,37,-0.530134206108577,-1.602224628453458
572,1568624400,996,595,0,1591,37,-0.7882588045315595,1.1236676358521005
572,1568638800,705,468,0,1173,37,-0.7882588045315595,0.36908288983903864
572,1568653200,778,692,0,1470,37,-0.7882588045315595,0.9052352093746353
572,1568667600,614,910,296,1524,37,2.0415516078092857,1.0027174492901982
572,1568682000,119,312,193,431,38,1.1846273983235214,-0.952858826128942
572,1568696400,26,57,31,83,38,-0.4023394885032633,-1.5753217117417344
572,1568710800,1039,648,0,1687,38,-0.7060183372170307,1.2937313587264236
572,1568725200,671,474,0,1145,38,-0.7060183372170307,0.32426330124902863
572,1568739600,770,680,0,1450,38,-0.7060183372170307,0.8698126693866771
572,1568754000,710,964,254,1674,38,1.7821890038570638,1.2704784348385896
572,1568768400,158,413,255,571,38,1.7919850957510564,-0.7024427227214968
572,1568782800,32,48,16,80,38,-0.5492808669131507,-1.5806877711004654
572,1568797200,1022,590,0,1612,38,-0.7060183372170307,1.1595798747581494
572,1568811600,676,517,0,1193,38,-0.7060183372170307,0.4101202509887241
572,1568826000,768,667,0,1435,38,-0.7060183372170307,0.8429823725930223
572,1568840400,675,908,233,1583,38,1.5764710740832215,1.10770796762375
572,1568854800,142,402,260,544,38,1.840965555221019,-0.7507372569500754
572,1568869200,25,48,23,73,38,-0.48070822365520327,-1.5932085762708377
572,1568883600,1046,636,0,1682,38,-0.7060183372170307,1.284787926461872
572,1568898000,719,535,0,1254,38,-0.7060183372170307,0.5192301246162538
572,1568912400,792,687,0,1479,38,-0.7060183372170307,0.9216845765210765
572,1568926800,751,887,136,1638,38,0.6262501603659489,1.206085722533818
572,1568941200,172,431,259,603,38,1.8311694633270263,-0.6452047562283664
572,1568955600,30,63,33,93,38,-0.3827473047152783,-1.5574348472126311
572,1568970000,922,587,0,1509,38,-0.7060183372170307,0.9753451701083862
572,1568984400,696,464,0,1160,38,-0.7060183372170307,0.3510935980426835
572,1568998800,819,713,0,1532,38,-0.7060183372170307,1.0164849585253237
572,1569013200,739,772,33,1511,38,-0.3827473047152783,0.9789225430142069
572,1569027600,191,468,277,659,38,2.007499117418891,-0.5450383148653883
572,1569042000,36,78,42,114,38,-0.2945824776693458,-1.5198724317015144
572,1569056400,240,195,0,435,38,-0.7060183372170307,-0.9457040803173007
572,1569070800,574,348,0,922,38,-0.7060183372170307,-0.07461377774997338
572,1569085200,634,543,0,1177,38,-0.7060183372170307,0.381501267742159
572,1569099600,603,517,0,1120,38,-0.7060183372170307,0.2795461399262706
572,1569114000,190,377,187,567,38,1.1258508469595663,-0.709597468533138
572,1569128400,31,145,114,176,38,0.41073613869811404,-1.4089738716210742
572,1569142800,190,132,0,322,38,-0.7060183372170307,-1.1478256494961672
572,1569157200,504,296,0,800,38,-0.7060183372170307,-0.2928335250050328
572,1569171600,555,459,0,1014,38,-0.7060183372170307,0.08994537591777632
572,1569186000,345,556,211,901,38,1.3609570524153864,-0.11217619326109017
572,1569200400,89,259,170,348,38,0.9593172847616939,-1.1013198017204988
572,1569214800,29,51,22,80,38,-0.49050431554919577,-1.5806877711004654
572,1569229200,1004,594,0,1598,38,-0.7060183372170307,1.134538264417405
572,1569243600,666,540,0,1206,38,-0.7060183372170307,0.43337317487655835
572,1569258000,765,644,0,1409,38,-0.7060183372170307,0.7964765248173539
572,1569272400,664,942,278,1606,38,2.0172952093128838,1.1488477560406876
572,1569286800,142,318,176,460,39,0.8502482848624608,-0.8674651113693148
572,1569301200,25,53,28,78,39,-0.4891190082711065,-1.5656846591949953
572,1569315600,1064,606,0,1670,39,-0.7425128204855652,1.344172723366479
572,1569330000,684,507,0,1191,39,-0.7425128204855652,0.46865658878925165
572,1569344400,837,744,0,1581,39,-0.7425128204855652,1.1814985355222762
572,1569358800,698,986,288,1684,39,1.8638235337202957,1.3697619214543313
572,1569373200,148,400,252,548,39,1.538031489444563,-0.7066187233885298
572,1569387600,28,57,29,85,39,-0.48006922926344725,-1.5528900601510691
572,1569402000,1015,597,0,1612,39,-0.7425128204855652,1.2381603312882346
572,1569416400,710,508,0,1218,39,-0.7425128204855652,0.518007185101538
572,1569430800,774,745,0,1519,39,-0.7425128204855652,1.0681749439903594
572,1569445200,704,974,270,1678,39,1.7009275115824294,1.3587951222738233
572,1569459600,139,384,245,523,39,1.4746830363909484,-0.7523137199739801
572,1569474000,26,62,36,88,39,-0.4167207762098326,-1.5474066605608152
572,1569488400,1030,609,0,1639,39,-0.7425128204855652,1.2875109276005208
572,1569502800,721,493,0,1214,39,-0.7425128204855652,0.5106959856478659
572,1569517200,791,638,0,1429,39,-0.7425128204855652,0.9036729562827384
572,1569531600,696,925,229,1621,39,1.3298865722684006,1.2546105300589967
572,1569546000,149,405,256,554,39,1.5742306054752,-0.6956519242080218
572,1569560400,28,58,30,86,39,-0.471019450255788,-1.5510622602876512
572,1569574800,934,530,0,1464,39,-0.7425128204855652,0.9676459515023688
572,1569589200,700,477,0,1177,39,-0.7425128204855652,0.44306739070139944
572,1569603600,842,682,0,1524,39,-0.7425128204855652,1.0773139433074495
572,1569618000,706,836,130,1542,39,0.4339584505101358,1.1102143408489737
572,1569632400,182,418,236,600,39,1.3932350253220152,-0.6115731304907932
572,1569646800,32,94,62,126,39,-0.1814265220106924,-1.4779502657509307
572,1569661200,247,192,0,439,39,-0.7425128204855652,-0.9058489085010931
572,1569675600,531,353,0,884,39,-0.7425128204855652,-0.09247796928007793
572,1569690000,561,526,0,1087,39,-0.7425128204855652,0.2785654029937784
572,1569704400,477,540,63,1017,39,-0.17237674300303316,0.1506194125545176
572,1569718800,164,438,274,602,39,1.7371266276130664,-0.6079175307639572
572,1569733200,31,105,74,136,39,-0.07282917391878152,-1.4596722671167506
572,1569747600,178,123,0,301,39,-0.7425128204855652,-1.1580852896527787
572,1569762000,481,269,0,750,39,-0.7425128204855652,-0.3374031509780915
572,1569776400,454,437,0,891,39,-0.7425128204855652,-0.07968337023615185
572,1569790800,330,502,172,832,39,0.8140491688318239,-0.18752356217781452
572,1569805200,107,350,243,457,39,1.45658347837563,-0.8729485109595688
572,1569819600,27,43,16,70,39,-0.5977163563630173,-1.5803070581023393
572,1569834000,778,468,0,1246,39,-0.7425128204855652,0.5691855812772423
572,1569848400,583,433,0,1016,39,-0.7425128204855652,0.1487916126910996
572,1569862800,608,579,0,1187,39,-0.7425128204855652,0.46134538933557956
572,1569877200,545,882,337,1427,39,2.3072627050955985,0.9000173565559023
572,1569891600,134,304,170,438,40,0.8993144492403276,-0.9181550558694409
572,1569906000,27,48,21,75,40,-0.5568071091932999,-1.5881494071730111
572,1569920400,814,567,0,1381,40,-0.7620322952812608,0.8223536859467212
572,1569934800,609,444,0,1053,40,-0.7620322952812608,0.21695934096718658
572,1569949200,667,541,0,1208,40,-0.7620322952812608,0.5030450832593447
572,1569963600,649,915,266,1564,40,1.8374867284995775,1.160119433298108
572,1569978000,134,367,233,501,40,1.5149900075042102,-0.8018750444861766
572,1569992400,40,65,25,105,40,-0.5177165975574978,-1.5327779731809805
572,1570006800,993,650,0,1643,40,-0.7620322952812608,1.3059308761437884
572,1570021200,683,526,0,1209,40,-0.7620322952812608,0.5048907977257457
572,1570035600,786,674,0,1460,40,-0.7620322952812608,0.9681651287924018
572,1570050000,678,926,248,1604,40,1.661579426138468,1.2339480119541488
572,1570064400,132,376,244,508,40,1.622488914502666,-0.7889550432213694
572,1570078800,34,51,17,85,40,-0.595897620829102,-1.569692262509001
572,1570093200,995,631,0,1626,40,-0.7620322952812608,1.2745537302149712
572,1570107600,697,502,0,1199,40,-0.7620322952812608,0.4864336530617355
572,1570122000,807,716,0,1523,40,-0.7620322952812608,1.084445140175666
572,1570136400,676,925,249,1601,40,1.6713520540474185,1.2284108685549457
572,1570150800,143,366,223,509,40,1.4172637284147052,-0.7871093287549684
572,1570165200,33,61,28,94,40,-0.48839871383064626,-1.5530808323113918
572,1570179600,927,525,0,1452,40,-0.7620322952812608,0.9533994130611937
572,1570194000,695,517,0,1212,40,-0.7620322952812608,0.5104279411249488
572,1570208400,826,694,0,1520,40,-0.7620322952812608,1.078907996776463
572,1570222800,678,783,105,1461,40,0.2640936351585437,0.9700108432588028
572,1570237200,196,375,179,571,40,0.9872681004208822,-0.6726750318381052
572,1570251600,33,100,67,133,40,-0.107266225381576,-1.481097968121752
572,1570266000,263,196,0,459,40,-0.7620322952812608,-0.8793950520750194
572,1570280400,593,338,0,931,40,-0.7620322952812608,-0.008217823933737895
572,1570294800,589,521,0,1110,40,-0.7620322952812608,0.3221650655520447
572,1570309200,477,594,117,1071,40,0.38136517006595,0.25018220136240493
572,1570323600,175,418,243,593,40,1.6127162865937155,-0.6320693135772827
572,1570338000,27,96,69,123,40,-0.08772096956367495,-1.4995551127857623
572,1570352400,194,115,0,309,40,-0.7620322952812608,-1.1562522220351725
572,1570366800,499,273,0,772,40,-0.7620322952812608,-0.3016864240915001
572,1570381200,469,487,18,956,40,-0.5861249929201514,0.03792503772628761
572,1570395600,330,576,246,906,40,1.642034170320567,-0.0543606855937634
572,1570410000,106,311,205,417,40,1.2413564260535956,-0.9569150596638623
572,1570424400,41,64,23,105,40,-0.5372618533753989,-1.5327779731809805
572,1570438800,1001,603,0,1604,40,-0.7620322952812608,1.2339480119541488
572,1570453200,675,509,0,1184,40,-0.7620322952812608,0.45874793606572023
572,1570467600,731,674,0,1405,40,-0.7620322952812608,0.8666508331403457
572,1570482000,665,944,279,1609,40,1.964530891315934,1.2431765842861537
572,1570496400,115,230,115,345,41,0.4446779369796025,-1.0191222497153445
572,1570510800,27,44,17,71,41,-0.5478895188815929,-1.5539906243094148
572,1570525200,1015,630,0,1645,41,-0.7200695877554737,1.518574418066742
572,1570539600,678,524,0,1202,41,-0.7200695877554737,0.6538054766610002
572,1570554000,781,679,0,1460,41,-0.7200695877554737,1.1574406614977526
572,1570568400,594,902,308,1496,41,2.399428130665426,1.227715338451718
572,1570582800,150,314,164,464,41,0.9409616649102002,-0.7868254008952918
572,1570597200,33,55,22,88,41,-0.4972483221539808,-1.5208053601922646
572,1570611600,743,499,0,1242,41,-0.7200695877554737,0.7318884510542951
572,1570626000,580,445,0,1025,41,-0.7200695877554737,0.30828831497067
572,1570640400,588,536,0,1124,41,-0.7200695877554737,0.501543676594075
572,1570654800,547,859,312,1406,41,2.4399410880475156,1.0520286460668045
572,1570669200,158,290,132,448,41,0.6168580058534833,-0.8180585906526099
572,1570683600,22,52,30,74,41,-0.4162224073898016,-1.5481344012299179
572,1570698000,974,547,0,1521,41,-0.7200695877554737,1.2765171974475276
572,1570712400,718,536,0,1254,41,-0.7200695877554737,0.7553133433722836
572,1570726800,811,720,0,1531,41,-0.7200695877554737,1.2960379410458513
572,1570741200,696,954,258,1650,41,1.893016163389306,1.5283347898659039
572,1570755600,159,342,183,501,41,1.1333982124751258,-0.7145986495814941
572,1570770000,30,57,27,87,41,-0.4466071254263688,-1.522757434552097
572,1570784400,872,552,0,1424,41,-0.7200695877554737,1.0871659845437873
572,1570798800,710,501,0,1211,41,-0.7200695877554737,0.6713741458994915
572,1570813200,858,647,0,1505,41,-0.7200695877554737,1.2452840076902096
572,1570827600,684,865,181,1549,41,1.113141733784081,1.331175279522834
572,1570842000,187,382,195,569,41,1.2549370846213945,-0.5818575931128926
572,1570856400,28,87,59,115,41,-0.12250346636965197,-1.4680993524767905
572,1570870800,252,175,0,427,41,-0.7200695877554737,-0.8590521522090897
572,1570885200,527,270,0,797,41,-0.7200695877554737,-0.13678463907111132
572,1570899600,561,469,0,1030,41,-0.7200695877554737,0.31804868676983183
572,1570914000,452,522,70,974,41,-0.011092833568905556,0.2087325226192189
572,1570928400,177,379,202,556,41,1.3258347600400513,-0.6072345597907135
572,1570942800,30,91,61,121,41,-0.10224698767860717,-1.456386906317796
572,1570957200,169,137,0,306,41,-0.7200695877554737,-1.095253149748807
572,1570971600,504,297,0,801,41,-0.7200695877554737,-0.12897634163178182
572,1570986000,505,415,0,920,41,-0.7200695877554737,0.10332050718827068
572,1571000400,369,513,144,882,41,0.7383968779997522,0.029141681514640475
572,1571014800,120,289,169,409,41,0.9916028616378122,-0.8941894906860725
572,1571029200,24,43,19,67,41,-0.527633040190548,-1.5617989217487445
572,1571043600,572,352,0,924,41,-0.7200695877554737,0.11112880462760019
572,1571058000,548,376,0,924,41,-0.7200695877554737,0.11112880462760019
572,1571072400,523,531,8,1054,41,-0.6390436729912944,0.36489847140580883
572,1571086800,454,764,310,1218,41,2.419684609356471,0.6850386664183181
572,1571101200,115,292,177,407,42,1.2272359795257266,-0.9261090303242935
572,1571115600,24,50,26,74,42,-0.48221505982243035,-1.5200997162875867
572,1571130000,984,585,0,1569,42,-0.7765576228890004,1.14661522519927
572,1571144400,690,550,0,1240,42,-0.7765576228890004,0.5597595624907912
572,1571158800,751,668,0,1419,42,-0.7765576228890004,0.8790518531437325
572,1571173200,652,878,226,1530,42,1.7819585022281088,1.0770487484648301
572,1571187600,154,319,165,473,42,1.0913855658026943,-0.808381146619857
572,1571202000,34,43,9,77,42,-0.6746698125967262,-1.514748448846476
572,1571216400,966,605,0,1571,42,-0.7765576228890004,1.150182736826677
572,1571230800,695,497,0,1192,42,-0.7765576228890004,0.47413928343301914
572,1571245200,797,731,0,1528,42,-0.7765576228890004,1.0734812368374231
572,1571259600,592,922,330,1514,42,2.9593287544943894,1.048508655445573
572,1571274000,116,282,166,398,42,1.102706433612947,-0.9421628326476258
572,1571288400,25,41,16,66,42,-0.5954237379249573,-1.5343697627972153
572,1571302800,970,590,0,1560,42,-0.7765576228890004,1.1305614228759377
572,1571317200,720,575,0,1295,42,-0.7765576228890004,0.6578661322444882
572,1571331600,869,677,0,1546,42,-0.7765576228890004,1.1055888414840875
572,1571346000,710,845,135,1555,42,0.7517595314951134,1.1216426438074198
572,1571360400,126,296,170,422,42,1.1479899048539577,-0.8993526931187398
572,1571374800,32,59,27,91,42,-0.4708941920121777,-1.4897758674546258
572,1571389200,882,579,0,1461,42,-0.7765576228890004,0.953969597319283
572,1571403600,720,511,0,1231,42,-0.7765576228890004,0.5437057601674589
572,1571418000,852,750,0,1602,42,-0.7765576228890004,1.2054791670514882
572,1571432400,737,895,158,1632,42,1.0121394911309254,1.2589918414625956
572,1571446800,162,308,146,470,42,0.8762890774078931,-0.8137324140609677
572,1571461200,24,82,58,106,42,-0.11994728989434411,-1.463019530249072
572,1571475600,243,179,0,422,42,-0.7765576228890004,-0.8993526931187398
572,1571490000,596,317,0,913,42,-0.7765576228890004,-0.02352858859028052
572,1571504400,592,491,0,1083,42,-0.7765576228890004,0.2797098997393286
572,1571518800,492,647,155,1139,42,0.9781768877001673,0.37960022530672927
572,1571533200,184,398,214,582,42,1.6461080885050763,-0.6139517629261665
572,1571547600,27,118,91,145,42,0.25364134784399484,-1.3934530535146323
572,1571562000,180,133,0,313,42,-0.7765576228890004,-1.0937820768124302
572,1571576400,469,276,0,745,42,-0.7765576228890004,-0.32319956529248245
572,1571590800,454,492,38,946,42,-0.34636464609939804,0.03533535326193772
572,1571605200,267,441,174,708,42,1.1932733760949685,-0.389198530399515
572,1571619600,84,235,151,319,42,0.9328934164591566,-1.0830795419302088
572,1571634000,23,55,32,78,42,-0.4142898529609142,-1.5129646930327723
572,1571648400,943,547,0,1490,42,-0.7765576228890004,1.005698515916687
572,1571662800,660,477,0,1137,42,-0.7765576228890004,0.37603271367932206
572,1571677200,756,630,0,1386,42,-0.7765576228890004,0.8201879112915142
572,1571691600,624,841,217,1465,42,1.6800706919358344,0.9611046205740973
572,1571706000,132,264,132,396,43,0.8481449119802,-0.841195539243429
572,1571720400,27,47,20,74,43,-0.44384785549222905,-1.4043801171012573
572,1571734800,995,583,0,1578,43,-0.6745608496837342,1.2261466068061149
572,1571749200,674,510,0,1184,43,-0.6745608496837342,0.5370325581229336
572,1571763600,774,698,0,1472,43,-0.6745608496837342,1.0407504414243454
572,1571778000,628,910,282,1538,43,2.578492368416489,1.156185789680919
572,1571792400,123,295,172,418,43,1.3095709003632103,-0.8027170898245711
572,1571806800,27,51,24,78,43,-0.397705256653928,-1.3973840353887377
572,1571821200,985,608,0,1593,43,-0.6745608496837342,1.2523819132280636
572,1571835600,721,513,0,1234,43,-0.6745608496837342,0.6244835795294288
572,1571850000,814,710,0,1524,43,-0.6745608496837342,1.1316995036871003
572,1571864400,672,948,276,1620,43,2.5092784701590376,1.2996054647875708
572,1571878800,148,294,146,442,43,1.0096440079142537,-0.7607405995494535
572,1571893200,26,49,23,75,43,-0.40924090636350324,-1.4026310966731275
572,1571907600,985,611,0,1596,43,-0.6745608496837342,1.2576289745124531
572,1571922000,733,461,0,1194,43,-0.6745608496837342,0.5545227624042327
572,1571936400,785,672,0,1457,43,-0.6745608496837342,1.0145151350023969
572,1571950800,707,938,231,1645,43,1.9901742332281507,1.3433309754908185
572,1571965200,148,310,162,458,43,1.1942144032674578,-0.732756272699375
572,1571979600,27,69,42,96,43,-0.1900635618815733,-1.3659016676823996
572,1571994000,878,514,0,1392,43,-0.6745608496837342,0.9008288071739532
572,1572008400,694,500,0,1194,43,-0.6745608496837342,0.5545227624042327
572,1572022800,823,684,0,1507,43,-0.6745608496837342,1.1019661564088918
572,1572037200,691,847,156,1538,43,1.1250005050100063,1.156185789680919
572,1572051600,172,302,130,474,43,0.8250736125610495,-0.7047719458492967
572,1572066000,29,62,33,91,43,-0.29388440926775067,-1.3746467698230491
572,1572080400,239,140,0,379,43,-0.6745608496837342,-0.8709288865216374
572,1572094800,540,234,0,774,43,-0.6745608496837342,-0.1800658174103261
572,1572109200,467,343,0,810,43,-0.6745608496837342,-0.11710108199764964
572,1572123600,435,365,0,800,43,-0.6745608496837342,-0.13459128627894865
572,1572138000,150,264,114,414,43,0.6405032172078454,-0.8097131715370908
572,1572152400,23,89,66,112,43,0.08679203114823293,-1.337917340832321
572,1572166800,134,75,0,209,43,-0.6745608496837342,-1.1682623593037207
572,1572181200,366,168,0,534,43,-0.6745608496837342,-0.5998307201615025
572,1572195600,322,273,0,595,43,-0.6745608496837342,-0.49314047404557854
572,1572210000,247,304,57,551,43,-0.017028816237944413,-0.5700973728832942
572,1572224400,81,183,102,264,43,0.5020754206929423,-1.072066235756576
572,1572238800,29,36,7,65,43,-0.5938113017167074,-1.4201213009544265
572,1572253200,934,577,0,1511,43,-0.6745608496837342,1.1089622381214115
572,1572267600,670,509,0,1179,43,-0.6745608496837342,0.5282874559822841
572,1572282000,750,544,0,1294,43,-0.6745608496837342,0.7294248052172229
572,1572296400,596,877,281,1473,43,2.5669567187069138,1.0424994618524752
572,1572310800,122,327,205,449,44,1.408260229501942,-0.9503833033391765
572,1572325200,29,52,23,81,44,-0.5418740448300949,-1.5665895428060073
572,1572339600,990,600,0,1590,44,-0.7883195849929348,0.9601909337033614
572,1572354000,714,486,0,1200,44,-0.7883195849929348,0.3071462777466657
572,1572368400,765,603,0,1368,44,-0.7883195849929348,0.5884578218510884
572,1572382800,642,910,268,1552,44,2.0833067090784163,0.8965609415845038
572,1572397200,133,365,232,498,44,1.6975658636061453,-0.8683341029753865
572,1572411600,28,65,37,93,44,-0.3918637160353229,-1.5464958610842627
572,1572426000,963,521,0,1484,44,-0.7883195849929348,0.7826967451612851
572,1572440400,704,497,0,1201,44,-0.7883195849929348,0.30882075122347774
572,1572454800,793,691,0,1484,44,-0.7883195849929348,0.7826967451612851
572,1572469200,642,862,220,1504,44,1.5689855817820548,0.816186214697526
572,1572483600,140,447,307,587,44,2.50119262500671,-0.7193059635391149
572,1572498000,21,57,36,78,44,-0.40257873952066375,-1.5716129632364433
572,1572512400,951,546,0,1497,44,-0.7883195849929348,0.8044649003598416
572,1572526800,677,509,0,1186,44,-0.7883195849929348,0.28370364907129714
572,1572541200,774,694,0,1468,44,-0.7883195849929348,0.7559051695322925
572,1572555600,643,858,215,1501,44,1.5154104643553505,0.8111627942670898
572,1572570000,182,388,206,570,44,1.4189752529872828,-0.7477720126449197
572,1572584400,37,104,67,141,44,-0.07041301147509707,-1.4661211341972848
572,1572598800,835,554,0,1389,44,-0.7883195849929348,0.6236217648641412
572,1572613200,735,478,0,1213,44,-0.7883195849929348,0.3289144329452222
572,1572627600,861,621,0,1482,44,-0.7883195849929348,0.779347798207661
572,1572642000,749,815,66,1564,44,-0.08112803496043793,0.9166546233062483
572,1572656400,226,471,245,697,44,1.8368611689155765,-0.5351138810897905
572,1572670800,46,115,69,161,44,-0.04898296450441535,-1.432631664661044
572,1572685200,286,183,0,469,44,-0.7883195849929348,-0.9168938338029357
572,1572699600,794,405,0,1199,44,-0.7883195849929348,0.30547180426985365
572,1572714000,836,550,0,1386,44,-0.7883195849929348,0.6185983444337052
572,1572728400,720,744,24,1464,44,-0.5311590213447541,0.7492072756250443
572,1572742800,266,397,131,663,44,0.6153484915867181,-0.5920459793013999
572,1572753600,44,134,90,178,44,0.17603252868774275,-1.4041656155552393
572,1572768000,166,113,0,279,44,-0.7883195849929348,-1.2350437943972232
572,1572782400,640,674,34,1314,44,-0.4240087864913455,0.49803625410323826
572,1572796800,1248,1374,126,2622,44,0.5617733741600137,2.688247561773387
572,1572811200,514,678,164,1192,44,0.9689442666029665,0.29375048993216935
572,1572825600,131,328,197,459,44,1.322540041619215,-0.9336385685710561
572,1572840000,21,68,47,89,44,-0.2847134811819143,-1.553193754991511
572,1572854400,467,335,0,802,44,-0.7883195849929348,-0.3592941660245263
572,1572868800,1072,555,0,1627,44,-0.7883195849929348,1.022146452345407
572,1572883200,579,559,0,1138,44,-0.7883195849929348,0.2033289221843192
572,1572897600,848,929,81,1777,44,0.079597317319675,1.2733174738672128
572,1572912000,168,397,229,565,45,1.4855545384630096,-0.5146621496020687
572,1572926400,29,98,69,127,45,-0.013608473771774047,-1.3145037398766024
572,1572940800,444,323,0,767,45,-0.6601225227980245,-0.14578543445262626
572,1572955200,1043,557,0,1600,45,-0.6601225227980245,1.3753744849507676
572,1572969600,513,469,0,982,45,-0.6601225227980245,0.24683087127574072
572,1572984000,717,894,177,1611,45,0.998326559486705,1.3954618308252422
572,1572998400,190,489,299,679,45,2.1414383563157275,-0.306484201448423
572,1573012800,31,68,37,99,45,-0.3134410762187308,-1.3656351657389012
572,1573027200,479,343,0,822,45,-0.6601225227980245,-0.04534870508025331
572,1573041600,1102,629,0,1731,45,-0.6601225227980245,1.6145965130922377
572,1573056000,639,533,0,1172,45,-0.6601225227980245,0.5937941181984836
572,1573070400,888,1071,183,1959,45,1.0545451724455095,2.030952409399529
572,1573084800,210,511,301,721,45,2.160177893968662,-0.22978706265497453
572,1573099200,30,128,98,158,45,0.2581148221957805,-1.2578939469576285
572,1573113600,475,370,0,845,45,-0.6601225227980245,-0.003347890979079167
572,1573128000,1108,611,0,1719,45,-0.6601225227980245,1.5926830448655382
572,1573142400,618,564,0,1182,45,-0.6601225227980245,0.6120553417207332
572,1573156800,851,942,91,1793,45,0.19252644041050873,1.7278160989301854
572,1573171200,261,729,468,990,45,3.724929287988718,0.2614398500935404
572,1573185600,70,134,64,204,45,-0.06045731790411104,-1.17389231875528
572,1573200000,421,332,0,753,45,-0.6601225227980245,-0.17135114738377571
572,1573214400,1038,579,0,1617,45,-0.6601225227980245,1.4064185649385919
572,1573228800,671,635,0,1306,45,-0.6601225227980245,0.8384945133966286
572,1573243200,806,941,135,1747,45,0.6047962687750743,1.643814470727837
572,1573257600,237,414,177,651,45,0.998326559486705,-0.3576156273107219
572,1573272000,37,63,26,100,45,-0.4165085333098722,-1.3638090433866763
572,1573286400,130,68,0,198,45,-0.6601225227980245,-1.18484905286863
572,1573300800,478,177,0,655,45,-0.6601225227980245,-0.35031113790182206
572,1573315200,557,302,0,859,45,-0.6601225227980245,0.02221782195207031
572,1573329600,414,370,0,784,45,-0.6601225227980245,-0.11474135446480188
572,1573344000,180,280,100,460,45,0.2768543598487153,-0.7064049965856898
572,1573358400,40,94,54,134,45,-0.15415500616878502,-1.3017208834110277
572,1573372800,80,46,0,126,45,-0.6601225227980245,-1.3163298622288273
572,1573387200,419,143,0,562,45,-0.6601225227980245,-0.5201405166587436
572,1573401600,456,294,0,750,45,-0.6601225227980245,-0.1768295144404506
572,1573416000,285,354,69,639,45,-0.013608473771774047,-0.3795290955374215
572,1573430400,110,227,117,337,45,0.4361404298986611,-0.9310180459093602
572,1573444800,25,44,19,69,45,-0.482096915095144,-1.4204188363056502
572,1573459200,312,223,0,535,45,-0.6601225227980245,-0.5694458201688176
572,1573473600,848,454,0,1302,45,-0.6601225227980245,0.8311900239877288
572,1573488000,474,435,0,909,45,-0.6601225227980245,0.11352393956331844
572,1573502400,551,797,246,1348,45,1.6448406085129554,0.915191652190077
572,1573516800,187,413,226,600,46,2.0647089053800842,-0.4672595523146231
572,1573531200,34,69,35,103,46,-0.23030215724414127,-1.3319382664117367
572,1573545600,473,333,0,806,46,-0.6508539226464862,-0.10886153399670472
572,1573560000,1048,602,0,1650,46,-0.6508539226464862,1.3595264633835045
572,1573574400,595,600,5,1195,46,-0.5907750990175799,0.5679191899143159
572,1573588800,843,1003,160,1846,46,1.2716684334785195,1.700526519647155
572,1573603200,211,467,256,678,46,2.4251818471535227,-0.3315554482913336
572,1573617600,32,82,50,114,46,-0.05006568635742199,-1.3128005081520422
572,1573632000,464,345,0,809,46,-0.6508539226464862,-0.10364214538042435
572,1573646400,1074,634,0,1708,46,-0.6508539226464862,1.4604346432982582
572,1573660800,603,573,0,1176,46,-0.6508539226464862,0.5348630620112069
572,1573675200,827,896,69,1723,46,0.17823384343242243,1.48653158637966
572,1573689600,210,471,261,681,46,2.4852606707824294,-0.32633605967505325
572,1573704000,37,83,46,120,46,-0.09812874526054713,-1.3023617309194815
572,1573718400,423,220,0,643,46,-0.6508539226464862,-0.3924483154812712
572,1573732800,1136,720,0,1856,46,-0.6508539226464862,1.717924481701423
572,1573747200,629,600,0,1229,46,-0.6508539226464862,0.6270722608988267
572,1573761600,821,824,3,1645,46,-0.6148066284691424,1.3508274823563706
572,1573776000,215,519,304,734,46,3.0019385539910246,-0.23412686078743347
572,1573790400,32,106,74,138,46,0.23831266706132886,-1.2710453992217992
572,1573804800,416,332,0,748,46,-0.6508539226464862,-0.20976971391145843
572,1573819200,1049,593,0,1642,46,-0.6508539226464862,1.3456080937400903
572,1573833600,698,592,0,1290,46,-0.6508539226464862,0.7331998294298607
572,1573848000,885,803,0,1688,46,-0.6508539226464862,1.4256387191897224
572,1573862400,209,369,160,578,46,1.2716684334785195,-0.5055350688340124
572,1573876800,39,81,42,120,46,-0.14619180416367228,-1.3023617309194815
572,1573891200,125,66,0,191,46,-0.6508539226464862,-1.1788362003341795
572,1573905600,495,175,0,670,46,-0.6508539226464862,-0.3454738179347479
572,1573920000,536,256,0,792,46,-0.6508539226464862,-0.13321868087267974
572,1573934400,425,349,0,774,46,-0.6508539226464862,-0.16453501257036193
572,1573948800,180,307,127,487,46,0.8751481975277371,-0.6638565235278502
572,1573963200,35,119,84,154,46,0.3584703143191417,-1.2432086599349705
572,1573977600,79,60,0,139,46,-0.6508539226464862,-1.2693056030163725
572,1573992000,381,155,0,536,46,-0.6508539226464862,-0.5786065094619375
572,1574006400,417,301,0,718,46,-0.6508539226464862,-0.26196360007426206
572,1574020800,299,393,94,692,46,0.47862796157695453,-0.3071983014153586
572,1574035200,114,234,120,348,46,0.7910378444472681,-0.9056881960821737
572,1574049600,29,42,13,71,46,-0.49464898121132955,-1.387611744985394
572,1574064000,446,329,0,775,46,-0.6508539226464862,-0.16279521636493516
572,1574078400,1179,613,0,1792,46,-0.6508539226464862,1.6065775245541085
572,1574092800,575,546,0,1121,46,-0.6508539226464862,0.43917427071273357
572,1574107200,777,923,146,1700,46,1.1034477273175816,1.4465162736548438
572,1574121600,163,451,288,614,47,2.857614198395822,-0.4502810784919746
572,1574136000,25,66,41,91,47,-0.15967737352868253,-1.350925238950426
572,1574150400,457,301,0,758,47,-0.6605233429574464,-0.2023025715971046
572,1574164800,1120,598,0,1718,47,-0.6605233429574464,1.4508874743686953
572,1574179200,602,503,0,1105,47,-0.6605233429574464,0.39525674710095016
572,1574193600,848,961,113,1809,47,0.7198570118096345,1.6075961141425368
572,1574208000,255,459,204,714,47,1.8314907488344518,-0.27807378203720373
572,1574222400,32,69,37,101,47,-0.2085403949363668,-1.3337045093049489
572,1574236800,466,370,0,836,47,-0.6605233429574464,-0.06798088036238335
572,1574251200,1100,645,0,1745,47,-0.6605233429574464,1.4973834444114835
572,1574265600,607,590,0,1197,47,-0.6605233429574464,0.5536874598393393
572,1574280000,838,1004,166,1842,47,1.3672920454614512,1.664424521972611
572,1574294400,238,492,254,730,47,2.4422785164305054,-0.2505206146044404
572,1574308800,33,68,35,101,47,-0.23297190564020895,-1.3337045093049489
572,1574323200,466,324,0,790,47,-0.6605233429574464,-0.14719623673157792
572,1574337600,1146,631,0,1777,47,-0.6605233429574464,1.55248977927701
572,1574352000,655,512,0,1167,47,-0.6605233429574464,0.502025270902908
572,1574366400,878,933,55,1811,47,0.011343201398212446,1.6110402600716323
572,1574380800,234,528,294,762,47,2.930908730507348,-0.19541427973891376
572,1574395200,35,103,68,138,47,0.17014802097318635,-1.2699878096166837
572,1574409600,404,338,0,742,47,-0.6605233429574464,-0.22985573902986792
572,1574424000,1114,611,0,1725,47,-0.6605233429574464,1.4629419851205292
572,1574438400,673,581,0,1254,47,-0.6605233429574464,0.6518456188185587
572,1574452800,865,817,0,1682,47,-0.6605233429574464,1.3888928476449778
572,1574467200,241,390,149,631,47,1.159624204478793,-0.4210058380946635
572,1574481600,37,86,49,123,47,-0.06195133071331397,-1.2958189040848993
572,1574496000,121,86,0,207,47,-0.6605233429574464,-1.1511647750628917
572,1574510400,457,194,0,651,47,-0.6605233429574464,-0.38656437880370936
572,1574524800,525,300,0,825,47,-0.6605233429574464,-0.08692368297240814
572,1574539200,457,419,0,876,47,-0.6605233429574464,0.0009020382195249807
572,1574553600,190,305,115,495,47,0.7442885225134765,-0.6552077612731518
572,1574568000,31,145,114,176,47,0.7320727671615556,-1.2045490369638707
572,1574582400,82,68,0,150,47,-0.6605233429574464,-1.2493229340421113
572,1574596800,326,145,0,471,47,-0.6605233429574464,-0.6965375124222969
572,1574611200,378,249,0,627,47,-0.6605233429574464,-0.42789412995285436
572,1574625600,296,352,56,648,47,0.023558956750133517,-0.39173059769735247
572,1574640000,114,237,123,351,47,0.8420145653288451,-0.9031862681680218
572,1574654400,26,55,29,81,47,-0.30626643775173534,-1.368145968595903
572,1574668800,404,307,0,711,47,-0.6605233429574464,-0.2832400009308469
572,1574683200,1068,615,0,1683,47,-0.6605233429574464,1.3906149206095255
572,1574697600,593,551,0,1144,47,-0.6605233429574464,0.4624175927183108
572,1574712000,815,896,81,1711,47,0.32895284054816026,1.4388329636168613
572,1574726400,186,454,268,640,48,2.908131872569543,-0.05725018482238676
572,1574740800,29,80,51,109,48,0.013340054461328178,-1.1911699200878108
572,1574755200,452,337,0,789,48,-0.6670027230664088,0.26093068251197893
572,1574769600,1073,586,0,1659,48,-0.6670027230664088,2.118765277014651
572,1574784000,604,508,0,1112,48,-0.6670027230664088,0.950678468746879
572,1574798400,835,900,65,1735,48,0.20010081691992265,2.281058873775804
572,1574812800,208,476,268,684,48,2.908131872569543,0.03670926593407022
572,1574827200,33,95,62,128,48,0.16008065353593814,-1.1505965208975226
572,1574841600,392,307,0,699,48,-0.6670027230664088,0.06874089687377147
572,1574856000,901,498,0,1399,48,-0.6670027230664088,1.5635503407264961
572,1574870400,752,642,0,1394,48,-0.6670027230664088,1.5528731304132624
572,1574884800,632,696,64,1328,48,0.1867607624585945,1.411933954278577
572,1574899200,221,379,158,600,48,1.4407258818234432,-0.14266786732825673
572,1574913600,42,90,48,132,48,-0.026680108922656355,-1.1420547526469356
572,1574928000,143,81,0,224,48,-0.6670027230664088,-0.9455940828834346
572,1574942400,373,174,0,547,48,-0.6670027230664088,-0.2558462966485345
572,1574956800,384,327,0,711,48,-0.6670027230664088,0.09436620162553246
572,1574971200,267,320,53,587,48,0.040020163383984536,-0.17042861414266447
572,1574985600,142,258,116,400,48,0.8804435944476597,-0.5697562798576067
572,1575000000,37,111,74,148,48,0.3201613070718763,-1.1078876796445876
572,1575014400,175,190,15,365,48,-0.4669019061464862,-0.6444967520502429
572,1575028800,468,337,0,805,48,-0.6670027230664088,0.29509775551432693
572,1575043200,497,391,0,888,48,-0.6670027230664088,0.4723394467140071
572,1575057600,443,458,15,901,48,-0.4669019061464862,0.5001001935284148
572,1575072000,152,379,227,531,48,2.3611896396550875,-0.2900133696508825
572,1575086400,27,66,39,93,48,-0.14674059907460996,-1.2253369930901588
572,1575100800,109,73,0,182,48,-0.6670027230664088,-1.0352826495145981
572,1575115200,342,139,0,481,48,-0.6670027230664088,-0.3967854727832199
572,1575129600,427,231,0,658,48,-0.6670027230664088,-0.018812227694745266
572,1575144000,338,354,16,692,48,-0.45356185168515806,0.053792802435244216
572,1575158400,156,235,79,391,48,0.3868615793785172,-0.5889752584214274
572,1575172800,26,95,69,121,48,0.25346103476523535,-1.1655446153360498
572,1575187200,69,55,0,124,48,-0.6670027230664088,-1.1591382891481095
572,1575201600,301,131,0,432,48,-0.6670027230664088,-0.5014221338529107
572,1575216000,294,216,0,510,48,-0.6670027230664088,-0.3348576529664642
572,1575230400,206,297,91,503,48,0.5469422329144553,-0.34980574740499143
572,1575244800,87,162,75,249,48,0.3335013615332044,-0.8922080313172658
572,1575259200,27,40,13,67,48,-0.49358201506914257,-1.2808584867189743
572,1575273600,412,353,0,765,48,-0.6670027230664088,0.20968007300845692
572,1575288000,1000,566,0,1566,48,-0.6670027230664088,1.9201691651885033
572,1575302400,565,562,0,1127,48,-0.6670027230664088,0.9827100996865803
572,1575316800,648,882,234,1530,48,2.454570020884385,1.8432932509332203
572,1575331200,144,346,202,490,49,1.4869289318939938,-0.7615268657342922
572,1575345600,24,75,51,99,49,-0.18300258680119105,-1.4626421984185187
572,1575360000,447,308,0,755,49,-0.747019192453207,-0.28634639729101846
572,1575374400,1094,627,0,1721,49,-0.747019192453207,1.4458208952229528
572,1575388800,613,556,0,1169,49,-0.747019192453207,0.45601101378639775
572,1575403200,827,903,76,1730,49,0.09347614145960112,1.4619590998115923
572,1575417600,191,488,297,679,49,2.537548099285004,-0.422624569372863
572,1575432000,31,72,41,103,49,-0.2935940781055079,-1.45546966304579
572,1575446400,453,357,0,810,49,-0.747019192453207,-0.18772403591599943
572,1575460800,1149,577,0,1726,49,-0.747019192453207,1.4547865644388636
572,1575475200,664,561,0,1225,49,-0.747019192453207,0.556426509004599
572,1575489600,856,945,89,1801,49,0.23724508015521306,1.589271602677526
572,1575504000,215,535,320,750,49,2.7919085292849326,-0.2953120665069293
572,1575518400,30,105,75,135,49,0.08241699232916944,-1.3980893800639607
572,1575532800,453,326,0,779,49,-0.747019192453207,-0.24331118505464652
572,1575547200,1121,595,0,1716,49,-0.747019192453207,1.436855226007042
572,1575561600,630,588,0,1218,49,-0.747019192453207,0.5438745721023238
572,1575576000,845,946,101,1791,49,0.36995486972039326,1.5713402642457044
572,1575590400,217,496,279,713,49,2.3384834149372336,-0.3616580187046694
572,1575604800,30,88,58,118,49,-0.10558854288816924,-1.4285726553980576
572,1575619200,392,333,0,725,49,-0.747019192453207,-0.3401404125864834
572,1575633600,1065,640,0,1705,49,-0.747019192453207,1.4171307537320381
572,1575648000,656,561,0,1217,49,-0.747019192453207,0.5420814382591417
572,1575662400,837,884,47,1721,49,-0.2272391833229178,1.4458208952229528
572,1575676800,258,456,198,714,49,1.4426923353722672,-0.35986488486148727
572,1575691200,37,162,125,199,49,0.6353744488507538,-1.283328814100302
572,1575705600,151,103,0,254,49,-0.747019192453207,-1.184706452725283
572,1575720000,514,272,0,786,49,-0.747019192453207,-0.23075924815237137
572,1575734400,617,465,0,1082,49,-0.747019192453207,0.30000836942954945
572,1575748800,561,629,68,1190,49,0.00500294841614763,0.49366682449322324
572,1575763200,252,439,187,691,49,1.3210416949375183,-0.40110696325467704
572,1575777600,48,155,107,203,49,0.4363097645029834,-1.2761562787275735
572,1575792000,88,89,1,177,49,-0.7359600433227754,-1.3227777586503098
572,1575806400,445,194,0,639,49,-0.747019192453207,-0.49434992310014964
572,1575820800,518,400,0,918,49,-0.747019192453207,0.0059344191476743855
572,1575835200,371,553,182,924,49,1.26574594928536,0.016693222206767375
572,1575849600,145,347,202,492,49,1.4869289318939938,-0.7579405980479278
572,1575864000,31,76,45,107,49,-0.24935748158378115,-1.4482971276730614
572,1575878400,398,287,0,685,49,-0.747019192453207,-0.41186576631377003
572,1575892800,1069,551,0,1620,49,-0.747019192453207,1.264714377061554
572,1575907200,569,591,22,1160,49,-0.5037179115837099,0.4398728091977583
572,1575921600,808,872,64,1680,49,-0.03923364810557912,1.372302407652484
572,1575936000,168,430,262,598,50,1.7648263418950811,-0.5757324817282204
572,1575950400,32,66,34,98,50,-0.3993402671441424,-1.4849888640921094
572,1575964800,443,363,0,806,50,-0.7220668667377108,-0.19748182666484268
572,1575979200,1078,593,0,1671,50,-0.7220668667377108,1.375531714824685
572,1575993600,588,589,1,1177,50,-0.7125749079261353,0.4771864090491629
572,1576008000,834,865,31,1699,50,-0.42781614357886905,1.4264500722370628
572,1576022400,198,484,286,682,50,1.9926333533728942,-0.42297740949108714
572,1576036800,38,77,39,115,50,-0.3518804730862647,-1.454074147091737
572,1576051200,448,340,0,788,50,-0.7220668667377108,-0.23021505642994267
572,1576065600,1091,574,0,1665,50,-0.7220668667377108,1.3646206382363184
572,1576080000,587,569,0,1156,50,-0.7220668667377108,0.43899764098987953
572,1576094400,807,953,146,1760,50,0.6637591197523183,1.5373793508854572
572,1576108800,192,526,334,718,50,2.44824737632852,-0.3575109499608871
572,1576123200,28,96,68,124,50,-0.076613667550574,-1.437707532209187
572,1576137600,430,345,0,775,50,-0.7220668667377108,-0.2538557223714038
572,1576152000,1188,610,0,1798,50,-0.7220668667377108,1.6064828359451129
572,1576166400,644,598,0,1242,50,-0.7220668667377108,0.5953897387564684
572,1576180800,876,986,110,1862,50,0.32204860253559875,1.7228676528876905
572,1576195200,199,513,314,712,50,2.2584082000970094,-0.36842202654925377
572,1576209600,32,102,70,134,50,-0.05762974992742291,-1.4195224045619093
572,1576224000,409,301,0,710,50,-0.7220668667377108,-0.3720590520787093
572,1576238400,1023,569,0,1592,50,-0.7220668667377108,1.2318692064111907
572,1576252800,668,600,0,1268,50,-0.7220668667377108,0.6426710706393907
572,1576267200,863,764,0,1627,50,-0.7220668667377108,1.295517153176663
572,1576281600,226,498,272,724,50,1.8597459300108365,-0.34659987337252046
572,1576296000,36,156,120,192,50,0.41696819065135415,-1.3140486642076983
572,1576310400,142,94,0,236,50,-0.7220668667377108,-1.234034102559676
572,1576324800,519,278,0,797,50,-0.7220668667377108,-0.2138484415473927
572,1576339200,554,427,0,981,50,-0.7220668667377108,0.12075790716251843
572,1576353600,515,577,62,1092,50,-0.13356542042002725,0.32261282404730174
572,1576368000,240,498,258,738,50,1.7268585066487792,-0.32114069466633155
572,1576382400,41,180,139,221,50,0.5973154080712895,-1.2613117940305927
572,1576396800,93,73,0,166,50,-0.7220668667377108,-1.3613299960906204
572,1576411200,443,213,0,656,50,-0.7220668667377108,-0.47025874137400936
572,1576425600,536,465,0,1001,50,-0.7220668667377108,0.15712816245707398
572,1576440000,363,554,191,917,50,1.0908972662732177,0.004373090219940648
572,1576454400,137,368,231,505,50,1.4705756187362395,-0.7448541688479038
572,1576468800,25,74,49,99,50,-0.2569608849705093,-1.4831703513273815
572,1576483200,413,308,0,721,50,-0.7220668667377108,-0.3520554116667038
572,1576497600,1103,541,0,1644,50,-0.7220668667377108,1.326431870177035
572,1576512000,623,599,0,1222,50,-0.7220668667377108,0.5590194834619129
572,1576526400,773,951,178,1724,50,0.9675018017227356,1.4719128913552573
572,1576540800,181,437,256,618,51,2.0334848008317277,-0.43682392756965005
572,1576555200,27,74,47,101,51,-0.2576112820460679,-1.4303501413799966
572,1576569600,427,308,0,735,51,-0.7728338461382037,-0.21198337241334336
572,1576584000,1037,579,0,1616,51,-0.7728338461382037,1.4810467907721796
572,1576598400,587,568,0,1155,51,-0.7728338461382037,0.5951365691733985
572,1576612800,782,880,98,1662,51,0.3014600109049731,1.569445641517394
572,1576627200,185,445,260,630,51,2.077333529690633,-0.4137633578100288
572,1576641600,26,81,55,107,51,-0.16991382432825758,-1.418819856500186
572,1576656000,427,295,0,722,51,-0.7728338461382037,-0.23696565631959965
572,1576670400,1112,618,0,1730,51,-0.7728338461382037,1.700122203488581
572,1576684800,660,632,0,1292,51,-0.7728338461382037,0.8584114072624073
572,1576699200,825,942,117,1767,51,0.5097414729847727,1.7712256269140796
572,1576713600,178,474,296,652,51,2.4719720894207793,-0.37148564658405664
572,1576728000,34,98,64,132,51,-0.07125418439572091,-1.3707770028343085
572,1576742400,397,297,0,694,51,-0.7728338461382037,-0.29077365242538245
572,1576756800,1053,631,0,1684,51,-0.7728338461382037,1.6117233527433663
572,1576771200,614,479,0,1093,51,-0.7728338461382037,0.47599029208202237
572,1576785600,776,911,135,1687,51,0.707060752849846,1.6174884951832718
572,1576800000,193,471,278,664,51,2.274652809555706,-0.34842507682443546
572,1576814400,30,97,67,127,51,-0.03836763775154203,-1.380385573567484
572,1576828800,358,306,0,664,51,-0.7728338461382037,-0.34842507682443546
572,1576843200,947,543,0,1490,51,-0.7728338461382037,1.238910808296157
572,1576857600,662,593,0,1255,51,-0.7728338461382037,0.7873079838369086
572,1576872000,777,865,88,1642,51,0.19183818875771017,1.531011358584692
572,1576886400,256,447,191,703,51,1.3209429568745186,-0.27347822510566655
572,1576900800,37,138,101,175,51,0.334346557549152,-1.2881432945289992
572,1576915200,124,101,0,225,51,-0.7728338461382037,-1.1920575871972443
572,1576929600,445,232,0,677,51,-0.7728338461382037,-0.3234427929181791
572,1576944000,507,366,0,873,51,-0.7728338461382037,0.05321317982230042
572,1576958400,464,575,111,1039,51,0.44396837969641495,0.372217728163727
572,1576972800,192,437,245,629,51,1.9129007964697384,-0.41568507195666393
572,1576987200,34,136,102,170,51,0.34530873976387827,-1.2977518652621747
572,1577001600,89,70,0,159,51,-0.7728338461382037,-1.3188907208751608
572,1577016000,391,188,0,579,51,-0.7728338461382037,-0.511770779288419
572,1577030400,510,332,0,842,51,-0.7728338461382037,-0.006359958723387675
572,1577044800,362,525,163,887,51,1.0140018548621823,0.08011717787519182
572,1577059200,145,336,191,481,51,1.3209429568745186,-0.7000987656586587
572,1577073600,30,83,53,113,51,-0.19183818875771017,-1.4072895716203755
572,1577088000,259,252,0,511,51,-0.7728338461382037,-0.6424473412596057
572,1577102400,720,479,0,1199,51,-0.7728338461382037,0.679691991625343
572,1577116800,564,447,0,1011,51,-0.7728338461382037,0.3184097320579442
572,1577131200,634,677,43,1311,51,-0.3014600109049731,0.8949239760484742
572,1577145600,158,403,245,561,52,2.5555955175557763,-0.11538470694441386
572,1577160000,35,125,90,160,52,0.4629661261167519,-1.2325501190500878
572,1577174400,219,223,4,442,52,-0.6981056652623198,-0.4469125973199131
572,1577188800,576,382,0,958,52,-0.7521090043962301,0.9906369105267896
572,1577203200,570,460,0,1030,52,-0.7521090043962301,1.1912252139472597
572,1577217600,407,532,125,939,52,0.9354953435384671,0.9377038860130544
572,1577232000,144,260,116,404,52,0.8139878304871689,-0.5527786463473835
572,1577246400,25,101,76,126,52,0.27395443914806583,-1.3272723734430878
572,1577260800,64,70,6,134,52,-0.6711039956953646,-1.3049847841741467
572,1577275200,224,157,0,381,52,-0.7521090043962301,-0.6168554654955892
572,1577289600,315,228,0,543,52,-0.7521090043962301,-0.1655317827995314
572,1577304000,253,321,68,574,52,0.1659477608802452,-0.07916737438238453
572,1577318400,115,243,128,358,52,0.9759978478888998,-0.680932284643795
572,1577332800,23,70,47,93,52,-0.11756976957278395,-1.4192086791774698
572,1577347200,214,200,0,414,52,-0.7521090043962301,-0.5249191597612071
572,1577361600,523,393,0,916,52,-0.7521090043962301,0.8736270668648487
572,1577376000,476,400,0,876,52,-0.7521090043962301,0.7621891205201431
572,1577390400,540,635,95,1175,52,0.5304703000341399,1.5951877694468177
572,1577404800,119,379,260,498,52,2.75810803930794,-0.2908994724373252
572,1577419200,29,80,51,109,52,-0.06356643043887363,-1.3746335006395876
572,1577433600,237,212,0,449,52,-0.7521090043962301,-0.4274109567095897
572,1577448000,631,438,0,1069,52,-0.7521090043962301,1.2998772116333477
572,1577462400,551,500,0,1051,52,-0.7521090043962301,1.2497301357782302
572,1577476800,586,612,26,1198,52,-0.4010873000258131,1.6592645885950235
