remote_unit_id,time_stamp,entries,exits,num_people_exited,sum_exit_entry,week_num,z_score_num_people_exited,z_score_sum_exit_entry
570,1546300800,0,0,0,0,1,-0.32985161664013224,-1.2067499531982793
570,1546315200,170,183,13,353,1,0.5920836518690373,-0.8223293454290358
570,1546329600,54,71,17,125,1,0.875756042179551,-1.0706236756595953
570,1546344000,220,139,0,359,1,-0.32985161664013224,-0.815795284107179
570,1546358400,485,329,0,814,1,-0.32985161664013224,-0.32029563386636944
570,1546372800,445,408,0,853,1,-0.32985161664013224,-0.27782423527430006
570,1546387200,231,186,0,417,1,-0.32985161664013224,-0.7526326913292296
570,1546401600,21,16,0,37,1,-0.32985161664013224,-1.1664565750468288
570,1546416000,400,425,25,825,1,1.4431008228005784,-0.30831652144296523
570,1546430400,1362,961,0,2323,1,-0.32985161664013224,1.323020788580623
570,1546444800,876,560,0,1436,1,-0.32985161664013224,0.35706872316612187
570,1546459200,1639,1144,0,2783,1,-0.32985161664013224,1.82396548992298
570,1546473600,380,336,0,716,1,-0.32985161664013224,-0.42701863545669766
570,1546488000,32,30,0,62,1,-0.32985161664013224,-1.139231319539092
570,1546502400,477,450,0,927,1,-0.32985161664013224,-0.19723747897139915
570,1546516800,1545,1056,0,2601,1,-0.32985161664013224,1.6257656298266563
570,1546531200,922,590,0,1512,1,-0.32985161664013224,0.4398334999096417
570,1546545600,1603,1207,0,2810,1,-0.32985161664013224,1.8533687658713358
570,1546560000,433,363,0,796,1,-0.32985161664013224,-0.33989781783193995
570,1546574400,37,35,0,72,1,-0.32985161664013224,-1.1283412173359972
570,1546588800,421,501,80,922,1,5.3435961895701425,-0.2026825300729465
570,1546601635,1447,829,0,2276,1,-0.32985161664013224,1.271837308226078
570,1546603200,799,717,0,1516,1,-0.32985161664013224,0.44418954079087963
570,1546617600,958,647,0,1605,1,-0.32985161664013224,0.5411114503984226
570,1546632000,1551,430,0,1981,1,-0.32985161664013224,0.9505792932347839
570,1546646400,1852,1477,0,3329,1,-0.32985161664013224,2.418565070211952
570,1546660800,56,52,0,108,1,-0.32985161664013224,-1.0891368494048563
570,1546675200,84,124,40,208,1,2.506872286465005,-0.9802358273739092
570,1546689600,423,316,0,739,1,-0.32985161664013224,-0.4019714003895798
570,1546704000,845,444,0,1289,1,-0.32985161664013224,0.19698422078062955
570,1546718400,821,518,0,1339,1,-0.32985161664013224,0.25143473179610315
570,1546732800,418,293,0,711,1,-0.32985161664013224,-0.432463686558245
570,1546747200,48,67,19,115,1,1.0175922373348079,-1.08151377786269
570,1546761600,60,66,6,126,1,0.09565696882563833,-1.0695346654392859
570,1546776000,434,224,0,658,1,-0.32985161664013224,-0.490181228234647
570,1546790400,822,433,0,1255,1,-0.32985161664013224,0.15995787329010752
570,1546804800,608,486,0,1094,1,-0.32985161664013224,-0.015372772179717395
570,1546819200,279,208,0,487,1,-0.32985161664013224,-0.6764019759075667
570,1546833600,21,17,0,38,1,-0.32985161664013224,-1.1653675648265194
570,1546848000,541,524,0,1065,1,-0.32985161664013224,-0.046954068568692074
570,1546862400,1517,1025,0,2542,1,-0.32985161664013224,1.5615140268283974
570,1546876800,895,594,0,1489,1,-0.32985161664013224,0.4147862648425239
570,1546891200,1727,1209,0,2936,1,-0.32985161664013224,1.9905840536303292
570,1546905600,417,297,0,714,2,-0.22433153303995376,-0.5766078558413518
570,1546920000,29,23,0,52,2,-0.22433153303995376,-1.2428314605543231
570,1546934400,567,480,0,1047,2,-0.22433153303995376,-0.24148329334978155
570,1546948800,1622,1108,0,2730,2,-0.22433153303995376,1.45225436032383
570,1546963200,903,591,0,1494,2,-0.22433153303995376,0.2083685968416055
570,1546977600,1766,1293,0,3059,2,-0.22433153303995376,1.7833534025452313
570,1546992000,410,387,0,797,2,-0.22433153303995376,-0.49307831023534476
570,1547006400,33,16,0,49,2,-0.22433153303995376,-1.2458506007569499
570,1547020800,499,476,0,975,2,-0.22433153303995376,-0.31394265821282374
570,1547035200,1496,1180,0,2676,2,-0.22433153303995376,1.3979098366765483
570,1547049600,907,665,0,1572,2,-0.22433153303995376,0.2868662421099012
570,1547064000,1708,1357,0,3065,2,-0.22433153303995376,1.7893916829504848
570,1547078400,480,405,0,885,2,-0.22433153303995376,-0.40451686429162653
570,1547092800,39,31,0,70,2,-0.22433153303995376,-1.2247166193385626
570,1547107200,528,458,0,986,2,-0.22433153303995376,-0.30287247746985896
570,1547121600,1672,1128,0,2800,2,-0.22433153303995376,1.5227009650517878
570,1547136000,972,644,0,1616,2,-0.22433153303995376,0.33114696508176034
570,1547150400,1781,1244,0,3025,2,-0.22433153303995376,1.7491364802487948
570,1547164800,450,397,0,847,2,-0.22433153303995376,-0.4427593068582321
570,1547179200,31,27,0,58,2,-0.22433153303995376,-1.2367931801490697
570,1547193600,504,450,0,954,2,-0.22433153303995376,-0.3350766396312111
570,1547208000,1651,1121,0,2772,2,-0.22433153303995376,1.4945223231606046
570,1547222400,976,664,0,1640,2,-0.22433153303995376,0.3553000867027744
570,1547236800,1599,1179,0,2778,2,-0.22433153303995376,1.5005606035658583
570,1547251200,496,390,0,886,2,-0.22433153303995376,-0.40351048422408425
570,1547265600,46,53,7,99,2,0.49255401819642014,-1.1955315973798373
570,1547280000,73,132,59,205,2,5.817989541666626,-1.0888553102203584
570,1547294400,523,324,0,847,2,-0.22433153303995376,-0.4427593068582321
570,1547308800,825,430,0,1255,2,-0.22433153303995376,-0.03215623930099295
570,1547323200,848,527,0,1375,2,-0.22433153303995376,0.0886093688040774
570,1547337600,429,283,0,712,2,-0.22433153303995376,-0.5786206159764363
570,1547352000,81,71,0,152,2,-0.22433153303995376,-1.142193453800098
570,1547366400,51,77,26,128,2,2.4383862286951494,-1.166346575421112
570,1547380800,439,235,0,674,2,-0.22433153303995376,-0.6168630585430419
570,1547395200,706,409,0,1115,2,-0.22433153303995376,-0.17304944875690836
570,1547409600,555,500,0,1055,2,-0.22433153303995376,-0.23343225280944352
570,1547424000,306,195,0,501,2,-0.22433153303995376,-0.7909668102278516
570,1547438400,23,17,0,40,2,-0.22433153303995376,-1.2549080213648303
570,1547452800,567,466,0,1033,2,-0.22433153303995376,-0.2555726142953731
570,1547467200,1575,1135,0,2710,2,-0.22433153303995376,1.432126758972985
570,1547481600,945,635,0,1580,2,-0.22433153303995376,0.29491728265023925
570,1547496000,1722,1302,0,3024,2,-0.22433153303995376,1.7481301001812524
570,1547510400,452,349,0,801,3,-0.24188788397587077,-0.3462460334253832
570,1547524800,23,19,0,42,3,-0.24188788397587077,-1.1931211273373576
570,1547539200,503,481,0,984,3,-0.24188788397587077,-0.14205875781814822
570,1547553600,1495,1095,0,2590,3,-0.24188788397587077,1.649879846691247
570,1547568000,937,615,0,1552,3,-0.24188788397587077,0.4917028407879143
570,1547582400,1688,1350,0,3038,3,-0.24188788397587077,2.1497481498171553
570,1547596800,477,435,0,912,3,-0.24188788397587077,-0.22239473510624067
570,1547611200,34,23,0,57,3,-0.24188788397587077,-1.1763844654023383
570,1547625600,566,488,0,1054,3,-0.24188788397587077,-0.06395433545472504
570,1547640000,1547,1074,0,2621,3,-0.24188788397587077,1.6844689480236201
570,1547654400,989,631,0,1620,3,-0.24188788397587077,0.5675757082266683
570,1547668800,1728,1221,0,2949,3,-0.24188788397587077,2.0504439556693743
570,1547683200,482,453,0,935,3,-0.24188788397587077,-0.1967318534725445
570,1547697600,47,29,0,76,3,-0.24188788397587077,-1.1551846936179806
570,1547712000,535,454,0,989,3,-0.24188788397587077,-0.13647987050647514
570,1547726400,1649,1160,0,2809,3,-0.24188788397587077,1.8942351109425282
570,1547740800,919,659,0,1578,3,-0.24188788397587077,0.5207130548086144
570,1547755200,1714,1227,0,2941,3,-0.24188788397587077,2.0415177359706975
570,1547769600,466,397,0,863,3,-0.24188788397587077,-0.2770678307606369
570,1547784000,37,30,0,67,3,-0.24188788397587077,-1.165226690778992
570,1547797293,339,315,0,654,3,-0.24188788397587077,-0.5102653203885719
570,1547797540,180,411,231,591,3,5.828602122766722,-0.5805593005156527
570,1547798400,153,91,0,244,3,-0.24188788397587077,-0.967734079945765
570,1547812800,1510,1063,0,2573,3,-0.24188788397587077,1.6309116298315585
570,1547827200,1026,625,0,1651,3,-0.24188788397587077,0.6021648095590414
570,1547841600,1523,917,0,2440,3,-0.24188788397587077,1.4825132273410544
570,1547856000,500,311,0,811,3,-0.24188788397587077,-0.335088258802037
570,1547870400,60,54,0,114,3,-0.24188788397587077,-1.1127851500492651
570,1547884800,76,126,50,202,3,1.0720709919424396,-1.0145967333638188
570,1547899200,555,249,0,804,3,-0.24188788397587077,-0.3428987010383793
570,1547913600,849,428,0,1277,3,-0.24188788397587077,0.1848640386458946
570,1547928000,819,415,0,1234,3,-0.24188788397587077,0.13688560776550607
570,1547942400,339,244,0,583,3,-0.24188788397587077,-0.5894855202143298
570,1547956800,53,54,1,107,3,-0.21560870645750455,-1.1205955922856075
570,1547971200,58,67,9,125,3,-0.005375286310574918,-1.1005115979635844
570,1547985600,370,171,0,541,3,-0.24188788397587077,-0.6363481736323836
570,1548000000,714,308,0,1022,3,-0.24188788397587077,-0.09965921424943278
570,1548014400,553,369,0,922,3,-0.24188788397587077,-0.2112369604828945
570,1548028800,304,156,0,460,3,-0.24188788397587077,-0.7267261480814876
570,1548043200,23,30,7,53,3,-0.05793364134730733,-1.1808475752516767
570,1548057600,163,270,107,433,3,2.569984110489313,-0.7568521395645222
570,1548072000,688,473,0,1161,3,-0.24188788397587077,0.055433853015079006
570,1548086400,664,349,0,1013,3,-0.24188788397587077,-0.10970121141044434
570,1548100800,908,497,0,1405,3,-0.24188788397587077,0.3276835538247256
570,1548115200,269,145,0,414,4,-0.2058518935972066,-0.8364714885580707
570,1548129600,21,13,0,34,4,-0.2058518935972066,-1.253920770374354
570,1548144000,504,468,0,972,4,-0.2058518935972066,-0.22348017473310727
570,1548158400,1521,966,0,2487,4,-0.2058518935972066,1.4408241988239172
570,1548172800,854,500,0,1354,4,-0.2058518935972066,0.1961662085664197
570,1548187200,1700,1024,0,2724,4,-0.2058518935972066,1.7011807245882833
570,1548201600,465,296,0,761,4,-0.2058518935972066,-0.4552743812153067
570,1548216000,39,17,0,56,4,-0.2058518935972066,-1.2297526540586745
570,1548230400,536,507,0,1043,4,-0.2058518935972066,-0.14548307207795957
570,1548244800,1656,994,0,2650,4,-0.2058518935972066,1.6198879697082702
570,1548259200,882,480,0,1362,4,-0.2058518935972066,0.20495461449939406
570,1548273600,1700,1081,0,2781,4,-0.2058518935972066,1.7637981168607257
570,1548288000,539,334,0,873,4,-0.2058518935972066,-0.3322366981536653
570,1548302400,39,18,0,57,4,-0.2058518935972066,-1.2286541033170526
570,1548316800,521,480,0,1001,4,-0.2058518935972066,-0.19162220322607512
570,1548331200,1650,955,0,2605,4,-0.2058518935972066,1.5704531863352893
570,1548345600,874,534,0,1408,4,-0.2058518935972066,0.2554879486139968
570,1548360000,1645,1116,0,2761,4,-0.2058518935972066,1.7418271020282898
570,1548374400,510,351,0,861,4,-0.2058518935972066,-0.34541930705312685
570,1548388800,35,21,0,56,4,-0.2058518935972066,-1.2297526540586745
570,1548403200,477,449,0,926,4,-0.2058518935972066,-0.27401350884771
570,1548407649,348,521,173,869,4,6.295992978029086,-0.3366309011201525
570,1548408296,51,50,0,101,4,-0.2058518935972066,-1.1803178706856936
570,1548417600,1617,936,0,2553,4,-0.2058518935972066,1.513328547770956
570,1548432000,935,514,0,1449,4,-0.2058518935972066,0.30052852902049054
570,1548446400,1648,968,0,2616,4,-0.2058518935972066,1.5825372444931292
570,1548460800,490,335,0,825,4,-0.2058518935972066,-0.3849671337515116
570,1548475200,60,45,0,105,4,-0.2058518935972066,-1.1759236677192064
570,1548489600,74,122,48,196,4,1.5981281863915913,-1.0759555502316227
570,1548504000,565,281,0,846,4,-0.2058518935972066,-0.36189756817745383
570,1548518400,915,446,0,1361,4,-0.2058518935972066,0.20385606375777227
570,1548532800,943,477,0,1420,4,-0.2058518935972066,0.26867055751345836
570,1548547200,415,303,0,718,4,-0.2058518935972066,-0.502512063105044
570,1548561600,65,67,2,132,4,-0.13068605693100668,-1.1462627976954178
570,1548576000,55,70,15,125,4,0.3578918813992928,-1.1539526528867705
570,1548590400,482,221,0,703,4,-0.2058518935972066,-0.518990324229371
570,1548604800,775,395,0,1170,4,-0.2058518935972066,-0.0059671278919912
570,1548619200,647,454,0,1101,4,-0.2058518935972066,-0.08176712906389529
570,1548633600,272,172,0,444,4,-0.2058518935972066,-0.8035149663094168
570,1548648000,27,15,0,42,4,-0.2058518935972066,-1.2451323644413796
570,1548662400,476,479,3,955,4,-0.09310313859790671,-0.24215553734067782
570,1548676800,1582,940,0,2522,4,-0.2058518935972066,1.4792734747806802
570,1548691200,954,531,0,1485,4,-0.2058518935972066,0.34007635571887523
570,1548705600,1654,1141,0,2795,4,-0.2058518935972066,1.779177827243431
570,1548720000,439,297,0,736,5,-0.22284987856499588,-0.47188875456639706
570,1548734400,33,18,0,51,5,-0.22284987856499588,-1.2106379094424349
570,1548748487,526,504,0,1030,5,-0.22284987856499588,-0.15481977422544066
570,1548748572,10,1,0,11,5,-0.22284987856499588,-1.2537765462235175
570,1548748653,10,1,0,11,5,-0.22284987856499588,-1.2537765462235175
570,1548748800,260,454,194,714,5,6.155771235770788,-0.4956150047959924
570,1548763200,1687,1046,0,2733,5,-0.22284987856499588,1.681807686729147
570,1548777600,958,611,0,1569,5,-0.22284987856499588,0.42647335639964606
570,1548792000,1824,1106,0,2930,5,-0.22284987856499588,1.8942654728759782
570,1548806400,485,340,0,825,5,-0.22284987856499588,-0.37590528772848847
570,1548820800,38,20,0,58,5,-0.22284987856499588,-1.2030886480057454
570,1548835200,549,460,0,1009,5,-0.22284987856499588,-0.17746755853550897
570,1548849600,1479,1016,0,2495,5,-0.22284987856499588,1.425132797881706
570,1548864000,941,582,0,1523,5,-0.22284987856499588,0.3768639241014012
570,1548878400,1770,1083,0,2853,5,-0.22284987856499588,1.8112235970723944
570,1548892800,436,331,0,767,5,-0.22284987856499588,-0.4384563110610581
570,1548907200,28,16,0,44,5,-0.22284987856499588,-1.2181871708791243
570,1548921600,466,435,0,901,5,-0.22284987856499588,-0.2939418778444317
570,1548936000,1557,1005,0,2562,5,-0.22284987856499588,1.4973900144900192
570,1548950400,834,520,0,1354,5,-0.22284987856499588,0.19460318370132762
570,1548964800,1635,1021,0,2656,5,-0.22284987856499588,1.5987658109255631
570,1548979200,422,313,0,735,5,-0.22284987856499588,-0.4729672204859241
570,1548993600,31,31,0,62,5,-0.22284987856499588,-1.1987747843276373
570,1549008000,445,424,0,869,5,-0.22284987856499588,-0.3284527872692977
570,1549022400,1492,981,0,2473,5,-0.22284987856499588,1.4014065476521107
570,1549036800,945,535,0,1480,5,-0.22284987856499588,0.3304898895617375
570,1549051200,1575,964,0,2539,5,-0.22284987856499588,1.472585298340897
570,1549065600,509,305,0,814,5,-0.22284987856499588,-0.38776841284328617
570,1549080000,59,42,0,101,5,-0.22284987856499588,-1.1567146134660817
570,1549094400,80,142,62,222,5,1.8156785188000484,-1.0262202372033071
570,1549108800,572,290,0,862,5,-0.22284987856499588,-0.33600204870598716
570,1549123200,966,491,0,1457,5,-0.22284987856499588,0.3056851734126151
570,1549137600,855,542,0,1397,5,-0.22284987856499588,0.24097721824099133
570,1549152000,493,323,0,816,5,-0.22284987856499588,-0.38561148100423204
570,1549166400,75,77,2,152,5,-0.15709089800483317,-1.1017128515702017
570,1549180800,49,96,47,145,5,1.322486164598828,-1.1092621130068911
570,1549195200,504,226,0,730,5,-0.22284987856499588,-0.4783595500835594
570,1549209600,781,407,0,1188,5,-0.22284987856499588,0.01557784105983524
570,1549224000,727,523,0,1250,5,-0.22284987856499588,0.08244272807051312
570,1549238400,418,198,0,616,5,-0.22284987856499588,-0.6013046649096445
570,1549252800,20,20,0,40,5,-0.22284987856499588,-1.2225010345572327
570,1549267200,571,445,0,1016,5,-0.22284987856499588,-0.16991829709881953
570,1549281600,1647,997,0,2644,5,-0.22284987856499588,1.5858242198912385
570,1549296000,903,563,0,1466,5,-0.22284987856499588,0.31539136668835865
570,1549310400,1776,1128,0,2904,5,-0.22284987856499588,1.8662253589682747
570,1549324800,448,299,0,747,6,-0.2744017217576371,-0.587069841005727
570,1549339200,28,15,0,43,6,-0.2744017217576371,-1.305341908654063
570,1549353600,522,475,0,997,6,-0.2744017217576371,-0.3320016351646986
570,1549368000,1682,1012,0,2694,6,-0.2744017217576371,1.399401346084202
570,1549382400,896,564,0,1460,6,-0.2744017217576371,0.14038468205288598
570,1549396800,1688,1100,0,2788,6,-0.2744017217576371,1.4953069914804287
570,1549411200,498,392,0,890,6,-0.2744017217576371,-0.4411708272646587
570,1549425600,31,21,0,52,6,-0.2744017217576371,-1.296159453243786
570,1549440000,590,491,0,1081,6,-0.2744017217576371,-0.24629871800211306
570,1549454400,1677,1123,0,2800,6,-0.2744017217576371,1.5075502653607982
570,1549468800,1012,706,0,1718,6,-0.2744017217576371,0.4036150704808273
570,1549483200,1820,1346,0,3166,6,-0.2744017217576371,1.8809701187120638
570,1549497600,467,463,0,930,6,-0.2744017217576371,-0.4003599143300942
570,1549512000,27,22,0,49,6,-0.2744017217576371,-1.2992202717138783
570,1549526400,552,546,0,1098,6,-0.2744017217576371,-0.22895408000492312
570,1549540800,1755,1174,0,2929,6,-0.2744017217576371,1.639165459574769
570,1549555200,996,690,0,1686,6,-0.2744017217576371,0.37096634013317564
570,1549569600,1795,1244,0,3039,6,-0.2744017217576371,1.7513954701448213
570,1549584000,518,482,0,1000,6,-0.2744017217576371,-0.32894081669460623
570,1549598400,32,26,0,58,6,-0.2744017217576371,-1.2900378163036013
570,1549612800,530,429,0,959,6,-0.2744017217576371,-0.3707720024525349
570,1549627200,1638,1136,0,2774,6,-0.2744017217576371,1.481023171953331
570,1549641600,988,725,0,1713,6,-0.2744017217576371,0.39851370636400674
570,1549656000,1585,1211,0,2796,6,-0.2744017217576371,1.5034691740673416
570,1549670400,557,435,0,992,6,-0.2744017217576371,-0.33710299928151916
570,1549684800,68,64,0,132,6,-0.2744017217576371,-1.2145376273746569
570,1549699200,88,129,41,217,6,4.100781286266909,-1.1278144373887071
570,1549713600,606,362,0,968,6,-0.2744017217576371,-0.3615895470422579
570,1549728000,909,521,0,1430,6,-0.2744017217576371,0.10977649735196257
570,1549742400,865,574,0,1439,6,-0.2744017217576371,0.1189589527622396
570,1549756800,449,347,0,796,6,-0.2744017217576371,-0.5370764726608854
570,1549771200,68,106,38,174,6,3.780645944216333,-1.171686168793364
570,1549785600,56,85,29,141,6,2.820239918064603,-1.2053551719643798
570,1549800000,447,286,0,733,6,-0.2744017217576371,-0.6013536605328246
570,1549814400,755,459,0,1214,6,-0.2744017217576371,-0.11060243249468595
570,1549828800,659,527,0,1186,6,-0.2744017217576371,-0.13917007154888114
570,1549843200,279,244,0,523,6,-0.2744017217576371,-0.8156109534392884
570,1549857600,20,12,0,32,6,-0.2744017217576371,-1.316564909711068
570,1549872000,543,476,0,1019,6,-0.2744017217576371,-0.3095556330506881
570,1549886400,1640,1107,0,2747,6,-0.2744017217576371,1.4534758057225001
570,1549900800,921,628,0,1549,6,-0.2744017217576371,0.23118896333229208
570,1549915200,1593,1189,0,2782,6,-0.2744017217576371,1.489185354540244
570,1549929600,447,399,0,846,7,-0.3207554475749348,-0.3810460982736775
570,1549944000,32,28,0,60,7,-0.3207554475749348,-1.3257846863559726
570,1549958400,578,520,0,1098,7,-0.3207554475749348,-0.07815281049156766
570,1549972800,1654,1005,0,2659,7,-0.3207554475749348,1.798102833269835
570,1549987200,974,587,0,1561,7,-0.3207554475749348,0.47835350793349923
570,1550001600,1689,1202,0,2891,7,-0.3207554475749348,2.076956971227968
570,1550016000,436,389,0,825,7,-0.3207554475749348,-0.40628720558885334
570,1550030400,30,17,0,47,7,-0.3207554475749348,-1.3414101337415576
570,1550044800,558,546,0,1104,7,-0.3207554475749348,-0.07094106554437458
570,1550046828,394,265,0,659,7,-0.3207554475749348,-0.6058121491278622
570,1550046911,175,232,57,407,7,0.9656275525047813,-0.9087054369099721
570,1550049501,529,314,0,843,7,-0.3207554475749348,-0.3846519707472741
570,1550059200,744,772,28,1516,7,0.31115199106071517,0.42426542082955104
570,1550072429,874,644,0,1518,7,-0.3207554475749348,0.42666933581194877
570,1550073600,996,370,0,1366,7,-0.3207554475749348,0.24397179714972375
570,1550088000,1778,1274,0,3052,7,-0.3207554475749348,2.2704721273109825
570,1550102400,460,467,7,927,7,-0.16277858791602232,-0.28368754148657077
570,1550116800,33,18,0,51,7,-0.3207554475749348,-1.3366023037767623
570,1550131200,548,462,0,1010,7,-0.3207554475749348,-0.18392506971706635
570,1550145600,1595,1411,0,3006,7,-0.3207554475749348,2.2151820827158355
570,1550160000,971,746,0,1717,7,-0.3207554475749348,0.6658588765605196
570,1550174400,1762,1263,0,3025,7,-0.3207554475749348,2.2380192750486136
570,1550188800,483,444,0,927,7,-0.3207554475749348,-0.28368754148657077
570,1550203200,43,27,0,70,7,-0.3207554475749348,-1.3137651114439841
570,1550217600,513,610,97,1123,7,1.868352464841424,-0.048103873211596454
570,1550222455,882,646,0,1528,7,-0.3207554475749348,0.43868891072393723
570,1550232000,799,1067,268,1866,7,5.727501465080572,0.844950542749148
570,1550246400,1043,689,0,1732,7,-0.3207554475749348,0.6838882389285024
570,1550260800,1507,1057,0,2564,7,-0.3207554475749348,1.6839168716059443
570,1550275200,524,394,0,918,7,-0.3207554475749348,-0.2945051589073604
570,1550289600,61,68,7,129,7,-0.16277858791602232,-1.242849619463252
570,1550304000,85,137,52,222,7,0.8527869384627009,-1.131067572781759
570,1550318400,586,350,0,936,7,-0.3207554475749348,-0.27286992406578114
570,1550332800,851,497,0,1348,7,-0.3207554475749348,0.22233656230814447
570,1550347200,846,544,0,1390,7,-0.3207554475749348,0.2728187769384961
570,1550361600,448,378,0,826,7,-0.3207554475749348,-0.4050852480976545
570,1550376000,56,54,0,110,7,-0.3207554475749348,-1.26568681179603
570,1550390400,55,92,37,147,7,0.5142650963364598,-1.2212143846216728
570,1550404800,467,264,0,731,7,-0.3207554475749348,-0.5192712097615451
570,1550419200,772,465,0,1237,7,-0.3207554475749348,0.08891928078507229
570,1550433600,695,570,0,1265,7,-0.3207554475749348,0.12257409053864005
570,1550448000,320,276,0,596,7,-0.3207554475749348,-0.6815354710733896
570,1550462400,20,24,4,44,7,-0.2304829563412705,-1.3450160062151542
570,1550476800,163,274,111,437,7,2.184306184159249,-0.8726467121740066
570,1550491200,783,490,0,1273,7,-0.3207554475749348,0.13218975046823084
570,1550505600,810,580,0,1390,7,-0.3207554475749348,0.2728187769384961
570,1550520000,938,727,0,1665,7,-0.3207554475749348,0.6033570870181795
570,1550534400,345,268,0,613,8,-0.261229496916087,-0.8566783205618864
570,1550548800,26,29,3,55,8,0.2919623789062148,-1.4035672551106892
570,1550563200,497,453,0,950,8,-0.261229496916087,-0.5263887669006919
570,1550577600,1590,1108,0,2698,8,-0.261229496916087,1.1868045262736937
570,1550592000,852,612,0,1464,8,-0.261229496916087,-0.022623690990146036
570,1550606400,1752,1312,0,3064,8,-0.261229496916087,1.5455166231282846
570,1550620800,426,453,27,879,8,4.717497385484629,-0.5959749933396973
570,1550635200,35,28,0,63,8,-0.261229496916087,-1.395726553540097
570,1550649600,512,495,0,1007,8,-0.261229496916087,-0.47052376821022285
570,1550664000,1687,1134,0,2821,8,-0.261229496916087,1.307355312921548
570,1550678400,983,588,0,1571,8,-0.261229496916087,0.08224569251652403
570,1550692800,1605,1114,0,2719,8,-0.261229496916087,1.207386367896498
570,1550707200,412,368,0,780,8,-0.261229496916087,-0.6930036752757752
570,1550721600,27,15,0,42,8,-0.261229496916087,-1.4163083951629014
570,1550736000,501,476,0,977,8,-0.261229496916087,-0.4999263990999434
570,1550750400,1638,1136,0,2774,8,-0.261229496916087,1.2612911911943192
570,1550764800,895,600,0,1495,8,-0.261229496916087,0.00775902759589856
570,1550779200,1723,1189,0,2912,8,-0.261229496916087,1.3965432932870339
570,1550793600,495,465,0,960,8,-0.261229496916087,-0.5165878899374517
570,1550808000,28,32,4,60,8,0.47635967084698205,-1.398666816629069
570,1550822400,458,421,0,879,8,-0.261229496916087,-0.5959749933396973
570,1550836800,1611,1087,0,2698,8,-0.261229496916087,1.1868045262736937
570,1550851200,936,645,0,1581,8,-0.261229496916087,0.09204656947976421
570,1550865600,1554,1074,0,2628,8,-0.261229496916087,1.1181983875310124
570,1551484800,9321,9042,0,18363,9,-0.3499794099539651,4.060817501871132
570,1551499200,66,40,0,106,9,-0.3499794099539651,-0.44365396522320993
570,1551513600,80,154,74,234,9,3.7754415994148984,-0.412073073083862
570,1551528000,613,372,0,985,9,-0.3499794099539651,-0.22678205748503133
570,1551542400,854,530,0,1384,9,-0.3499794099539651,-0.12833849526940758
570,1551556800,886,516,0,1402,9,-0.3499794099539651,-0.12389743231231178
570,1551571200,484,339,0,823,9,-0.3499794099539651,-0.2667516240988936
570,1551585600,79,64,0,143,9,-0.3499794099539651,-0.43452511358917967
570,1551600000,62,93,31,155,9,1.3782374993762343,-0.4315644049511158
570,1551614400,481,291,0,772,9,-0.3499794099539651,-0.27933463581066503
570,1551628800,774,495,0,1269,9,-0.3499794099539651,-0.15671195305085303
570,1551643200,605,513,0,1118,9,-0.3499794099539651,-0.1939675367464901
570,1551657600,250,208,0,458,9,-0.3499794099539651,-0.35680651184000306
570,1551672000,23,16,0,39,9,-0.3499794099539651,-0.4601845884523999
570,1551686400,453,461,8,914,9,0.09601205051834442,-0.2442995835935759
570,1551700800,1215,925,0,2140,9,-0.3499794099539651,0.05818614892861636
570,1551715200,714,510,0,1224,9,-0.3499794099539651,-0.16781461044359253
570,1551729600,1584,1162,0,2746,9,-0.3499794099539651,0.2077019351508419
570,1551744000,407,305,0,712,10,-0.24192770982323908,-0.6635360658388373
570,1551758400,29,22,0,51,10,-0.24192770982323908,-1.3506337256604637
570,1551772800,560,502,0,1062,10,-0.24192770982323908,-0.29971733522224236
570,1551787200,1527,1241,0,2768,10,-0.24192770982323908,1.4736391060117888
570,1551801600,981,691,0,1672,10,-0.24192770982323908,0.33436673813810874
570,1551816000,1733,1295,0,3028,10,-0.24192770982323908,1.7439044487555448
570,1551830400,466,482,16,948,10,0.9713217006336017,-0.4182182931945047
570,1551844800,34,26,0,60,10,-0.24192770982323908,-1.3412783868731797
570,1551859200,544,493,0,1037,10,-0.24192770982323908,-0.32570438740914204
570,1551873600,1605,1191,0,2796,10,-0.24192770982323908,1.5027446044611164
570,1551888000,985,660,0,1645,10,-0.24192770982323908,0.3063007217762571
570,1551902400,1849,1297,0,3146,10,-0.24192770982323908,1.866563335077711
570,1551916800,502,466,0,968,10,-0.24192770982323908,-0.397428651444985
570,1551931200,32,26,0,58,10,-0.24192770982323908,-1.3433573510481318
570,1551945600,552,546,0,1098,10,-0.24192770982323908,-0.2622959800731069
570,1551960000,1641,1166,0,2807,10,-0.24192770982323908,1.514178907423352
570,1551974400,1008,685,0,1693,10,-0.24192770982323908,0.3561958619751044
570,1551988800,1732,1230,0,2962,10,-0.24192770982323908,1.6752986309821298
570,1552003200,560,485,0,1045,10,-0.24192770982323908,-0.31738853070933415
570,1552017600,40,23,0,63,10,-0.24192770982323908,-1.3381599406107518
570,1552032000,514,505,0,1019,10,-0.24192770982323908,-0.3444150649837098
570,1552046400,1567,1025,0,2592,10,-0.24192770982323908,1.2906902586160154
570,1552060800,1069,706,0,1775,10,-0.24192770982323908,0.44143339314813523
570,1552075200,1661,1267,0,2928,10,-0.24192770982323908,1.6399562400079464
570,1552089600,528,406,0,934,10,-0.24192770982323908,-0.43277104241916853
570,1552104000,82,74,0,156,10,-0.24192770982323908,-1.2414881064754852
570,1552118400,79,163,84,242,10,6.127631695075174,-1.1520926469525503
570,1552132800,661,361,0,1022,10,-0.24192770982323908,-0.3412966187212818
570,1552147200,925,572,0,1497,10,-0.24192770982323908,0.15245737282981128
570,1552161600,991,670,0,1661,10,-0.24192770982323908,0.3229324351758729
570,1552176000,488,370,0,858,10,-0.24192770982323908,-0.5117716810673434
570,1552194000,79,87,8,166,10,0.36469699540518125,-1.2310932856007253
570,1552208400,106,122,16,228,10,0.9713217006336017,-1.1666453961772143
570,1552222800,516,321,0,837,10,-0.24192770982323908,-0.5336008049043391
570,1552237200,765,501,0,1266,10,-0.24192770982323908,-0.08766298937714136
570,1552251600,584,442,0,1026,10,-0.24192770982323908,-0.33713869037137784
570,1552266000,240,170,0,410,10,-0.24192770982323908,-0.9774596562565848
570,1552280400,13,23,10,36,10,0.5163531717122863,-1.3662259569726034
570,1552294800,1215,939,0,2154,10,-0.24192770982323908,0.8353971043015337
570,1552309200,965,816,0,1781,10,-0.24192770982323908,0.4476702856729911
570,1552323600,1188,719,0,1907,10,-0.24192770982323908,0.5786450286949653
570,1552338000,1371,1229,0,2600,10,-0.24192770982323908,1.2990061153158232
570,1552352400,299,252,0,551,11,-0.35771788508272395,-0.9296203803700349
570,1552366800,14,21,7,35,11,0.4769571801102986,-1.5071223262331144
570,1552381200,1348,963,0,2311,11,-0.35771788508272395,1.0401536985427946
570,1552395600,1063,786,0,1849,11,-0.35771788508272395,0.5230880028281769
570,1552410000,1242,791,0,2033,11,-0.35771788508272395,0.7290189292599727
570,1552424400,1559,1255,0,2814,11,-0.35771788508272395,1.6031061767775407
570,1552438800,331,353,22,684,11,2.265546605523918,-0.7807681346340085
570,1552453200,11,17,6,28,11,0.35771788508272395,-1.5149566549560631
570,1552467600,1314,935,0,2249,11,-0.35771788508272395,0.97076392985382
570,1552482000,1106,831,0,1937,11,-0.35771788508272395,0.6215767067738184
570,1552496400,1246,832,0,2078,11,-0.35771788508272395,0.7793824710503575
570,1552510800,1533,1190,0,2723,11,-0.35771788508272395,1.5012599033792071
570,1552525200,346,298,0,644,11,-0.35771788508272395,-0.8255357273365729
570,1552539600,23,10,0,33,11,-0.35771788508272395,-1.5093607058682426
570,1552554000,1294,870,0,2164,11,-0.35771788508272395,0.8756327953608708
570,1552568400,1146,859,0,2005,11,-0.35771788508272395,0.6976816143681777
570,1552582800,1142,668,0,1810,11,-0.35771788508272395,0.4794395999431767
570,1552597200,1454,1113,0,2567,11,-0.35771788508272395,1.3266662918392063
570,1552611600,357,326,0,683,11,-0.35771788508272395,-0.7818873244515726
570,1552626000,26,15,0,41,11,-0.35771788508272395,-1.5004071873277298
570,1552640400,1151,935,0,2086,11,-0.35771788508272395,0.7883359895908704
570,1552654800,980,775,0,1755,11,-0.35771788508272395,0.4178841599771508
570,1552669200,1272,762,0,2034,11,-0.35771788508272395,0.7301381190775368
570,1552683600,1405,1121,0,2526,11,-0.35771788508272395,1.280779509319078
570,1552698000,379,354,0,733,11,-0.35771788508272395,-0.7259278335733673
570,1552712400,24,45,21,69,11,2.1463073104963435,-1.4690698724359348
570,1552726800,210,251,41,461,11,4.531093211047836,-1.0303474639508046
570,1552741200,961,547,0,1508,11,-0.35771788508272395,0.14144427503881618
570,1552755600,1083,863,0,1946,11,-0.35771788508272395,0.6316494151318953
570,1552770000,981,766,0,1747,11,-0.35771788508272395,0.40893064143663793
570,1552784400,383,369,0,752,11,-0.35771788508272395,-0.7046632270396492
570,1552798800,27,52,25,79,11,2.6232644906066422,-1.4578779742602936
570,1552813200,199,157,0,356,11,-0.35771788508272395,-1.147862394795036
570,1552827600,719,484,0,1203,11,-0.35771788508272395,-0.19990861931823667
570,1552842000,838,554,0,1392,11,-0.35771788508272395,0.011618256201379688
570,1552856400,564,529,0,1093,11,-0.35771788508272395,-0.3230194992502885
570,1552870800,236,180,0,416,11,-0.35771788508272395,-1.0807110057411895
570,1552885200,16,20,4,36,11,0.11923929502757465,-1.5060031364155504
570,1552899600,1219,954,0,2173,11,-0.35771788508272395,0.8857055037189477
570,1552914000,1036,766,0,1802,11,-0.35771788508272395,0.47048608140266385
570,1552928400,1238,754,0,1992,11,-0.35771788508272395,0.6831321467398443
570,1552942800,1379,1251,0,2630,11,-0.35771788508272395,1.397175250345745
570,1552957200,306,230,0,536,12,-0.27470097843500285,-0.8791938970116213
570,1552971600,11,20,9,31,12,0.45143167784773197,-1.4486241692608117
570,1552986000,1292,992,0,2284,12,-0.27470097843500285,1.0918241542588436
570,1553000400,1035,829,0,1864,12,-0.27470097843500285,0.6182385812991209
570,1553014800,1253,693,0,1946,12,-0.27470097843500285,0.7107005264960191
570,1553029200,1474,1177,0,2651,12,-0.27470097843500285,1.5056477382498394
570,1553043600,345,304,0,649,12,-0.27470097843500285,-0.7517768261915054
570,1553058000,10,14,4,24,12,0.048024646579545964,-1.4565172621434737
570,1553072400,1267,940,0,2207,12,-0.27470097843500285,1.0050001325495612
570,1553086800,1117,838,0,1955,12,-0.27470097843500285,0.7208487887737275
570,1553101200,1247,777,0,2024,12,-0.27470097843500285,0.7986521329028248
570,1553115600,1432,1236,0,2668,12,-0.27470097843500285,1.524816678107733
570,1553130000,327,268,0,595,12,-0.27470097843500285,-0.8126663998577556
570,1553144400,10,24,14,34,12,0.8548387091159181,-1.4452414151682422
570,1553158800,1220,900,0,2120,12,-0.27470097843500285,0.9069002638650472
570,1553173200,1120,899,0,2019,12,-0.27470097843500285,0.7930142094152091
570,1553187600,1272,705,0,1977,12,-0.27470097843500285,0.7456556521192368
570,1553202000,1517,1200,0,2717,12,-0.27470097843500285,1.5800683282863672
570,1553216400,334,344,10,678,12,0.5321130841013691,-0.7190768699633341
570,1553230800,12,20,8,32,12,0.3707502715940948,-1.4474965845632886
570,1553245200,1121,896,0,2017,12,-0.27470097843500285,0.7907590400201627
570,1553259600,1038,793,0,1831,12,-0.27470097843500285,0.581028286280857
570,1553274000,1201,809,0,2010,12,-0.27470097843500285,0.7828659471375007
570,1553288400,1371,992,0,2363,12,-0.27470097843500285,1.1809033453631723
570,1553302800,406,347,0,753,12,-0.27470097843500285,-0.6345080176490979
570,1553317200,30,30,0,60,12,-0.27470097843500285,-1.4159242130326404
570,1553331600,165,244,79,409,12,6.099130115602337,-1.0223971535970613
570,1553346000,694,449,0,1143,12,-0.27470097843500285,-0.1947499856150697
570,1553360400,855,557,0,1412,12,-0.27470097843500285,0.10857029801865745
570,1553374800,754,590,0,1344,12,-0.27470097843500285,0.03189453858708329
570,1553389200,336,266,0,602,12,-0.27470097843500285,-0.8047733069750935
570,1553403600,27,42,15,69,12,0.9355201153695553,-1.4057759507549321
570,1553418000,128,120,0,248,12,-0.27470097843500285,-1.2039382898982882
570,1553432400,589,383,0,972,12,-0.27470097843500285,-0.38756696889152825
570,1553446800,724,547,0,1271,12,-0.27470097843500285,-0.050419144332106605
570,1553461200,499,480,0,979,12,-0.27470097843500285,-0.3796738760088662
570,1553475600,192,142,0,334,12,-0.27470097843500285,-1.1069660059112976
570,1553490000,14,18,4,32,12,0.048024646579545964,-1.4474965845632886
570,1553504400,1217,963,0,2180,12,-0.27470097843500285,0.9745553457164361
570,1553518800,1044,752,0,1796,12,-0.27470097843500285,0.5415628218675468
570,1553533200,1195,681,0,1876,12,-0.27470097843500285,0.6317695976693987
570,1553547600,1366,1182,0,2548,12,-0.27470097843500285,1.389506514404955
570,1553562000,306,258,0,564,13,-0.2960431702396193,-0.811134479945923
570,1553576400,17,16,0,33,13,-0.2960431702396193,-1.4126117552238382
570,1553590800,1281,989,0,2270,13,-0.2960431702396193,1.1212953347887722
570,1553605200,1065,862,0,1927,13,-0.2960431702396193,0.7327704658239418
570,1553619600,1234,784,0,2018,13,-0.2960431702396193,0.8358484922839988
570,1553634000,1418,1095,0,2513,13,-0.2960431702396193,1.3965476472040892
570,1553648400,328,290,0,618,13,-0.2960431702396193,-0.7499672994091859
570,1553662800,12,14,2,26,13,-0.08762877839092731,-1.420540834182304
570,1553677200,1289,869,0,2158,13,-0.2960431702396193,0.9944300714533173
570,1553691600,1128,856,0,1984,13,-0.2960431702396193,0.7973358230571643
570,1553706000,1245,753,0,1998,13,-0.2960431702396193,0.8131939809740962
570,1553720400,1504,1183,0,2687,13,-0.2960431702396193,1.593641895600242
570,1553734800,322,318,0,640,13,-0.2960431702396193,-0.725047336968293
570,1553749200,14,18,4,32,13,0.12078561345776469,-1.4137444807893333
570,1553763600,1234,966,0,2200,13,-0.2960431702396193,1.042004545204113
570,1553778000,1082,801,0,1883,13,-0.2960431702396193,0.682930540942156
570,1553792400,1247,765,0,2012,13,-0.2960431702396193,0.829052138891028
570,1553806800,1487,1219,0,2706,13,-0.2960431702396193,1.6151636813446497
570,1553821200,354,349,0,703,13,-0.2960431702396193,-0.6536856263420997
570,1553835600,13,27,14,40,13,1.1628575727012247,-1.4046826762653721
570,1553850000,1178,909,0,2087,13,-0.2960431702396193,0.914006556303163
570,1553853007,397,199,0,596,13,-0.2960431702396193,-0.7748872618500788
570,1553857372,300,268,0,568,13,-0.2960431702396193,-0.8066035776839425
570,1553864400,726,591,0,1317,13,-0.2960431702396193,0.041807870871911325
570,1553878800,1276,814,0,2090,13,-0.2960431702396193,0.9174047329996483
570,1553893200,1359,967,0,2326,13,-0.2960431702396193,1.1847279664564996
570,1553907600,447,328,0,775,13,-0.2960431702396193,-0.5721293856264502
570,1553922000,37,48,11,85,13,0.8502359849281867,-1.3537100258180912
570,1553936400,164,215,51,379,13,5.0185238219020265,-1.0206887095625226
570,1553950800,756,388,0,1144,13,-0.2960431702396193,-0.1541536519587465
570,1553965200,928,574,0,1502,13,-0.2960431702396193,0.25136210048851076
570,1553979600,859,458,0,1317,13,-0.2960431702396193,0.041807870871911325
570,1553994000,362,258,0,620,13,-0.2960431702396193,-0.7477018482781956
570,1554008400,20,58,38,78,13,3.663830274885528,-1.3616391047765573
570,1554022800,119,115,0,234,13,-0.2960431702396193,-1.1849339165593167
570,1554037200,560,334,0,894,13,-0.2960431702396193,-0.4373350433325295
570,1554051600,693,498,0,1191,13,-0.2960431702396193,-0.1009155503804753
570,1554066000,483,424,0,907,13,-0.2960431702396193,-0.4226096109810928
570,1554080400,226,150,0,376,13,-0.2960431702396193,-1.0240868862590078
570,1554094800,9,14,5,23,13,0.2249928093821107,-1.4239390108787895
570,1554109200,1295,982,0,2277,13,-0.2960431702396193,1.129224413747238
570,1554123600,1032,873,0,1905,13,-0.2960431702396193,0.7078505033830489
570,1554138000,1212,742,0,1954,13,-0.2960431702396193,0.7633540560923103
570,1554152400,1456,1211,0,2667,13,-0.2960431702396193,1.5709873842903395
570,1554166800,284,278,0,562,14,-0.35338804367096605,-0.88158425468503
570,1554181200,17,16,0,33,14,-0.35338804367096605,-1.4445919859466567
570,1554195600,1393,1208,0,2601,14,-0.35338804367096605,1.2884965847146999
570,1554210000,1103,974,0,2077,14,-0.35338804367096605,0.7308102875859808
570,1554224400,1251,748,0,1999,14,-0.35338804367096605,0.6477959151126218
570,1554238800,1438,1300,0,2738,14,-0.35338804367096605,1.434303879956369
570,1554253200,334,304,0,638,14,-0.35338804367096605,-0.800698455864834
570,1554267600,11,14,3,25,14,0.0028271043493677183,-1.4531062805593091
570,1554282000,1337,1243,0,2580,14,-0.35338804367096605,1.266146561356488
570,1554296400,1117,921,0,2038,14,-0.35338804367096605,0.6893031013493013
570,1554310800,1275,807,0,2082,14,-0.35338804367096605,0.7361317217188884
570,1554325200,1486,1191,0,2677,14,-0.35338804367096605,1.369382383534896
570,1554339600,340,303,0,643,14,-0.35338804367096605,-0.7953770217319265
570,1554354000,18,20,2,38,14,-0.11591127832407688,-1.4392705518137492
570,1554368400,1326,1214,0,2540,14,-0.35338804367096605,1.2235750882932268
570,1554382800,1130,927,0,2057,14,-0.35338804367096605,0.7095245510543502
570,1554397200,1284,721,0,2005,14,-0.35338804367096605,0.6541816360721109
570,1554411600,1422,1216,0,2638,14,-0.35338804367096605,1.3278751972982163
570,1554426000,390,359,0,749,14,-0.35338804367096605,-0.6825626181142848
570,1554440400,14,24,10,38,14,0.8339957830634799,-1.4392705518137492
570,1554454800,1251,1122,0,2373,14,-0.35338804367096605,1.0458391882541123
570,1554469200,1129,954,0,2083,14,-0.35338804367096605,0.7371960085454698
570,1554483600,1265,803,0,2068,14,-0.35338804367096605,0.721231706146747
570,1554498000,1386,1104,0,2490,14,-0.35338804367096605,1.1703607469641506
570,1554512400,381,338,0,719,14,-0.35338804367096605,-0.7144912229117305
570,1554526800,31,28,0,59,14,-0.35338804367096605,-1.416920528455537
570,1554541200,204,210,6,414,14,0.3590422523697015,-1.0390987050190956
570,1554555600,737,426,0,1163,14,-0.35338804367096605,-0.24194787190953332
570,1554570000,897,506,0,1403,14,-0.35338804367096605,0.013480966470032734
570,1554584400,797,559,0,1356,14,-0.35338804367096605,-0.03654051437929895
570,1554598800,407,312,0,719,14,-0.35338804367096605,-0.7144912229117305
570,1554613200,18,47,29,65,14,3.0900250538589273,-1.410534807496048
570,1554627600,115,149,34,264,14,3.6837169672261503,-1.1987417290063245
570,1554642000,617,347,0,964,14,-0.35338804367096605,-0.4537409503992568
570,1554656400,761,509,0,1270,14,-0.35338804367096605,-0.12806918146531013
570,1554670800,615,514,0,1129,14,-0.35338804367096605,-0.27813362401330516
570,1554685200,237,177,0,414,14,-0.35338804367096605,-1.0390987050190956
570,1554699600,8,15,7,23,14,0.4777806350431461,-1.455234854212472
570,1554714000,1270,1187,0,2457,14,-0.35338804367096605,1.1352392816869603
570,1554728400,895,929,34,1824,14,3.6837169672261503,0.46154572046085485
570,1554742800,1174,707,0,1881,14,-0.35338804367096605,0.5222100695760018
570,1554757200,1394,1104,0,2498,14,-0.35338804367096605,1.1788750415768028
570,1554771600,267,254,0,521,15,-0.3784115038845798,-0.9112584757205956
570,1554786000,18,17,0,35,15,-0.3784115038845798,-1.426282509567334
570,1554800400,1381,1286,0,2667,15,-0.3784115038845798,1.362901146985372
570,1554814800,1111,985,0,2096,15,-0.3784115038845798,0.7578008932271671
570,1554829200,1276,747,0,2023,15,-0.3784115038845798,0.6804413161267311
570,1554843600,1472,1128,0,2600,15,-0.3784115038845798,1.2918998912904511
570,1554858000,337,298,0,635,15,-0.3784115038845798,-0.7904503690158052
570,1554872400,15,19,4,34,15,0.777463635253773,-1.4273422298015863
570,1554886800,1377,1261,0,2638,15,-0.3784115038845798,1.332169260192048
570,1554901200,1152,892,0,2044,15,-0.3784115038845798,0.7026954410460347
570,1554915600,1239,781,0,2020,15,-0.3784115038845798,0.6772621554239735
570,1554930000,1452,1123,0,2575,15,-0.3784115038845798,1.2654068854341376
570,1554944400,351,342,0,693,15,-0.3784115038845798,-0.7289865954291574
570,1554958800,13,16,3,29,15,0.48849485046918484,-1.432640830972849
570,1554973200,1338,1282,0,2620,15,-0.3784115038845798,1.313094295975502
570,1554987600,1090,988,0,2078,15,-0.3784115038845798,0.7387259290106213
570,1555002000,1225,735,0,1960,15,-0.3784115038845798,0.6136789413688206
570,1555016400,1487,1178,0,2665,15,-0.3784115038845798,1.3607817065168668
570,1555030800,333,299,0,632,15,-0.3784115038845798,-0.7936295297185628
570,1555045200,20,18,0,38,15,-0.3784115038845798,-1.4231033488645761
570,1555059600,1193,1161,0,2354,15,-0.3784115038845798,1.0312087136643244
570,1555074000,1140,895,0,2035,15,-0.3784115038845798,0.6931579589377617
570,1555088400,1206,736,0,1942,15,-0.3784115038845798,0.5946039771522748
570,1555102800,1330,907,0,2237,15,-0.3784115038845798,0.9072214462567764
570,1555117200,378,309,0,687,15,-0.3784115038845798,-0.7353449168346727
570,1555131600,20,27,7,47,15,1.6443699896075377,-1.4135658667563034
570,1555146000,206,214,8,420,15,1.933338774392126,-1.018290219380103
570,1555160400,792,403,0,1195,15,-0.3784115038845798,-0.19700703783437842
570,1555174800,841,510,0,1351,15,-0.3784115038845798,-0.031690681290980974
570,1555189200,847,519,0,1366,15,-0.3784115038845798,-0.01579487777719276
570,1555203600,378,318,0,696,15,-0.3784115038845798,-0.7258074347263997
570,1555218000,29,43,14,72,15,3.667151483099655,-1.3870728608999896
570,1555232400,127,142,15,269,15,3.956120267884243,-1.1783079747522376
570,1555246800,453,313,0,766,15,-0.3784115038845798,-0.6516270183287214
570,1555261200,837,538,0,1375,15,-0.3784115038845798,-0.006257395668919829
570,1555275600,596,492,0,1088,15,-0.3784115038845798,-0.31039710289940103
570,1555290000,242,154,0,396,15,-0.3784115038845798,-1.043723505002164
570,1555304400,9,13,4,22,15,0.777463635253773,-1.440058872612617
570,1555318800,1259,1208,0,2467,15,-0.3784115038845798,1.1509571001348624
570,1555333200,1037,982,0,2019,15,-0.3784115038845798,0.6762024351897209
570,1555347600,1215,701,0,1916,15,-0.3784115038845798,0.5670512510617085
570,1555362000,1466,1209,0,2675,15,-0.3784115038845798,1.3713789088593924
570,1555376400,297,230,0,527,16,-0.19923161308646523,-0.8376850289073116
570,1555390800,11,17,6,28,16,-0.018633172446935586,-1.380649179208525
570,1555405200,1344,1313,0,2657,16,-0.19923161308646523,1.479977576586846
570,1555419600,1122,987,0,2109,16,-0.19923161308646523,0.8836963053141706
570,1555434000,1240,720,0,1960,16,-0.19923161308646523,0.7215687333805418
570,1555448400,1464,1211,0,2675,16,-0.19923161308646523,1.499563457760036
570,1555462800,305,242,0,547,16,-0.19923161308646523,-0.8159229387148781
570,1555477200,13,21,8,34,16,0.04156630776624096,-1.3741205521507949
570,1555491600,1319,1284,0,2603,16,-0.19923161308646523,1.4212199330672757
570,1555506000,1168,951,0,2119,16,-0.19923161308646523,0.8945773504103873
570,1555520400,1269,768,0,2037,16,-0.19923161308646523,0.8053527806214105
570,1555534800,1472,1232,0,2704,16,-0.19923161308646523,1.5311184885390645
570,1555549200,382,328,0,710,16,-0.19923161308646523,-0.6385619036465459
570,1555563600,16,18,2,34,16,-0.1390321328732887,-1.3741205521507949
570,1555578000,1311,1309,0,2620,16,-0.19923161308646523,1.4397177097308442
570,1555592400,1183,1057,0,2240,16,-0.19923161308646523,1.0262379960746095
570,1555606800,1276,781,0,2057,16,-0.19923161308646523,0.8271148708138438
570,1555621200,1370,1041,0,2411,16,-0.19923161308646523,1.2123038672199151
570,1555635600,344,282,0,626,16,-0.19923161308646523,-0.7299626824547663
570,1555650000,15,21,6,36,16,-0.018633172446935586,-1.3719443431315517
570,1555664400,808,1026,218,1834,16,6.362511730149778,0.5844675651682114
570,1555678800,1026,834,0,1860,16,-0.19923161308646523,0.6127582824183748
570,1555693200,1156,728,0,1884,16,-0.19923161308646523,0.6388727906492949
570,1555707600,1111,744,0,1855,16,-0.19923161308646523,0.6073177598702665
570,1555722000,405,265,0,670,16,-0.19923161308646523,-0.6820860840314127
570,1555736400,28,45,17,73,16,0.31246396872553545,-1.3316844762755498
570,1555750800,154,169,15,323,16,0.2522644885123589,-1.0596583488701323
570,1555765200,605,293,0,898,16,-0.19923161308646523,-0.43399825583767193
570,1555779600,791,408,0,1199,16,-0.19923161308646523,-0.10647879844154919
570,1555794000,694,337,0,1031,16,-0.19923161308646523,-0.2892803560579898
570,1555808400,324,239,0,563,16,-0.19923161308646523,-0.7985132665609315
570,1555822800,30,34,4,64,16,-0.07883265266011213,-1.3414774168621448
570,1555837200,127,118,0,245,16,-0.19923161308646523,-1.1445305006206226
570,1555851600,561,262,0,823,16,-0.19923161308646523,-0.5156060940592971
570,1555866000,541,347,0,888,16,-0.19923161308646523,-0.4448793009338886
570,1555880400,514,415,0,929,16,-0.19923161308646523,-0.4002670160394001
570,1555894800,220,188,0,408,16,-0.19923161308646523,-0.9671694655522903
570,1555909200,15,17,2,32,16,-0.1390321328732887,-1.3762967611700383
570,1555923600,1117,1064,0,2181,16,-0.19923161308646523,0.9620398300069309
570,1555938000,1049,819,0,1868,16,-0.19923161308646523,0.6214631184953482
570,1555952400,1066,638,0,1704,16,-0.19923161308646523,0.44301397891739425
570,1555966800,1317,1085,0,2402,16,-0.19923161308646523,1.20251092663332
570,1555981200,280,210,0,490,17,-0.31619247864675465,-0.9573659472537908
570,1555995600,12,15,3,27,17,0.03952405983084435,-1.4844593280662826
570,1556010000,1296,1115,0,2411,17,-0.31619247864675465,1.2295592893354035
570,1556024400,1096,895,0,1991,17,-0.31619247864675465,0.7514184255314152
570,1556038800,1084,703,0,1787,17,-0.31619247864675465,0.5191785773980494
570,1556053200,1351,1164,0,2515,17,-0.31619247864675465,1.347956074658296
570,1556067600,360,291,0,651,17,-0.31619247864675465,-0.7740786161289285
570,1556082000,22,17,0,39,17,-0.31619247864675465,-1.470798160529026
570,1556096400,1283,1146,0,2429,17,-0.31619247864675465,1.2500510406412888
570,1556110800,1093,970,0,2063,17,-0.31619247864675465,0.8333854307549561
570,1556125200,1145,737,0,1882,17,-0.31619247864675465,0.6273294870679992
570,1556139600,1311,1109,0,2420,17,-0.31619247864675465,1.2398051649883461
570,1556154000,360,292,0,652,17,-0.31619247864675465,-0.7729401855008238
570,1556168400,21,16,0,37,17,-0.31619247864675465,-1.4730750217852353
570,1556182800,1267,1220,0,2487,17,-0.31619247864675465,1.3160800170713634
570,1556197200,1110,953,0,2063,17,-0.31619247864675465,0.8333854307549561
570,1556211600,1107,760,0,1867,17,-0.31619247864675465,0.6102530276464282
570,1556226000,1380,1185,0,2565,17,-0.31619247864675465,1.4048776060635326
570,1556240400,373,321,0,694,17,-0.31619247864675465,-0.7251260991204249
570,1556254800,14,25,11,39,17,0.9881014957711084,-1.470798160529026
570,1556269200,1079,1044,0,2123,17,-0.31619247864675465,0.9016912684412401
570,1556283600,1106,908,0,2014,17,-0.31619247864675465,0.7776023299778241
570,1556298000,1155,776,0,1931,17,-0.31619247864675465,0.6831125878451312
570,1556312400,1133,835,0,1968,17,-0.31619247864675465,0.7252345210850063
570,1556326800,420,271,0,691,17,-0.31619247864675465,-0.7285413910047391
570,1556341200,25,34,9,59,17,0.7509571367860424,-1.4480295479669312
570,1556355600,194,205,11,399,17,0.9881014957711084,-1.0609631344113215
570,1556370000,860,421,0,1281,17,-0.31619247864675465,-0.05686732042294602
570,1556384400,938,607,0,1545,17,-0.31619247864675465,0.2436783653967038
570,1556398800,904,513,0,1417,17,-0.31619247864675465,0.09795924499929783
570,1556413200,412,329,0,741,17,-0.31619247864675465,-0.6716198595995024
570,1556427600,31,58,27,89,17,2.885256367651636,-1.4138766291237892
570,1556442000,118,165,47,283,17,5.256699957502296,-1.1930210872714706
570,1556456400,620,349,0,969,17,-0.31619247864675465,-0.41205767639162305
570,1556470800,798,536,0,1334,17,-0.31619247864675465,0.0034695028666048918
570,1556485200,570,462,0,1032,17,-0.31619247864675465,-0.3403365468210248
570,1556499600,198,155,0,353,17,-0.31619247864675465,-1.1133309433041392
570,1556514000,10,14,4,24,17,0.15809623932337735,-1.4878746199505968
570,1556528400,1254,966,0,2220,17,-0.31619247864675465,1.0121190393673993
570,1556542800,1067,794,0,1861,17,-0.31619247864675465,0.6034224438777998
570,1556557200,1235,707,0,1942,17,-0.31619247864675465,0.6956353247542832
570,1556571600,1393,1122,0,2515,17,-0.31619247864675465,1.347956074658296
570,1556586000,298,233,0,531,18,-0.4331380493262799,-0.9303876512148406
570,1556600400,14,31,17,45,18,2.4303857212196815,-1.463679969223246
570,1556614800,1379,972,0,2351,18,-0.4331380493262799,1.066715268075896
570,1556629200,891,873,0,1764,18,-0.4331380493262799,0.4225947111398178
570,1556643600,1423,835,0,2258,18,-0.4331380493262799,0.9646655035187319
570,1556658000,1543,1223,0,2766,18,-0.4331380493262799,1.5220986260460365
570,1556672400,344,332,0,676,18,-0.4331380493262799,-0.7712778032493698
570,1556686800,14,22,8,36,18,0.914402548577702,-1.4735557528900682
570,1556701200,1381,1011,0,2392,18,-0.4331380493262799,1.1117049492247533
570,1556715600,1121,870,0,1991,18,-0.4331380493262799,0.671683921403003
570,1556730000,1223,821,0,2044,18,-0.4331380493262799,0.7298413141076234
570,1556744400,1491,1283,0,2774,18,-0.4331380493262799,1.5308771004165451
570,1556758800,353,321,0,674,18,-0.4331380493262799,-0.7734724218419969
570,1556773200,16,25,9,41,18,1.0828451233156997,-1.4680692064085004
570,1556787600,1404,1036,0,2440,18,-0.4331380493262799,1.1643757954478056
570,1556802000,1115,813,0,1928,18,-0.4331380493262799,0.6025534357352468
570,1556816400,1211,797,0,2008,18,-0.4331380493262799,0.690338179440334
570,1556830800,1386,1191,0,2577,18,-0.4331380493262799,1.3147071690427676
570,1556845200,381,374,0,755,18,-0.4331380493262799,-0.684590368840596
570,1556859600,18,35,17,53,18,2.4303857212196815,-1.4549014948527372
570,1556874000,1199,938,0,2137,18,-0.4331380493262799,0.8318910786647874
570,1556888400,1113,826,0,1939,18,-0.4331380493262799,0.6146238379946962
570,1556902800,1285,758,0,2043,18,-0.4331380493262799,0.7287440048113097
570,1556917200,1406,1118,0,2524,18,-0.4331380493262799,1.2565497763381472
570,1556931600,462,378,0,840,18,-0.4331380493262799,-0.5913190786539407
570,1556946000,37,44,7,81,18,0.7459599738397042,-1.4241768345559567
570,1556960400,200,224,24,424,18,3.6094837443856655,-1.0477997459203947
570,1556974800,798,487,0,1285,18,-0.4331380493262799,-0.10301644179439255
570,1556989200,944,573,0,1517,18,-0.4331380493262799,0.15155931495036068
570,1557003600,862,563,0,1425,18,-0.4331380493262799,0.05060685968951025
570,1557018000,398,305,0,703,18,-0.4331380493262799,-0.7416504522489028
570,1557032400,34,53,19,87,18,2.767270870695677,-1.4175929787780752
570,1557046800,130,124,0,254,18,-0.4331380493262799,-1.2343423262937054
570,1557061200,625,426,0,1051,18,-0.4331380493262799,-0.35978681713177296
570,1557075600,750,555,0,1305,18,-0.4331380493262799,-0.08107025586812072
570,1557090000,565,484,0,1049,18,-0.4331380493262799,-0.36198143572440017
570,1557104400,253,181,0,434,18,-0.4331380493262799,-1.036826652957259
570,1557118800,9,16,7,25,18,0.7459599738397042,-1.4856261551495178
570,1557133200,1287,879,0,2166,18,-0.4331380493262799,0.8637130482578815
570,1557147600,1033,879,0,1912,18,-0.4331380493262799,0.5849964869942293
570,1557162000,1170,746,0,1916,18,-0.4331380493262799,0.5893857241794836
570,1557176400,1433,1259,0,2692,18,-0.4331380493262799,1.4408977381188306
570,1557190800,357,250,0,607,19,-0.34163086699169015,-0.8661241430675113
570,1557205200,28,20,0,48,19,-0.34163086699169015,-1.4905633456143876
570,1557219600,1377,1002,0,2379,19,-0.34163086699169015,1.1133146170631951
570,1557234000,1083,751,0,1834,19,-0.34163086699169015,0.504514321199067
570,1557248400,1292,733,0,2025,19,-0.34163086699169015,0.7178736909422753
570,1557262800,1473,1201,0,2674,19,-0.34163086699169015,1.4428487221639617
570,1557277200,366,333,0,699,19,-0.34163086699169015,-0.7633541848665942
570,1557291600,15,24,9,39,19,1.2725749795440457,-1.5006169284818687
570,1557306000,1326,931,0,2257,19,-0.34163086699169015,0.9770327159706748
570,1557320400,1092,881,0,1973,19,-0.34163086699169015,0.6597863232634961
570,1557334800,1272,826,0,2098,19,-0.34163086699169015,0.7994194186451768
570,1557349200,1439,1191,0,2630,19,-0.34163086699169015,1.39369787258961
570,1557363600,409,321,0,730,19,-0.34163086699169015,-0.7287251772119374
570,1557378000,12,22,10,34,19,1.4519311847146832,-1.506202252297136
570,1557392400,1339,1015,0,2354,19,-0.34163086699169015,1.085387997986859
570,1557406800,1115,820,0,1935,19,-0.34163086699169015,0.6173378622674651
570,1557421200,1241,846,0,2087,19,-0.34163086699169015,0.7871317062515889
570,1557435600,1427,1174,0,2601,19,-0.34163086699169015,1.3613029944610602
570,1557450000,417,370,0,787,19,-0.34163086699169015,-0.665052485717891
570,1557464400,17,29,12,46,19,1.8106435950559578,-1.4927974751404944
570,1557478800,1106,894,0,2000,19,-0.34163086699169015,0.6899470718659391
570,1557493200,1138,832,0,1970,19,-0.34163086699169015,0.6564351289743358
570,1557507600,1280,880,0,2160,19,-0.34163086699169015,0.8686774339544905
570,1557522000,1318,1058,0,2376,19,-0.34163086699169015,1.109963422774035
570,1557536400,484,362,0,846,19,-0.34163086699169015,-0.5991456646977377
570,1557550800,33,53,20,86,19,3.2454932364210562,-1.4481148846183567
570,1557565200,216,216,0,432,19,-0.34163086699169015,-1.0616104766018644
570,1557579600,885,472,0,1357,19,-0.34163086699169015,-0.028325570777426704
570,1557594000,1073,663,0,1736,19,-0.34163086699169015,0.39504197441982936
570,1557608400,1022,564,0,1586,19,-0.34163086699169015,0.22748225996181243
570,1557622800,466,305,0,771,19,-0.34163086699169015,-0.682925521926746
570,1557637200,38,33,0,71,19,-0.34163086699169015,-1.4648708560641583
570,1557651600,123,150,27,273,19,4.500986672615518,-1.2392237739273622
570,1557666000,581,366,0,947,19,-0.34163086699169015,-0.4863221236293396
570,1557680400,702,485,0,1187,19,-0.34163086699169015,-0.21822658049651253
570,1557694800,563,484,0,1047,19,-0.34163086699169015,-0.374615647323995
570,1557709200,273,172,0,445,19,-0.34163086699169015,-1.0470886346821695
570,1557723600,16,18,2,34,19,0.017081543349584526,-1.506202252297136
570,1557738000,1248,912,0,2160,19,-0.34163086699169015,0.8686774339544905
570,1557752400,1078,880,0,1958,19,-0.34163086699169015,0.6430303518176944
570,1557766800,1258,783,0,2041,19,-0.34163086699169015,0.7357467271511304
570,1557781200,1461,1278,0,2739,19,-0.34163086699169015,1.5154579317624357
570,1557795600,338,270,0,608,20,-0.4399413450640599,-0.8688865667269825
570,1557810000,13,20,7,33,20,1.0998533626601497,-1.5147547247637527
570,1557824400,1388,983,0,2371,20,-0.4399413450640599,1.1114013682622799
570,1557838800,1183,956,0,2139,20,-0.4399413450640599,0.8508076071065744
570,1557853200,1291,925,0,2216,20,-0.4399413450640599,0.9372977778349767
570,1557867600,1497,1346,0,2843,20,-0.4399413450640599,1.6415748823376808
570,1557882000,361,308,0,669,20,-0.4399413450640599,-0.8003683795265599
570,1557896400,19,27,8,46,20,1.3198240351921797,-1.5001524881472692
570,1557910800,1321,923,0,2244,20,-0.4399413450640599,0.9687487490089411
570,1557925200,1171,849,0,2020,20,-0.4399413450640599,0.7171409796172254
570,1557939600,1273,795,0,2068,20,-0.4399413450640599,0.7710569302011645
570,1557954000,1410,1265,0,2675,20,-0.4399413450640599,1.452869055293894
570,1557968400,399,351,0,750,20,-0.4399413450640599,-0.7093852129161627
570,1557982800,13,23,10,36,20,1.7597653802562396,-1.5113849778522566
570,1557997200,1313,969,0,2282,20,-0.4399413450640599,1.011432209887893
570,1558011600,1147,829,0,1976,20,-0.4399413450640599,0.6677180249152812
570,1558026000,1218,858,0,2076,20,-0.4399413450640599,0.7800429219651543
570,1558040400,1496,1155,0,2651,20,-0.4399413450640599,1.4259110800019246
570,1558054800,371,389,18,760,20,3.5195307605124793,-0.6981527232111754
570,1558069200,14,21,7,35,20,1.0998533626601497,-1.5125082268227552
570,1558083600,1199,883,0,2082,20,-0.4399413450640599,0.7867824157881467
570,1558098000,1139,757,0,1896,20,-0.4399413450640599,0.5778581072753828
570,1558112400,1284,766,0,2050,20,-0.4399413450640599,0.7508384487321873
570,1558126800,1350,1020,0,2370,20,-0.4399413450640599,1.1102781192917812
570,1558141200,514,342,0,856,20,-0.4399413450640599,-0.5903208220432973
570,1558155600,45,53,8,98,20,1.3198240351921797,-1.4417435416813351
570,1558170000,313,225,0,538,20,-0.4399413450640599,-0.9475139946618937
570,1558184400,829,463,0,1292,20,-0.4399413450640599,-0.10058427090585062
570,1558198800,978,594,0,1572,20,-0.4399413450640599,0.213925440833794
570,1558213200,866,597,0,1463,20,-0.4399413450640599,0.09149130304943234
570,1558227600,338,236,0,574,20,-0.4399413450640599,-0.9070770317239394
570,1558242000,39,58,19,97,20,3.739501433044509,-1.442866790651834
570,1558256400,145,148,3,293,20,0.21997067253202995,-1.2227099924340827
570,1558270800,660,376,0,1036,20,-0.4399413450640599,-0.3881360073535257
570,1558285200,755,580,0,1335,20,-0.4399413450640599,-0.0522845651744052
570,1558299600,635,567,0,1202,20,-0.4399413450640599,-0.2016766782507364
570,1558314000,273,195,0,468,20,-0.4399413450640599,-1.0261414225968049
570,1558328400,15,19,4,34,20,0.4399413450640599,-1.513631475793254
570,1558342800,1271,843,0,2114,20,-0.4399413450640599,0.8227263828441062
570,1558357200,1041,784,0,1825,20,-0.4399413450640599,0.4981074303699729
570,1558371600,1169,760,0,1929,20,-0.4399413450640599,0.6149253233018409
570,1558386000,1311,1092,0,2403,20,-0.4399413450640599,1.1473453353182392
570,1558400400,349,276,0,625,21,-0.19633744871636788,-0.6564848888664959
570,1558414800,19,18,0,37,21,-0.19633744871636788,-1.3883762390186405
570,1558429200,1363,978,0,2341,21,-0.19633744871636788,1.4794429289244566
570,1558443600,1133,768,0,1901,21,-0.19633744871636788,0.931769129490879
570,1558458000,1234,798,0,2032,21,-0.19633744871636788,1.0948265561404213
570,1558472400,1433,1162,0,2595,21,-0.19633744871636788,1.7956000767792946
570,1558486800,398,319,0,717,21,-0.19633744871636788,-0.541971276257657
570,1558501200,17,19,2,36,21,-0.15642014235795737,-1.3896209521991714
570,1558515600,1360,982,0,2342,21,-0.19633744871636788,1.4806876421049875
570,1558530000,1145,775,0,1920,21,-0.19633744871636788,0.9554186799209653
570,1558544400,1239,800,0,2039,21,-0.19633744871636788,1.1035395484041375
570,1558558800,1345,1143,0,2488,21,-0.19633744871636788,1.6624157664624928
570,1558573200,392,400,8,792,21,-0.03666822328272591,-0.44861778771784266
570,1558587600,21,25,4,46,21,-0.11650283599954689,-1.3771738203938628
570,1558602000,1254,916,0,2170,21,-0.19633744871636788,1.2665969750536799
570,1558616400,1041,760,0,1801,21,-0.19633744871636788,0.8072978114377932
570,1558630800,1259,788,0,2047,21,-0.19633744871636788,1.1134972538483843
570,1558645200,1392,1079,0,2471,21,-0.19633744871636788,1.641255642393468
570,1558659600,388,350,0,738,21,-0.19633744871636788,-0.515832299466509
570,1558674000,25,22,0,47,21,-0.19633744871636788,-1.375929107213332
570,1558687232,770,695,0,1465,21,-0.19633744871636788,0.38907418277942485
570,1558688400,494,824,330,1318,21,6.390018100421363,0.2061013452413887
570,1558702800,1059,676,0,1735,21,-0.19633744871636788,0.7251467415227565
570,1558717200,1309,807,0,2116,21,-0.19633744871636788,1.1993824633050134
570,1558731600,1111,585,0,1696,21,-0.19633744871636788,0.6766029274820531
570,1558746000,386,291,0,677,21,-0.19633744871636788,-0.5917598034788913
570,1558760400,32,39,7,71,21,-0.05662687646193115,-1.3460559908805914
570,1558774800,193,170,0,363,21,-0.19633744871636788,-0.9825997421655808
570,1558789200,685,340,0,1025,21,-0.19633744871636788,-0.1585996166541527
570,1558803600,764,438,0,1202,21,-0.19633744871636788,0.06171461629980918
570,1558818000,731,423,0,1154,21,-0.19633744871636788,0.001968383634327987
570,1558832400,369,269,0,638,21,-0.19633744871636788,-0.6403036175195947
570,1558846800,17,33,16,50,21,0.12300100215091606,-1.3721949676717393
570,1558861200,151,125,0,276,21,-0.19633744871636788,-1.0908897888717655
570,1558875600,595,257,0,852,21,-0.19633744871636788,-0.37393499688599113
570,1558890000,670,329,0,999,21,-0.19633744871636788,-0.19096215934795502
570,1558904400,565,480,0,1045,21,-0.19633744871636788,-0.13370535304353554
570,1558918800,280,245,0,525,21,-0.19633744871636788,-0.7809562069195818
570,1558933200,17,20,3,37,21,-0.13646148917875214,-1.3883762390186405
570,1558947600,120,173,53,293,21,0.8614711697815101,-1.0697296648027408
570,1558962000,516,258,0,774,21,-0.19633744871636788,-0.4710226249673981
570,1558976400,622,438,0,1060,21,-0.19633744871636788,-0.11503465533557268
570,1558990800,533,465,0,998,21,-0.19633744871636788,-0.19220687252848587
570,1559005200,257,187,0,444,22,-0.4282047237986107,-1.0247824236407583
570,1559019600,8,15,7,23,22,1.165367286287358,-1.5053861637891786
570,1559034000,1241,1002,0,2243,22,-0.4282047237986107,1.0289138436442966
570,1559048400,1029,762,0,1791,22,-0.4282047237986107,0.5129212295182015
570,1559062800,1270,709,0,1979,22,-0.4282047237986107,0.7275376265440995
570,1559077200,1368,1205,0,2573,22,-0.4282047237986107,1.4056341150195428
570,1559091600,378,260,0,638,22,-0.4282047237986107,-0.8033165671353105
570,1559106000,18,16,0,34,22,-0.4282047237986107,-1.4928288214100038
570,1559120400,1372,983,0,2355,22,-0.4282047237986107,1.1567704205958953
570,1559134800,1123,850,0,1973,22,-0.4282047237986107,0.7206881670645495
570,1559149200,1265,775,0,2040,22,-0.4282047237986107,0.7971737979195238
570,1559163600,1452,1116,0,2568,22,-0.4282047237986107,1.399926232119918
570,1559178000,392,290,0,682,22,-0.4282047237986107,-0.753087197618611
570,1559192400,13,25,12,38,22,2.3036330077773357,-1.4882625150903037
570,1559206800,1316,965,0,2281,22,-0.4282047237986107,1.072293753681446
570,1559221200,1156,804,0,1960,22,-0.4282047237986107,0.7058476715255246
570,1559235600,1284,846,0,2130,22,-0.4282047237986107,0.8999156901127727
570,1559250000,1501,1191,0,2692,22,-0.4282047237986107,1.5414817280306166
570,1559264400,434,321,0,755,22,-0.4282047237986107,-0.6697521072840869
570,1559278800,20,28,8,48,22,1.3930204305853535,-1.476846749291054
570,1559293200,1188,907,0,2095,22,-0.4282047237986107,0.8599605098153982
570,1559307600,1152,757,0,1909,22,-0.4282047237986107,0.6476272659493503
570,1559322000,1238,782,0,2020,22,-0.4282047237986107,0.774342266321024
570,1559336400,1268,948,0,2216,22,-0.4282047237986107,0.9980912759863219
570,1559350800,471,357,0,828,22,-0.4282047237986107,-0.5864170169495626
570,1559365200,35,52,17,87,22,3.4418987292673138,-1.4323252626739793
570,1559379600,195,208,13,403,22,2.531286152075331,-1.071587063417683
570,1559394000,771,398,0,1169,22,-0.4282047237986107,-0.19713940319514148
570,1559408400,908,511,0,1419,22,-0.4282047237986107,0.08825474178610573
570,1559422800,799,534,0,1333,22,-0.4282047237986107,-0.009920844087443306
570,1559437200,434,302,0,736,22,-0.4282047237986107,-0.6914420623026616
570,1559451600,37,47,10,84,22,1.8483267191813446,-1.4357499924137542
570,1559466000,140,135,0,275,22,-0.4282047237986107,-1.2177088656480815
570,1559480400,708,350,0,1058,22,-0.4282047237986107,-0.3238544035668152
570,1559494800,897,572,0,1469,22,-0.4282047237986107,0.14533357078235518
570,1559509200,594,505,0,1099,22,-0.4282047237986107,-0.2770497637898907
570,1559523600,250,195,0,445,22,-0.4282047237986107,-1.0236408470608334
570,1559538000,9,21,12,30,22,2.3036330077773357,-1.4973951277297037
570,1559552400,1276,916,0,2192,22,-0.4282047237986107,0.970693438068122
570,1559566800,1120,742,0,1862,22,-0.4282047237986107,0.5939731666928758
570,1559581200,1157,712,0,1869,22,-0.4282047237986107,0.6019642027523507
570,1559595600,1353,1153,0,2506,22,-0.4282047237986107,1.3291484841645687
570,1559610000,324,294,0,618,23,-0.43672857148805627,-0.8626838033324754
570,1559624400,18,21,3,39,23,0.7861114286785014,-1.5385018797914387
570,1559638800,1382,957,0,2339,23,-0.43672857148805627,1.1460949697001253
570,1559653200,1121,767,0,1888,23,-0.43672857148805627,0.6196805439954751
570,1559667600,1116,739,0,1855,23,-0.43672857148805627,0.5811624152853788
570,1559682000,1375,1182,0,2557,23,-0.43672857148805627,1.4005480623910649
570,1559696400,401,354,0,755,23,-0.43672857148805627,-0.7027752083844997
570,1559710800,18,21,3,39,23,0.7861114286785014,-1.5385018797914387
570,1559725200,1353,952,0,2305,23,-0.43672857148805627,1.106409624968511
570,1559739600,1212,828,0,2040,23,-0.43672857148805627,0.7970973792662219
570,1559754000,1198,728,0,1926,23,-0.43672857148805627,0.6640347528131618
570,1559768400,1467,1204,0,2671,23,-0.43672857148805627,1.533610688844125
570,1559782800,387,293,0,680,23,-0.43672857148805627,-0.7903164099983551
570,1559797200,21,27,6,48,23,2.008951428845059,-1.527996935597776
570,1559811600,1318,934,0,2252,23,-0.43672857148805627,1.0445471758280531
570,1559826000,1185,815,0,2000,23,-0.43672857148805627,0.7504087384054992
570,1559840400,1221,756,0,1977,23,-0.43672857148805627,0.7235627699105834
570,1559854800,1406,1111,0,2517,23,-0.43672857148805627,1.3538594215303419
570,1559869200,398,357,0,755,23,-0.43672857148805627,-0.7027752083844997
570,1559883600,20,25,5,45,23,1.6013380954562066,-1.5314985836623303
570,1559898000,1177,853,0,2030,23,-0.43672857148805627,0.7854252190510412
570,1559912400,1069,754,0,1823,23,-0.43672857148805627,0.5438115025968004
570,1559926800,1303,799,0,2102,23,-0.43672857148805627,0.8694647726003424
570,1559941200,1365,821,0,2186,23,-0.43672857148805627,0.9675109184078604
570,1559955600,465,385,0,850,23,-0.43672857148805627,-0.5918896863402829
570,1559970000,39,49,10,88,23,3.6394047624004693,-1.4813082947370533
570,1559984400,216,221,5,437,23,1.6013380954562066,-1.0739499032272464
570,1559998800,864,441,0,1305,23,-0.43672857148805627,-0.06080639654956045
570,1560013200,940,554,0,1494,23,-0.43672857148805627,0.15979743151735504
570,1560027600,833,501,0,1334,23,-0.43672857148805627,-0.026957131925536382
570,1560042000,428,373,0,801,23,-0.43672857148805627,-0.6490832713946684
570,1560056400,32,41,9,73,23,3.2317914290116168,-1.4988165350598244
570,1560070800,156,123,0,279,23,-0.43672857148805627,-1.2583700346271016
570,1560085200,771,437,0,1208,23,-0.43672857148805627,-0.17402635063681338
570,1560099600,914,637,0,1551,23,-0.43672857148805627,0.2263287447438851
570,1560114000,682,569,0,1251,23,-0.43672857148805627,-0.1238360617115363
570,1560128400,280,204,0,484,23,-0.43672857148805627,-1.019090750215897
570,1560142800,13,17,4,30,23,1.193724762067354,-1.5490068239851014
570,1560157200,1265,912,0,2177,23,-0.43672857148805627,0.9570059742141978
570,1560171600,1012,761,0,1773,23,-0.43672857148805627,0.4854507015208969
570,1560186000,1180,682,0,1862,23,-0.43672857148805627,0.5893329274360053
570,1560200400,1385,1169,0,2554,23,-0.43672857148805627,1.3970464143265107
570,1560214800,361,234,0,595,24,-0.20851441405707472,-1.1101685794760598
570,1560229200,17,19,2,36,24,4.795831523312719,-1.7423426737990995
570,1560243600,1337,1000,0,2337,24,-0.20851441405707472,0.8598623191120176
570,1560258000,1148,821,0,1969,24,-0.20851441405707472,0.4436904645308394
570,1560272400,1241,826,0,2067,24,-0.20851441405707472,0.5545188388486532
570,1560286800,1471,1127,0,2598,24,-0.20851441405707472,1.1550276833666033
570,1560301200,440,335,0,775,24,-0.20851441405707472,-0.9066062593004834
570,1560315600,19,16,0,35,24,-0.20851441405707472,-1.7434735755778528
570,1560330000,1363,982,0,2345,24,-0.20851441405707472,0.8689095333420432
570,1560344400,1202,731,0,1933,24,-0.20851441405707472,0.40297800049572413
570,1560358800,1231,791,0,2022,24,-0.20851441405707472,0.503628258804759
570,1560373200,1488,1137,0,2625,24,-0.20851441405707472,1.1855620313929396
570,1560387600,500,341,0,841,24,-0.20851441405707472,-0.8319667419027721
570,1560402000,28,23,0,51,24,-0.20851441405707472,-1.7253791471178015
570,1560416400,1305,895,0,2200,24,-0.20851441405707472,0.704928775422829
570,1560430800,1167,837,0,2004,24,-0.20851441405707472,0.48327202678720144
570,1560445200,1206,732,0,1938,24,-0.20851441405707472,0.40863250938949014
570,1560459600,1460,1136,0,2596,24,-0.20851441405707472,1.1527658798090967
570,1560474000,409,353,0,762,24,-0.20851441405707472,-0.921307982424275
570,1560488400,32,29,0,61,24,-0.20851441405707472,-1.7140701293302694
570,1560502800,1096,848,0,1944,24,-0.20851441405707472,0.41541792006200934
570,1560517200,1089,779,0,1868,24,-0.20851441405707472,0.329469384876766
570,1560531600,1244,874,0,2118,24,-0.20851441405707472,0.6121948295650664
570,1560546000,1239,881,0,2120,24,-0.20851441405707472,0.6144566331225728
570,1561165200,9674,9046,0,18720,25,-0.49039626043627466,4.171822134684322
570,1561179600,42,51,9,93,25,2.130158756270068,-0.4589518568929806
570,1561194000,216,192,0,408,25,-0.49039626043627466,-0.38064113550215817
570,1561208400,835,429,0,1264,25,-0.49039626043627466,-0.16783485769090725
570,1561222800,992,496,0,1488,25,-0.49039626043627466,-0.11214723359076684
570,1561237200,830,528,0,1358,25,-0.49039626043627466,-0.14446594400602691
570,1561251600,456,335,0,791,25,-0.49039626043627466,-0.28542524250950735
570,1561266000,36,45,9,81,25,2.130158756270068,-0.46193512246977386
570,1561280400,126,136,10,262,25,2.4213315359041063,-0.41693753335314254
570,1561294800,708,356,0,1064,25,-0.49039626043627466,-0.21755595063746122
570,1561309200,754,516,0,1270,25,-0.49039626043627466,-0.16634322490251063
570,1561310052,38,33,0,71,25,-0.49039626043627466,-0.46442117711710157
570,1561323600,582,506,0,1088,25,-0.49039626043627466,-0.21158941948387475
570,1561338000,296,244,0,540,25,-0.49039626043627466,-0.34782521415743256
570,1561352400,17,21,4,38,25,0.6742948580998778,-0.472625157453283
570,1561366800,1290,841,0,2131,25,-0.49039626043627466,0.04770608023240412
570,1561381200,1030,700,0,1730,25,-0.49039626043627466,-0.05198471112543655
570,1561395600,1154,717,0,1871,25,-0.49039626043627466,-0.016931340598116018
570,1561410000,1379,1196,0,2575,25,-0.49039626043627466,0.15808690657375388
570,1561424400,362,308,0,670,26,-0.2319762238323225,-0.7675201149435232
570,1561438800,16,17,1,33,26,-0.1906525240403298,-1.5814149271578575
570,1561453200,1267,765,0,2032,26,-0.2319762238323225,0.9727070973577691
570,1561467600,1112,929,0,2041,26,-0.2319762238323225,0.9842063961174693
570,1561482000,1178,723,0,1901,26,-0.2319762238323225,0.8053284154110222
570,1561496400,1474,1145,0,2619,26,-0.2319762238323225,1.722716916462658
570,1561510800,408,349,0,757,26,-0.2319762238323225,-0.6563602269330883
570,1561525200,19,23,4,42,26,-0.0666814246643518,-1.5699156283981572
570,1561539600,1241,932,0,2173,26,-0.2319762238323225,1.1528627779264051
570,1561554000,1023,777,0,1800,26,-0.2319762238323225,0.6762807293299425
570,1561568400,1180,751,0,1931,26,-0.2319762238323225,0.8436594112766894
570,1561582800,1409,1140,0,2549,26,-0.2319762238323225,1.6332779261094343
570,1561597200,416,358,0,774,26,-0.2319762238323225,-0.6346393292758769
570,1561611600,15,20,5,35,26,-0.025357724872359128,-1.5788595274334796
570,1561626000,1206,870,0,2076,26,-0.2319762238323225,1.028925891294081
570,1561640400,1174,853,0,2027,26,-0.2319762238323225,0.9663185980468245
570,1561654800,1093,753,0,1846,26,-0.2319762238323225,0.7350549229906322
570,1561669200,1309,1058,0,2367,26,-0.2319762238323225,1.4007365511910532
570,1561683600,435,374,0,809,26,-0.2319762238323225,-0.5899198340992651
570,1561698000,15,25,10,40,26,0.18126077408760424,-1.5724710281225351
570,1561708869,434,416,0,850,26,-0.2319762238323225,-0.5375341397495198
570,1561712400,632,792,160,1424,26,6.379815742886505,0.1958655811469132
570,1561726800,988,776,0,1764,26,-0.2319762238323225,0.6302835342911418
570,1561741200,1140,798,0,1938,26,-0.2319762238323225,0.8526033103120118
570,1561755600,1190,912,0,2102,26,-0.2319762238323225,1.0621460877109927
570,1561770000,461,372,0,833,26,-0.2319762238323225,-0.5592550374067313
570,1561784400,35,60,25,95,26,0.8011162709674943,-1.502197535702145
570,1561798800,189,193,4,382,26,-0.0666814246643518,-1.1354976752539288
570,1561813200,778,430,0,1208,26,-0.2319762238323225,-0.08011758908589088
570,1561827600,936,539,0,1475,26,-0.2319762238323225,0.2610282741185475
570,1561842000,780,452,0,1232,26,-0.2319762238323225,-0.04945279239335709
570,1561856400,379,298,0,677,26,-0.2319762238323225,-0.7585762159082009
570,1561870800,31,56,25,87,26,0.8011162709674943,-1.5124191345996565
570,1561885200,122,119,0,241,26,-0.2319762238323225,-1.3156533558225647
570,1561899600,735,323,0,1058,26,-0.2319762238323225,-0.27177256841422703
570,1561914000,773,538,0,1311,26,-0.2319762238323225,0.05148549671956661
570,1561928400,567,568,1,1135,26,-0.1906525240403298,-0.17338967902568114
570,1561942800,286,258,0,544,26,-0.2319762238323225,-0.9285102975793256
570,1561957200,15,27,12,42,26,0.2639081736715896,-1.5699156283981572
570,1561971600,1075,917,0,1992,26,-0.2319762238323225,0.9215991028702127
570,1561986000,882,714,0,1596,26,-0.2319762238323225,0.4156299574434053
570,1562000400,1001,624,0,1625,26,-0.2319762238323225,0.45268325344688365
570,1562013565,1076,978,0,2054,26,-0.2319762238323225,1.000816494325925
570,1562014800,1323,401,0,1724,26,-0.2319762238323225,0.5791755398035855
570,1562029200,343,262,0,605,27,-0.30520739753810916,-0.5749449728201791
570,1562043600,14,22,8,36,27,-0.19489147071710586,-1.4294035037308928
570,1562058000,1195,854,0,2049,27,-0.30520739753810916,1.5934875731114033
570,1562063284,555,397,0,952,27,-0.30520739753810916,-0.05386042057761734
570,1562063367,264,408,144,672,27,1.6804792852399506,-0.4743321053842954
570,1562072400,494,367,0,861,27,-0.30520739753810916,-0.1905137181397877
570,1562086800,1072,663,0,1735,27,-0.30520739753810916,1.1219586122924858
570,1562101200,1214,1053,0,2267,27,-0.30520739753810916,1.920854813425174
570,1562115600,372,317,0,689,27,-0.30520739753810916,-0.44880346737817567
570,1562130000,22,22,0,44,27,-0.30520739753810916,-1.4173900270221305
570,1562143379,860,733,0,1593,27,-0.30520739753810916,0.9087194007119563
570,1562144400,442,818,376,1260,27,4.879641163049047,0.4086584327097285
570,1562158800,991,733,0,1724,27,-0.30520739753810916,1.1054400818179377
570,1562173200,1250,860,0,2110,27,-0.30520739753810916,1.6850903330157152
570,1562187600,1203,669,0,1872,27,-0.30520739753810916,1.327689400930039
570,1562202000,387,257,0,644,27,-0.30520739753810916,-0.5163792738649632
570,1562216400,30,20,0,50,27,-0.30520739753810916,-1.4083799194905589
570,1562230800,182,161,0,343,27,-0.30520739753810916,-0.9683863350321421
570,1562245200,510,221,0,731,27,-0.30520739753810916,-0.38573271465717396
570,1562259600,561,342,0,903,27,-0.30520739753810916,-0.127442965418786
570,1562274000,517,263,0,780,27,-0.30520739753810916,-0.3121501698160053
570,1562288400,210,347,137,557,27,1.5839528492715726,-0.6470258330727524
570,1562302800,17,41,24,58,27,0.02574038292490078,-1.3963664427817966
570,1562317200,398,675,277,1073,27,3.514481568639131,0.1278434146424114
570,1562331600,618,463,0,1081,27,-0.30520739753810916,0.13985689135117363
570,1562346000,897,534,0,1431,27,-0.30520739753810916,0.6654464973595212
570,1562360400,891,465,0,1356,27,-0.30520739753810916,0.5528201532148753
570,1562374800,360,249,0,609,27,-0.30520739753810916,-0.5689382344657979
570,1562389200,21,26,5,47,27,-0.2362599432749821,-1.4128849732563447
570,1562403600,152,141,0,293,27,-0.30520739753810916,-1.043470564461906
570,1562418000,633,321,0,954,27,-0.30520739753810916,-0.05085705140042678
570,1562432400,791,418,0,1209,27,-0.30520739753810916,0.3320725186913693
570,1562446800,750,358,0,1108,27,-0.30520739753810916,0.18040237524324615
570,1562461200,321,255,0,576,27,-0.30520739753810916,-0.6184938258894421
570,1562475600,24,44,20,68,27,-0.029417580485600878,-1.3813495968958438
570,1562490000,146,112,0,258,27,-0.30520739753810916,-1.0960295250627408
570,1562504400,589,319,0,908,27,-0.30520739753810916,-0.1199345424758096
570,1562518800,789,459,0,1248,27,-0.30520739753810916,0.3906382176465852
570,1562533200,668,500,0,1168,27,-0.30520739753810916,0.27050345055896285
570,1562547600,352,217,0,569,27,-0.30520739753810916,-0.6290056180096091
570,1562562000,13,18,5,31,27,-0.2362599432749821,-1.436911926673869
570,1562576400,1162,826,0,1988,27,-0.30520739753810916,1.5018848132070914
570,1562590800,996,815,0,1811,27,-0.30520739753810916,1.2360866410257272
570,1562605200,1096,649,0,1745,27,-0.30520739753810916,1.1369754581784386
570,1562619600,1310,1078,0,2388,27,-0.30520739753810916,2.1025586486452026
570,1562634000,306,217,0,523,28,-0.40185279412609776,-0.8754075039964487
570,1562648400,11,18,7,29,28,2.551765242700721,-1.4473069621947017
570,1562662800,1320,954,0,2274,28,-0.40185279412609776,1.1517098063378448
570,1562677200,1086,785,0,1871,28,-0.40185279412609776,0.6851602483340068
570,1562691600,1193,658,0,1851,28,-0.40185279412609776,0.6620064241154541
570,1562706000,1459,1074,0,2533,28,-0.40185279412609776,1.451551829968103
570,1562720400,355,286,0,641,28,-0.40185279412609776,-0.7387999411069875
570,1562734800,15,20,5,35,28,1.7078743750359155,-1.4403608149291358
570,1562749200,1296,907,0,2203,28,-0.40185279412609776,1.0695137303619824
570,1562763600,1170,801,0,1971,28,-0.40185279412609776,0.8009293694267705
570,1562778000,1121,639,0,1760,28,-0.40185279412609776,0.556656523921039
570,1562792400,1460,1160,0,2620,28,-0.40185279412609776,1.5522709653188074
570,1562806800,311,312,1,623,28,0.020092639706304913,-0.759638382903685
570,1562821200,20,20,0,40,28,-0.40185279412609776,-1.4345723588744976
570,1562835600,1272,946,0,2218,28,-0.40185279412609776,1.086879098525897
570,1562850000,1155,802,0,1957,28,-0.40185279412609776,0.7847216924737836
570,1562864400,1182,809,0,1991,28,-0.40185279412609776,0.8240831936453233
570,1562878800,1468,1127,0,2595,28,-0.40185279412609776,1.5233286850456165
570,1562893200,347,297,0,644,28,-0.40185279412609776,-0.7353268674742046
570,1562907600,17,20,3,37,28,0.8639835073711102,-1.4380454325072807
570,1562922000,1057,817,0,1874,28,-0.40185279412609776,0.6886333219667897
570,1562936400,1051,729,0,1780,28,-0.40185279412609776,0.5798103481395918
570,1562950800,1140,772,0,1912,28,-0.40185279412609776,0.7326255879820399
570,1562965200,1247,853,0,2100,28,-0.40185279412609776,0.9502715356364357
570,1562979600,495,342,0,837,28,-0.40185279412609776,-0.5118924637651705
570,1562994000,38,45,7,83,28,2.551765242700721,-1.3847916368046094
570,1563008400,232,197,0,429,28,-0.40185279412609776,-0.9842304778236467
570,1563022800,896,415,0,1311,28,-0.40185279412609776,0.03685317021452971
570,1563037200,1007,488,0,1495,28,-0.40185279412609776,0.24986835302521504
570,1563051600,737,418,0,1155,28,-0.40185279412609776,-0.14374665869018174
570,1563066000,34,36,2,70,28,0.44203807353870755,-1.3998416225466686
570,1563080400,15,26,11,41,28,4.239546978030331,-1.43341466766357
570,1563094800,134,113,0,247,28,-0.40185279412609776,-1.1949302782124767
570,1563109200,684,318,0,1002,28,-0.40185279412609776,-0.32087341396211033
570,1563123600,852,507,0,1359,28,-0.40185279412609776,0.09242234833905631
570,1563138000,625,462,0,1087,28,-0.40185279412609776,-0.22246966103326113
570,1563152400,252,192,0,444,28,-0.40185279412609776,-0.966865109659732
570,1563166800,14,18,4,32,28,1.2859289412035129,-1.4438338885619189
570,1563181200,1224,839,0,2063,28,-0.40185279412609776,0.9074369608321132
570,1563195600,1019,724,0,1743,28,-0.40185279412609776,0.5369757733352691
570,1563210000,1058,629,0,1687,28,-0.40185279412609776,0.47214506552332147
570,1563224400,1383,1175,0,2558,28,-0.40185279412609776,1.4804941102412938
570,1563238800,350,245,0,595,29,-0.38282348064964566,-0.7691558643913643
570,1563253200,13,16,3,29,29,0.3592651126096674,-1.4312733081107745
570,1563267600,1334,946,0,2280,29,-0.38282348064964566,1.2019888222998127
570,1563282000,1136,798,0,1934,29,-0.38282348064964566,0.7972315157151555
570,1563296400,1208,741,0,1949,29,-0.38282348064964566,0.814778797792525
570,1563310800,1423,1130,0,2553,29,-0.38282348064964566,1.521349356107938
570,1563325200,464,304,0,768,29,-0.38282348064964566,-0.5667772110990358
570,1563339600,29,26,0,55,29,-0.38282348064964566,-1.4008580191766673
570,1563354000,1570,951,0,2521,29,-0.38282348064964566,1.483915154342883
570,1563368400,1423,905,0,2328,29,-0.38282348064964566,1.2581401249473951
570,1563382800,1181,731,0,1912,29,-0.38282348064964566,0.7714955020016803
570,1563397200,1444,1112,0,2556,29,-0.38282348064964566,1.524858812523412
570,1563411600,327,292,0,619,29,-0.38282348064964566,-0.7410802130675731
570,1563426000,15,16,1,31,29,-0.13546061622987463,-1.4289336705004585
570,1563440400,1233,916,0,2149,29,-0.38282348064964566,1.0487425588241188
570,1563454800,1060,829,0,1889,29,-0.38282348064964566,0.744589669483047
570,1563469200,1120,635,0,1755,29,-0.38282348064964566,0.5878339495918792
570,1563483600,1408,985,0,2393,29,-0.38282348064964566,1.3341783472826632
570,1563498000,338,278,0,616,29,-0.38282348064964566,-0.744589669483047
570,1563512400,13,25,12,38,29,2.585530892387607,-1.4207449388643527
570,1563526800,988,807,0,1795,29,-0.38282348064964566,0.6346267017981979
570,1563541200,993,727,0,1720,29,-0.38282348064964566,0.5468902914113503
570,1563555600,1142,685,0,1827,29,-0.38282348064964566,0.6720609035632529
570,1563570000,1269,896,0,2165,29,-0.38282348064964566,1.0674596597066464
570,1563584400,456,284,0,740,29,-0.38282348064964566,-0.5995321376434588
570,1563598800,25,41,16,66,29,3.574982350066691,-1.3879900123199296
570,1563613200,178,186,8,364,29,1.5960794347085228,-1.039384008382855
570,1563627600,656,318,0,974,29,-0.38282348064964566,-0.3257945372364942
570,1563642000,651,424,0,1075,29,-0.38282348064964566,-0.20764283791553942
570,1563656400,651,378,0,1029,29,-0.38282348064964566,-0.261454502952806
570,1563670800,372,272,0,644,29,-0.38282348064964566,-0.7118347429386238
570,1563685200,28,40,12,68,29,2.585530892387607,-1.3856503747096136
570,1563699600,121,108,0,229,29,-0.38282348064964566,-1.1973095470791808
570,1563714000,528,275,0,803,29,-0.38282348064964566,-0.5258335529185069
570,1563728400,551,372,0,923,29,-0.38282348064964566,-0.3854552962995506
570,1563742800,539,417,0,956,29,-0.38282348064964566,-0.34685127572933766
570,1563757200,250,164,0,414,29,-0.38282348064964566,-0.9808930681249566
570,1563771600,9,22,13,31,29,2.832893756807378,-1.4289336705004585
570,1563786000,1226,813,0,2039,29,-0.38282348064964566,0.9200624902567422
570,1563800400,945,722,0,1667,29,-0.38282348064964566,0.48488989473797794
570,1563814800,1131,622,0,1753,29,-0.38282348064964566,0.5854943119815632
570,1563829200,1280,1073,0,2353,29,-0.38282348064964566,1.2873855950763444
570,1563843600,298,176,0,474,30,-0.34193008070719083,-0.9558191568581266
570,1563858000,17,17,0,34,30,-0.34193008070719083,-1.5051951838156463
570,1563872400,1270,949,0,2219,30,-0.34193008070719083,1.222956222780219
570,1563886800,1041,749,0,1790,30,-0.34193008070719083,0.6873145964966372
570,1563901200,928,533,0,1461,30,-0.34193008070719083,0.27653115815794627
570,1563915600,1282,1199,0,2481,30,-0.34193008070719083,1.550084675195833
570,1563930000,327,231,0,558,30,-0.34193008070719083,-0.8509382789844183
570,1563944400,15,23,8,38,30,1.4255854134099801,-1.5002008562978508
570,1563958800,1241,888,0,2129,30,-0.34193008070719083,1.1105838536298172
570,1563973200,1020,796,0,1816,30,-0.34193008070719083,0.7197777253623089
570,1563987600,1106,675,0,1781,30,-0.34193008070719083,0.676077359581597
570,1564002000,1289,1133,0,2422,30,-0.34193008070719083,1.4764183443083474
570,1564016400,363,363,0,726,30,-0.34193008070719083,-0.6411765232370016
570,1564030800,23,16,0,39,30,-0.34193008070719083,-1.4989522744184018
570,1564045200,1236,900,0,2136,30,-0.34193008070719083,1.1193239267859596
570,1564059600,1176,769,0,1945,30,-0.34193008070719083,0.8808447878112181
570,1564074000,1124,660,0,1784,30,-0.34193008070719083,0.6798231052199437
570,1564088400,1279,1041,0,2320,30,-0.34193008070719083,1.3490629926045588
570,1564102800,419,414,0,833,30,-0.34193008070719083,-0.5075782621359683
570,1564117200,13,23,10,36,30,1.867464286939273,-1.5026980200567486
570,1564131600,1005,781,0,1786,30,-0.34193008070719083,0.6823202689788416
570,1564146000,971,753,0,1724,30,-0.34193008070719083,0.6049081924530092
570,1564160400,1122,788,0,1910,30,-0.34193008070719083,0.8371444220305062
570,1564174800,1155,846,0,2001,30,-0.34193008070719083,0.9507653730603569
570,1564189200,461,339,0,800,30,-0.34193008070719083,-0.5487814641577824
570,1564203600,31,52,21,83,30,4.2977980913503835,-1.4440146717226499
570,1564218000,235,195,0,430,30,-0.34193008070719083,-1.0107567595538787
570,1564232400,735,374,0,1109,30,-0.34193008070719083,-0.1629696634080696
570,1564246800,782,469,0,1251,30,-0.34193008070719083,0.014328963473675436
570,1564261200,832,452,0,1284,30,-0.34193008070719083,0.05553216549548942
570,1564275600,424,294,0,718,30,-0.34193008070719083,-0.6511651782725929
570,1564290000,31,47,16,78,30,3.193100907527151,-1.4502575811198943
570,1564304400,125,120,0,245,30,-0.34193008070719083,-1.2417444072519266
570,1564318800,624,372,0,996,30,-0.34193008070719083,-0.30405941578579626
570,1564333200,696,416,0,1112,30,-0.34193008070719083,-0.15922391776972286
570,1564347600,586,533,0,1119,30,-0.34193008070719083,-0.1504838446135805
570,1564362000,262,188,0,450,30,-0.34193008070719083,-0.9857851219649004
570,1564376400,9,19,10,28,30,1.867464286939273,-1.5126866750923398
570,1564390800,1166,863,0,2029,30,-0.34193008070719083,0.9857256656849264
570,1564405200,951,715,0,1666,30,-0.34193008070719083,0.5324904434449725
570,1564419600,1056,627,0,1683,30,-0.34193008070719083,0.5537163353956039
570,1564434000,1364,1172,0,2536,30,-0.34193008070719083,1.6187566785655232
570,1564448400,328,230,0,558,31,-0.38978014645407877,-1.0812498845659055
570,1564462800,15,18,3,33,31,0.4120532976800262,-1.7118330155786532
570,1564477200,1333,904,0,2237,31,-0.38978014645407877,0.9354150239491481
570,1564491600,1096,759,0,1855,31,-0.38978014645407877,0.4765907267170156
570,1564506000,1127,668,0,1795,31,-0.38978014645407877,0.40452408317270155
570,1564520400,1439,1166,0,2605,31,-0.38978014645407877,1.3774237710209407
570,1564534800,398,285,0,683,31,-0.38978014645407877,-0.9311110438485847
570,1564549200,14,22,8,36,31,1.7484423712368677,-1.7082296834014374
570,1564563600,1265,929,0,2194,31,-0.38978014645407877,0.8837672627423897
570,1564578000,1099,788,0,1887,31,-0.38978014645407877,0.5150262699406497
570,1564592400,1115,671,0,1786,31,-0.38978014645407877,0.39371408664105445
570,1564606800,1206,1209,3,2415,31,0.4120532976800262,1.149212733130613
570,1564621200,392,272,0,664,31,-0.38978014645407877,-0.9539321476376175
570,1564635600,22,26,4,48,31,0.6793311123913945,-1.6938163546925746
570,1564650000,1203,877,0,2080,31,-0.38978014645407877,0.7468406400081931
570,1564664400,1002,778,0,1780,31,-0.38978014645407877,0.38650742228662305
570,1564678800,1150,639,0,1789,31,-0.38978014645407877,0.39731741881827015
570,1564693200,1384,1019,0,2403,31,-0.38978014645407877,1.1347994044217502
570,1564707600,398,321,0,719,31,-0.38978014645407877,-0.8878710577219963
570,1564722000,23,40,17,63,31,4.153942703639182,-1.675799693806496
570,1564736400,1078,807,0,1885,31,-0.38978014645407877,0.5126240484891725
570,1564750800,1037,661,0,1698,31,-0.38978014645407877,0.2880163427760606
570,1564765200,1093,731,0,1824,31,-0.38978014645407877,0.43935629421912
570,1564779600,1194,766,0,1960,31,-0.38978014645407877,0.6027073529195651
570,1565398800,9236,8184,0,17420,32,-0.3207063317513262,4.060169278643725
570,1565413200,31,40,9,71,32,1.3028694727397627,-0.474019155112492
570,1565427600,200,223,23,423,32,3.828431835281456,-0.38202340154270764
570,1565442000,695,405,0,1100,32,-0.3207063317513262,-0.20508838686445766
570,1565456400,843,476,0,1319,32,-0.3207063317513262,-0.14785239245598386
570,1565470800,709,506,0,1215,32,-0.3207063317513262,-0.17503295601069288
570,1565485200,427,308,0,735,32,-0.3207063317513262,-0.3004817108785806
570,1565499600,40,40,0,80,32,-0.3207063317513262,-0.47166699095871906
570,1565514000,137,120,0,257,32,-0.3207063317513262,-0.42540776260118546
570,1565528400,598,307,0,905,32,-0.3207063317513262,-0.25605194352953703
570,1565542800,611,428,0,1039,32,-0.3207063317513262,-0.22103083279558505
570,1565557200,602,477,0,1079,32,-0.3207063317513262,-0.21057676988992774
570,1565571600,257,209,0,466,32,-0.3207063317513262,-0.370785283919126
570,1565586000,16,15,0,31,32,-0.3207063317513262,-0.4844732180181493
570,1565600400,1192,893,0,2085,32,-0.3207063317513262,0.05234291218735363
570,1565614800,939,737,0,1676,32,-0.3207063317513262,-0.05454988102299237
570,1565629200,1049,608,0,1657,32,-0.3207063317513262,-0.059515560903179596
570,1565643600,1296,1071,0,2367,32,-0.3207063317513262,0.12604405567223767
570,1565658000,286,232,0,518,33,-0.217912221250286,-0.8340535362917983
570,1565672400,17,13,0,30,33,-0.217912221250286,-1.4062822729804474
570,1565686800,1270,1231,0,2501,33,-0.217912221250286,1.49121200644097
570,1565701200,1085,979,0,2064,33,-0.217912221250286,0.9787858631357659
570,1565715600,1054,684,0,1738,33,-0.217912221250286,0.5965183054298242
570,1565730000,1394,1120,0,2514,33,-0.217912221250286,1.5064558047543972
570,1565744400,334,251,0,585,33,-0.217912221250286,-0.7554893449841354
570,1565758800,19,14,0,33,33,-0.217912221250286,-1.4027644733696565
570,1565773200,1217,1255,38,2472,33,1.5475086168992391,1.457206610203325
570,1565787600,1050,993,0,2043,33,-0.217912221250286,0.9541612658602298
570,1565802000,1128,641,0,1769,33,-0.217912221250286,0.6328689014079966
570,1565816400,1285,1122,0,2407,33,-0.217912221250286,1.3809876186361894
570,1565830800,358,270,0,628,33,-0.217912221250286,-0.7050675505627996
570,1565845200,14,16,2,30,33,-0.12499533503188995,-1.4062822729804474
570,1565859600,1176,1095,0,2271,33,-0.217912221250286,1.2215140362803363
570,1565874000,1129,991,0,2120,33,-0.217912221250286,1.044451455870529
570,1565888400,1132,631,0,1763,33,-0.217912221250286,0.6258333021864148
570,1565902800,1353,968,0,2321,33,-0.217912221250286,1.2801440297935176
570,1565917200,356,261,0,617,33,-0.217912221250286,-0.7179661491356994
570,1565931600,20,20,0,40,33,-0.217912221250286,-1.394556274277811
570,1565946000,950,1087,137,2037,33,6.1468944847098435,0.9471256666386481
570,1565960400,1057,897,0,1954,33,-0.217912221250286,0.8497998774067672
570,1565974800,1021,667,0,1688,33,-0.217912221250286,0.5378883119166429
570,1565989200,1105,682,0,1787,33,-0.217912221250286,0.6539756990727418
570,1566003600,365,241,0,606,33,-0.217912221250286,-0.7308647477085993
570,1566018000,28,31,3,59,33,-0.07853689192269192,-1.3722768767428022
570,1566032400,180,180,0,360,33,-0.217912221250286,-1.019324315793451
570,1566046800,602,312,0,914,33,-0.217912221250286,-0.3697039876674028
570,1566061200,816,377,0,1193,33,-0.217912221250286,-0.04254862386385146
570,1566075600,663,404,0,1067,33,-0.217912221250286,-0.19029620751706822
570,1566090000,356,234,0,590,33,-0.217912221250286,-0.7496263456328174
570,1566104400,22,28,6,50,33,0.06083843740490217,-1.382830275575175
570,1566118800,127,109,0,236,33,-0.217912221250286,-1.1647266997061405
570,1566133200,546,245,0,791,33,-0.217912221250286,-0.5139337717098287
570,1566147600,618,410,0,1028,33,-0.217912221250286,-0.23602760245734958
570,1566162000,458,378,0,836,33,-0.217912221250286,-0.4611667775479656
570,1566176400,271,143,0,414,33,-0.217912221250286,-0.9560039227992153
570,1566190800,10,21,11,31,33,0.2931306529508923,-1.4051096731101838
570,1566205200,1130,867,0,1997,33,-0.217912221250286,0.9002216718281031
570,1566219600,929,666,0,1595,33,-0.217912221250286,0.4288365239821258
570,1566234000,1068,525,0,1593,33,-0.217912221250286,0.4264913242415985
570,1566248400,1281,1059,0,2340,33,-0.217912221250286,1.3024234273285265
570,1566262800,292,183,0,475,34,-0.41422954677098944,-0.8877496802198814
570,1566277200,12,19,7,31,34,2.2332375565044646,-1.4658798019848667
570,1566291600,1228,846,0,2074,34,-0.41422954677098944,1.1943000150553693
570,1566306000,1005,690,0,1695,34,-0.41422954677098944,0.7008060597649878
570,1566320400,1050,698,0,1748,34,-0.41422954677098944,0.7698170878135108
570,1566334800,1348,1065,0,2413,34,-0.41422954677098944,1.6357101755921486
570,1566349200,314,292,0,606,34,-0.41422954677098944,-0.717175252401834
570,1566363600,11,16,5,27,34,1.476818384140049,-1.471088181460227
570,1566378000,1208,872,0,2080,34,-0.41422954677098944,1.2021125842684097
570,1566392400,1012,718,0,1730,34,-0.41422954677098944,0.7463793801743898
570,1566406800,1048,633,0,1681,34,-0.41422954677098944,0.682576731601227
570,1566421200,1319,1068,0,2387,34,-0.41422954677098944,1.6018557090023071
570,1566435600,356,280,0,636,34,-0.41422954677098944,-0.6781124063366324
570,1566450000,13,25,12,38,34,4.124285487415503,-1.4567651379029862
570,1566464400,1151,859,0,2010,34,-0.41422954677098944,1.1109659434496058
570,1566478800,1017,692,0,1709,34,-0.41422954677098944,0.7190353879287485
570,1566493200,1061,627,0,1688,34,-0.41422954677098944,0.6916913956831073
570,1566507600,1232,1045,0,2277,34,-0.41422954677098944,1.4586252734299008
570,1566522000,291,283,0,574,34,-0.41422954677098944,-0.7588422882047159
570,1566536400,18,25,7,43,34,2.2332375565044646,-1.450254663558786
570,1566550800,959,759,0,1718,34,-0.41422954677098944,0.730754241748309
570,1566565200,938,673,0,1611,34,-0.41422954677098944,0.591430090782423
570,1566579600,1040,689,0,1729,34,-0.41422954677098944,0.7450772853055497
570,1566594000,1110,686,0,1796,34,-0.41422954677098944,0.8323176415178335
570,1566608400,380,268,0,648,34,-0.41422954677098944,-0.6624872679105517
570,1566622800,29,33,4,62,34,1.0986087979578414,-1.425514861050825
570,1566637200,164,148,0,312,34,-0.41422954677098944,-1.0999911438408108
570,1566651600,702,344,0,1046,34,-0.41422954677098944,-0.14425351011220905
570,1566666000,769,384,0,1153,34,-0.41422954677098944,-0.004929359146322988
570,1566680400,736,417,0,1153,34,-0.41422954677098944,-0.004929359146322988
570,1566694800,361,277,0,638,34,-0.41422954677098944,-0.6755082165989522
570,1566709200,38,44,6,82,34,1.855027970322257,-1.3994729636740237
570,1566723600,112,104,0,216,34,-0.41422954677098944,-1.2249922512494562
570,1566738000,573,250,0,823,34,-0.41422954677098944,-0.4346206658635417
570,1566752400,606,418,0,1024,34,-0.41422954677098944,-0.17289959722669032
570,1566766800,489,428,0,917,34,-0.41422954677098944,-0.31222374819257637
570,1566781200,264,172,0,436,34,-0.41422954677098944,-0.9385313801046437
570,1566795600,8,13,5,21,34,1.476818384140049,-1.4789007506732672
570,1566810000,1098,718,0,1816,34,-0.41422954677098944,0.8583595388946347
570,1566824400,934,691,0,1625,34,-0.41422954677098944,0.6096594189461838
570,1566838800,1014,589,0,1603,34,-0.41422954677098944,0.5810133318317026
570,1566853200,1233,1001,0,2234,34,-0.41422954677098944,1.4026351940697783
570,1566867600,288,207,0,495,35,-0.44814821218396256,-0.7047709756290665
570,1566882000,11,16,5,27,35,1.5125002161208738,-1.3314891396249464
570,1566896400,1177,866,0,2043,35,-0.44814821218396256,1.3682198745111518
570,1566910800,1020,702,0,1722,35,-0.44814821218396256,0.938355492796029
570,1566925200,1018,678,0,1696,35,-0.44814821218396256,0.9035378170184801
570,1566939600,1315,1047,0,2362,35,-0.44814821218396256,1.7954059734741556
570,1566954000,345,270,0,615,35,-0.44814821218396256,-0.5440740105019178
570,1566968400,9,15,6,24,35,1.904629901781841,-1.3355065637531252
570,1566982800,1136,900,0,2036,35,-0.44814821218396256,1.3588458848787348
570,1566997200,1081,727,0,1808,35,-0.44814821218396256,1.0535216511371521
570,1567011600,1054,651,0,1705,35,-0.44814821218396256,0.9155900894030162
570,1567026000,1339,1136,0,2475,35,-0.44814821218396256,1.9467289489688873
570,1567040400,305,235,0,540,35,-0.44814821218396256,-0.6445096137063858
570,1567054800,13,23,10,36,35,3.4731486444257103,-1.3194368672404104
570,1567069200,1072,895,0,1967,35,-0.44814821218396256,1.2664451299306243
570,1567083600,1097,727,0,1824,35,-0.44814821218396256,1.0749479131541053
570,1567098000,1025,592,0,1617,35,-0.44814821218396256,0.7977456483097739
570,1567112400,1252,1027,0,2279,35,-0.44814821218396256,1.684257239261211
570,1567126800,335,268,0,603,35,-0.44814821218396256,-0.5601437070146327
570,1567141200,21,29,8,50,35,2.6888892731037757,-1.3006888879755762
570,1567155600,837,725,0,1562,35,-0.44814821218396256,0.7240928726264974
570,1567170000,946,642,0,1588,35,-0.44814821218396256,0.7589105484040463
570,1567184400,1104,703,0,1807,35,-0.44814821218396256,1.0521825097610926
570,1567198800,982,621,0,1603,35,-0.44814821218396256,0.7789976690449398
570,1567213200,328,242,0,570,35,-0.44814821218396256,-0.6043353724245986
570,1567227600,30,32,2,62,35,0.33611115913797196,-1.2846191914628615
570,1567242000,176,136,0,312,35,-0.44814821218396256,-0.9498338474479683
570,1567256400,632,282,0,914,35,-0.44814821218396256,-0.14367073906010563
570,1567270800,726,345,0,1071,35,-0.44814821218396256,0.06657445698124725
570,1567285200,582,286,0,868,35,-0.44814821218396256,-0.20527124235884597
570,1567299600,332,232,0,564,35,-0.44814821218396256,-0.612370220680956
570,1567314000,28,33,5,61,35,1.5125002161208738,-1.285958332838921
570,1567328400,108,109,1,217,35,-0.0560185265229953,-1.0770522781736278
570,1567342800,550,201,0,751,35,-0.44814821218396256,-0.36195078335781594
570,1567357200,633,335,0,968,35,-0.44814821218396256,-0.07135710475288871
570,1567371600,589,366,0,955,35,-0.44814821218396256,-0.08876594264166317
570,1567386000,268,176,0,444,35,-0.44814821218396256,-0.7730671858081047
570,1567400400,14,17,3,31,35,0.7282408447989392,-1.3261325741207082
570,1567414800,127,135,8,262,35,2.6888892731037757,-1.016790916250947
570,1567429200,407,240,0,647,35,-0.44814821218396256,-0.5012214864680115
570,1567443600,535,372,0,907,35,-0.44814821218396256,-0.15304472869252264
570,1567458000,471,335,0,806,35,-0.44814821218396256,-0.28829800767453945
570,1567472400,194,174,0,368,36,-0.3194752595165698,-1.013795650056515
570,1567486800,10,15,5,25,36,1.1389987513199444,-1.3808780442332145
570,1567501200,1209,939,0,2148,36,-0.3194752595165698,0.8911800398400584
570,1567515600,974,730,0,1704,36,-0.3194752595165698,0.4160063284276547
570,1567530000,1066,637,0,1703,36,-0.3194752595165698,0.41493611736591507
570,1567544400,1295,963,0,2258,36,-0.3194752595165698,1.0089032566314198
570,1567558800,321,235,0,556,36,-0.3194752595165698,-0.8125959704494613
570,1567573200,14,15,1,29,36,-0.027780457349266967,-1.3765971999862558
570,1567587600,1299,948,0,2247,36,-0.3194752595165698,0.9971309349522837
570,1567602000,1092,807,0,1899,36,-0.3194752595165698,0.6246974854668861
570,1567616400,1166,718,0,1884,36,-0.3194752595165698,0.6086443195407913
570,1567630800,1381,1214,0,2595,36,-0.3194752595165698,1.3695643844376812
570,1567645200,332,243,0,575,36,-0.3194752595165698,-0.792261960276408
570,1567659600,11,21,10,32,36,2.5974727621564586,-1.373386566801037
570,1567674000,1333,975,0,2308,36,-0.3194752595165698,1.0624138097184022
570,1567688400,630,621,0,1251,36,-0.3194752595165698,-0.06879928254040588
570,1567702800,2270,1605,0,3875,36,-0.3194752595165698,2.739434543464431
570,1567717200,1343,1179,0,2522,36,-0.3194752595165698,1.2914389769306869
570,1567731600,402,250,0,652,36,-0.3194752595165698,-0.709855708522455
570,1567746000,16,18,2,34,36,0.2639143448180359,-1.3712461446775577
570,1567760400,1227,955,0,2182,36,-0.3194752595165698,0.9275672159392065
570,1567774800,1083,781,0,1864,36,-0.3194752595165698,0.5872400983059984
570,1567789200,1273,752,0,2025,36,-0.3194752595165698,0.7595440792460818
570,1567803600,1325,897,0,2222,36,-0.3194752595165698,0.9703756584087925
570,1567818000,422,304,0,726,36,-0.3194752595165698,-0.6306600899537211
570,1567832400,33,35,2,68,36,0.2639143448180359,-1.3348589685784096
570,1567846800,217,209,0,426,36,-0.3194752595165698,-0.9517234084756155
570,1567861200,663,362,0,1025,36,-0.3194752595165698,-0.31066698249356633
570,1567875600,844,632,0,1476,36,-0.3194752595165698,0.17199820635101495
570,1567890000,668,497,0,1165,36,-0.3194752595165698,-0.16083743385001562
570,1567904400,426,277,0,703,36,-0.3194752595165698,-0.655274944373733
570,1567918800,43,62,19,105,36,5.222725981662184,-1.2952611592940426
570,1567933200,141,131,0,272,36,-0.3194752595165698,-1.1165359119835214
570,1567947600,696,334,0,1030,36,-0.3194752595165698,-0.3053159271848681
570,1567962000,832,512,0,1344,36,-0.3194752595165698,0.030730346201381393
570,1567976400,636,480,0,1116,36,-0.3194752595165698,-0.21327777587525837
570,1567990800,319,149,0,468,36,-0.3194752595165698,-0.9067745438825503
570,1568005200,9,16,7,25,36,1.72238835565455,-1.3808780442332145
570,1568019600,1275,927,0,2202,36,-0.3194752595165698,0.9489714371739995
570,1568034000,1014,578,0,1592,36,-0.3194752595165698,0.29614268951281414
570,1568048400,1242,694,0,1936,36,-0.3194752595165698,0.664295294751253
570,1568062800,1386,1219,0,2605,36,-0.3194752595165698,1.3802664950550776
570,1568077200,305,218,0,523,37,-0.4341353708801221,-0.9251609365308882
570,1568091600,12,20,8,32,37,1.7760083354186813,-1.4317639326312592
570,1568106000,1420,1025,0,2445,37,-0.4341353708801221,1.0579163720330897
570,1568120400,1125,874,0,1999,37,-0.4341353708801221,0.5977433857586183
570,1568134800,1172,767,0,1939,37,-0.4341353708801221,0.5358367059907522
570,1568149200,2724,1263,0,3987,37,-0.4341353708801221,2.6489180420672485
570,1568163600,369,296,0,665,37,-0.4341353708801221,-0.7786484610802716
570,1568178000,18,16,0,34,37,-0.4341353708801221,-1.4297003766389969
570,1568192400,1440,974,0,2414,37,-0.4341353708801221,1.0259312541530257
570,1568206800,1111,857,0,1968,37,-0.4341353708801221,0.5657582678785541
570,1568221200,1233,746,0,1979,37,-0.4341353708801221,0.5771078258359963
570,1568235600,1492,1242,0,2734,37,-0.4341353708801221,1.3561002129149782
570,1568250000,375,302,0,677,37,-0.4341353708801221,-0.7662671251266984
570,1568264400,14,19,5,33,37,0.9472044455566301,-1.4307321546351282
570,1568278800,1332,1040,0,2372,37,-0.4341353708801221,0.9825965783155193
570,1568293200,1177,847,0,2024,37,-0.4341353708801221,0.6235378356618958
570,1568307600,1237,804,0,2041,37,-0.4341353708801221,0.6410780615961246
570,1568322000,1455,1206,0,2661,37,-0.4341353708801221,1.2807804191974077
570,1568336400,374,335,0,709,37,-0.4341353708801221,-0.7332502292505032
570,1568350800,27,33,6,60,37,1.2234724088439806,-1.4028741487395884
570,1568365200,1263,883,0,2146,37,-0.4341353708801221,0.7494147511898903
570,1568379600,1134,763,0,1897,37,-0.4341353708801221,0.4925020301532459
570,1568394000,1192,773,0,1965,37,-0.4341353708801221,0.5626629338901609
570,1568408400,1355,1052,0,2407,37,-0.4341353708801221,1.018708808180108
570,1568422800,441,343,0,784,37,-0.4341353708801221,-0.6558668795406705
570,1568437200,31,45,14,76,37,3.433616115142784,-1.3863657008014907
570,1568451600,205,216,11,421,37,2.6048122252807326,-1.0304022921362606
570,1568466000,767,472,0,1239,37,-0.4341353708801221,-0.18640789130101915
570,1568480400,987,658,0,1645,37,-0.4341353708801221,0.2324939751282082
570,1568494800,913,562,0,1475,37,-0.4341353708801221,0.05709171578592089
570,1568509200,468,341,0,809,37,-0.4341353708801221,-0.630072429637393
570,1568523600,37,39,2,76,37,0.11840055569457876,-1.3863657008014907
570,1568538000,130,138,8,268,37,1.7760083354186813,-1.188264325544319
570,1568552400,733,397,0,1130,37,-0.4341353708801221,-0.29887169287930926
570,1568566800,895,543,0,1438,37,-0.4341353708801221,0.018915929929070124
570,1568581200,732,549,0,1281,37,-0.4341353708801221,-0.14307321546351287
570,1568595600,274,178,0,452,37,-0.4341353708801221,-0.9984171742561964
570,1568610000,11,23,12,34,37,2.8810801885680832,-1.4297003766389969
570,1568624400,1380,969,0,2349,37,-0.4341353708801221,0.9588656844045039
570,1568638800,1028,812,0,1840,37,-0.4341353708801221,0.43369068437377306
570,1568653200,1191,750,0,1941,37,-0.4341353708801221,0.5379002619830143
570,1568667600,1381,1276,0,2657,37,-0.4341353708801221,1.2766533072128834
570,1568682000,318,270,0,588,38,-0.3593203244931785,-0.8903733569008666
570,1568696400,13,21,8,34,38,2.4483919785232864,-1.497595564192307
570,1568710800,1438,1075,0,2513,38,-0.3593203244931785,1.2195594030919545
570,1568725200,1046,876,0,1922,38,-0.3593203244931785,0.5717826440500027
570,1568739600,1207,787,0,1994,38,-0.3593203244931785,0.6506996096185653
570,1568754000,1359,1230,0,2589,38,-0.3593203244931785,1.3028606445254374
570,1568768400,358,322,0,680,38,-0.3593203244931785,-0.7895350120077033
570,1568782800,13,17,4,30,38,1.044535827015054,-1.5019798400572273
570,1568797200,1431,993,0,2424,38,-0.3593203244931785,1.1220092650974813
570,1568811600,1121,850,0,1971,38,-0.3593203244931785,0.6254900233952745
570,1568826000,1210,765,0,1975,38,-0.3593203244931785,0.6298742992601947
570,1568840400,1539,1273,0,2812,38,-0.3593203244931785,1.5472840239947356
570,1568854800,404,313,0,717,38,-0.3593203244931785,-0.7489804602571919
570,1568869200,17,19,2,36,38,0.34260775126093773,-1.495403426259847
570,1568883600,1409,959,0,2368,38,-0.3593203244931785,1.0606294029885992
570,1568898000,1171,882,0,2053,38,-0.3593203244931785,0.7153676786261376
570,1568912400,1247,782,0,2029,38,-0.3593203244931785,0.6890620234366167
570,1568926800,1472,1160,0,2632,38,-0.3593203244931785,1.349991610073329
570,1568941200,422,331,0,753,38,-0.3593203244931785,-0.7095219774729106
570,1568955600,23,21,0,44,38,-0.3593203244931785,-1.4866348745300066
570,1568970000,1219,913,0,2132,38,-0.3593203244931785,0.8019571269583105
570,1568984400,1151,809,0,1960,38,-0.3593203244931785,0.6134332647667441
570,1568998800,1304,888,0,2192,38,-0.3593203244931785,0.8677212649321127
570,1569013200,1235,1083,0,2318,38,-0.3593203244931785,1.0058259546770973
570,1569027600,401,352,0,753,38,-0.3593203244931785,-0.7095219774729106
570,1569042000,30,36,6,66,38,1.7464639027691702,-1.4625213572729459
570,1569056400,231,217,0,448,38,-0.3593203244931785,-1.0438230121730718
570,1569070800,772,414,0,1186,38,-0.3593203244931785,-0.2349241150953045
570,1569085200,1001,621,0,1622,38,-0.3593203244931785,0.24296195418099162
570,1569099600,1011,648,0,1659,38,-0.3593203244931785,0.28351650593150296
570,1569114000,437,282,0,719,38,-0.3593203244931785,-0.7467883223247318
570,1569128400,27,39,12,66,38,3.852248130031519,-1.4625213572729459
570,1569142800,139,132,0,271,38,-0.3593203244931785,-1.2378272191957884
570,1569157200,745,448,0,1193,38,-0.3593203244931785,-0.22725163233169426
570,1569171600,806,544,0,1350,38,-0.3593203244931785,-0.05516880463357845
570,1569186000,675,568,0,1243,38,-0.3593203244931785,-0.1724481840201924
570,1569200400,274,188,0,462,38,-0.3593203244931785,-1.0284780466458512
570,1569214800,10,21,11,31,38,3.5012840921544606,-1.5008837710909972
570,1569229200,1341,982,0,2323,38,-0.3593203244931785,1.0113062995082476
570,1569243600,1061,830,0,1891,38,-0.3593203244931785,0.5378045060968716
570,1569258000,1243,786,0,2029,38,-0.3593203244931785,0.6890620234366167
570,1569272400,1491,1245,0,2736,38,-0.3593203244931785,1.4639827825612528
570,1569286800,344,228,0,572,39,-0.4008039294434037,-0.886997642724804
570,1569301200,13,22,9,35,39,1.7949045535943733,-1.4664092578090924
570,1569315600,1491,1025,0,2516,39,-0.4008039294434037,1.2105371426082625
570,1569330000,1163,877,0,2040,39,-0.4008039294434037,0.6969432342653923
570,1569344400,1259,833,0,2092,39,-0.4008039294434037,0.7530501318154538
570,1569358800,1520,1392,0,2912,39,-0.4008039294434037,1.6378127470279613
570,1569373200,399,277,0,676,39,-0.4008039294434037,-0.7747838476246811
570,1569387600,11,29,18,40,39,3.9906130366321504,-1.4610143638138942
570,1569402000,1484,1016,0,2500,39,-0.4008039294434037,1.1932734818236281
570,1569416400,1237,938,0,2175,39,-0.4008039294434037,0.8426053721357442
570,1569430800,1299,822,0,2121,39,-0.4008039294434037,0.7843405169876034
570,1569445200,1477,1388,0,2865,39,-0.4008039294434037,1.587100743473098
570,1569459600,383,344,0,727,39,-0.4008039294434037,-0.7197559288736592
570,1569474000,17,28,11,45,39,2.2828397720472124,-1.455619469818696
570,1569488400,1432,1024,0,2456,39,-0.4008039294434037,1.145798414665884
570,1569502800,1233,1047,0,2280,39,-0.4008039294434037,0.9558981460349067
570,1569517200,1264,865,0,2129,39,-0.4008039294434037,0.7929723473799206
570,1569531600,1497,1289,0,2786,39,-0.4008039294434037,1.5018614183489662
570,1569546000,408,336,0,744,39,-0.4008039294434037,-0.7014132892899854
570,1569560400,22,30,8,52,39,1.5509369443679537,-1.4480666182254185
570,1569574800,1213,923,0,2136,39,-0.4008039294434037,0.8005251989731981
570,1569589200,1172,844,0,2016,39,-0.4008039294434037,0.6710477430884408
570,1569603600,1264,823,0,2087,39,-0.4008039294434037,0.7476552378202556
570,1569618000,1376,1094,0,2470,39,-0.4008039294434037,1.1609041178524389
570,1569632400,486,327,0,813,39,-0.4008039294434037,-0.62696375215625
570,1569646800,30,42,12,72,39,2.5268073812736325,-1.4264870422446256
570,1569661200,220,207,0,427,39,-0.4008039294434037,-1.0434495685855523
570,1569675600,730,441,0,1171,39,-0.4008039294434037,-0.24068934210005766
570,1569690000,899,545,0,1444,39,-0.4008039294434037,0.05387187003776494
570,1569704400,839,589,0,1428,39,-0.4008039294434037,0.03660820925313065
570,1569718800,527,289,0,816,39,-0.4008039294434037,-0.623726815759131
570,1569733200,33,33,0,66,39,-0.4008039294434037,-1.4329609150388634
570,1569747600,136,138,2,274,39,0.0871312890094356,-1.2085333248386176
570,1569762000,715,389,0,1104,39,-0.4008039294434037,-0.3129809216357138
570,1569776400,716,475,0,1191,39,-0.4008039294434037,-0.2191097661192648
570,1569790800,629,467,0,1096,39,-0.4008039294434037,-0.3216127520280309
570,1569805200,279,189,0,468,39,-0.4008039294434037,-0.9992114378249268
570,1569819600,12,21,9,33,39,1.7949045535943733,-1.4685672154071716
570,1569834000,1109,853,0,1962,39,-0.4008039294434037,0.6127828879403001
570,1569848400,908,748,0,1656,39,-0.4008039294434037,0.2826153754341693
570,1569862800,1030,675,0,1705,39,-0.4008039294434037,0.3354853365871118
570,1569877200,1351,1002,0,2353,39,-0.4008039294434037,1.0346635983648007
570,1569891600,318,182,0,500,40,-0.38411063979868787,-0.9846143853997751
570,1569906000,12,23,11,35,40,2.0805992989095596,-1.49501966600648
570,1569920400,1200,996,0,2196,40,-0.38411063979868787,0.8769928316087656
570,1569934800,1051,758,0,1809,40,-0.38411063979868787,0.4522039206522177
570,1569949200,1172,698,0,1870,40,-0.38411063979868787,0.5191603123016995
570,1569963600,1411,1109,0,2520,40,-0.38411063979868787,1.2326300593863406
570,1569978000,331,312,0,643,40,-0.38411063979868787,-0.8276510410411541
570,1569992400,15,25,10,40,40,1.8565347590269916,-1.489531437182752
570,1570006800,1442,999,0,2441,40,-0.38411063979868787,1.145916043971438
570,1570021200,1180,745,0,1925,40,-0.38411063979868787,0.5795308293627075
570,1570035600,1307,830,0,2137,40,-0.38411063979868787,0.8122317314887751
570,1570050000,1601,1351,0,2952,40,-0.38411063979868787,1.7068130297564406
570,1570064400,353,314,0,667,40,-0.38411063979868787,-0.8013075426872596
570,1570078800,15,20,5,35,40,0.7362120596141517,-1.49501966600648
570,1570093200,1305,1002,0,2307,40,-0.38411063979868787,0.9988315114955274
570,1570107600,1156,864,0,2020,40,-0.38411063979868787,0.6838071770135397
570,1570122000,1295,752,0,2047,40,-0.38411063979868787,0.713443612661671
570,1570136400,1590,1204,0,2794,40,-0.38411063979868787,1.5333849989266355
570,1570150800,388,338,0,726,40,-0.38411063979868787,-0.7365464425672691
570,1570165200,18,19,1,37,40,-0.16004609991611993,-1.4928243744769887
570,1570179600,1248,830,0,2078,40,-0.38411063979868787,0.7474706313687847
570,1570194000,1121,819,0,1940,40,-0.38411063979868787,0.5959955158338915
570,1570208400,1325,830,0,2155,40,-0.38411063979868787,0.8319893552541959
570,1570222800,1372,1056,0,2428,40,-0.38411063979868787,1.1316466490297452
570,1570237200,492,369,0,861,40,-0.38411063979868787,-0.5883642643266128
570,1570251600,30,42,12,72,40,2.3046638387921274,-1.4544067727108927
570,1570266000,222,224,2,446,40,0.064018439966448,-1.0438872566960375
570,1570280400,887,480,0,1367,40,-0.38411063979868787,-0.03295550736533831
570,1570294800,994,645,0,1639,40,-0.38411063979868787,0.2656041406454654
570,1570309200,962,622,0,1584,40,-0.38411063979868787,0.2052336235844573
570,1570323600,458,368,0,826,40,-0.38411063979868787,-0.6267818660927089
570,1570338000,31,53,22,84,40,4.545309237617806,-1.4412350235339455
570,1570352400,157,142,0,299,40,-0.38411063979868787,-1.205241184113641
570,1570366800,710,401,0,1111,40,-0.38411063979868787,-0.3139528231402124
570,1570381200,880,635,0,1515,40,-0.38411063979868787,0.12949606581701076
570,1570395600,692,530,0,1222,40,-0.38411063979868787,-0.19211414325345058
570,1570410000,252,179,0,431,40,-0.38411063979868787,-1.0603519431672217
570,1570424400,15,24,9,39,40,1.6324702191444234,-1.4906290829474975
570,1570438800,1310,1014,0,2324,40,-0.38411063979868787,1.0174914894962026
570,1570453200,912,813,0,1725,40,-0.38411063979868787,0.36000167641358716
570,1570467600,1231,828,0,2059,40,-0.38411063979868787,0.7266153618386182
570,1570482000,1517,1252,0,2769,40,-0.38411063979868787,1.5059438548079955
570,1570496400,329,163,0,492,41,-0.18050346395365627,-0.9563165155074501
570,1570510800,13,15,2,28,41,-0.12170309312026824,-1.494065997425173
570,1570523228,396,622,226,1018,41,6.463938440219191,-0.34671257695416935
570,1570525200,1433,997,0,2430,41,-0.18050346395365627,1.2897147257782118
570,1570539600,1195,875,0,2070,41,-0.18050346395365627,0.8724953001523922
570,1570554000,1379,765,0,2144,41,-0.18050346395365627,0.9582570709754773
570,1570568400,1570,1086,0,2656,41,-0.18050346395365627,1.5516358096433096
570,1570582800,375,219,0,594,41,-0.18050346395365627,-0.838104344913468
570,1570597200,13,20,7,33,41,0.025297833963201816,-1.48827128318037
570,1570611600,1062,837,0,1899,41,-0.18050346395365627,0.6743160729801279
570,1570626000,992,764,0,1756,41,-0.18050346395365627,0.5085872455787607
570,1570640400,1129,593,0,1722,41,-0.18050346395365627,0.4691831887140999
570,1570654800,1404,1052,0,2456,41,-0.18050346395365627,1.3198472398511876
570,1570669200,339,206,0,545,41,-0.18050346395365627,-0.8948925445125379
570,1570683600,10,17,7,27,41,0.025297833963201816,-1.4952249402741338
570,1570698000,1383,986,0,2369,41,-0.18050346395365627,1.2190192119916146
570,1570712400,1153,846,0,1999,41,-0.18050346395365627,0.7902103578761889
570,1570726800,1201,819,0,2020,41,-0.18050346395365627,0.8145481577043616
570,1570741200,1473,1232,0,2705,41,-0.18050346395365627,1.6084240092423794
570,1570755600,382,277,0,659,41,-0.18050346395365627,-0.7627730597310283
570,1570770000,20,21,1,41,41,-0.15110327853696226,-1.4789997403886852
570,1570784400,1204,842,0,2046,41,-0.18050346395365627,0.8446806717773375
570,1570798800,1179,1176,0,2355,41,-0.18050346395365627,1.202794012106166
570,1570813200,1201,716,0,1917,41,-0.18050346395365627,0.6951770442614189
570,1570827600,1470,1120,0,2590,41,-0.18050346395365627,1.4751455816119092
570,1570842000,488,291,0,779,41,-0.18050346395365627,-0.6236999178557551
570,1570856400,25,33,8,58,41,0.05469801937989583,-1.4592977119563548
570,1570870800,211,200,0,411,41,-0.18050346395365627,-1.0501908862732596
570,1570885200,825,450,0,1275,41,-0.18050346395365627,-0.048864264771292645
570,1570899600,947,563,0,1510,41,-0.18050346395365627,0.22348730473445066
570,1570914000,941,614,0,1555,41,-0.18050346395365627,0.27563973293767813
570,1570928400,444,330,0,774,41,-0.18050346395365627,-0.6294946321005581
570,1570942800,34,36,2,70,41,-0.12170309312026824,-1.4453903977688274
570,1570957200,146,125,0,271,41,-0.18050346395365627,-1.212442885127745
570,1570971600,675,369,0,1044,41,-0.18050346395365627,-0.3165800628811935
570,1570986000,889,631,0,1520,41,-0.18050346395365627,0.23507673322405676
570,1571000400,690,503,0,1193,41,-0.18050346395365627,-0.14389757838606265
570,1571014800,265,222,0,487,41,-0.18050346395365627,-0.9621112297522532
570,1571029200,17,28,11,45,41,0.14289857562997788,-1.4743639689928427
570,1571043600,945,719,0,1664,41,-0.18050346395365627,0.40196450347438456
570,1571058000,993,643,0,1636,41,-0.18050346395365627,0.3695141037034875
570,1571072400,986,596,0,1582,41,-0.18050346395365627,0.3069311898596146
570,1571086800,1257,936,0,2193,41,-0.18050346395365627,1.0150452705745472
570,1571101200,287,194,0,481,42,-0.20338185233281833,-0.9858390722678444
570,1571115600,11,18,7,29,42,-0.015018967556885048,-1.4748337693022928
570,1571130000,1377,921,0,2298,42,-0.20338185233281833,0.9798763359436439
570,1571144400,1150,893,0,2043,42,-0.20338185233281833,0.7040054338556254
570,1571158800,1239,766,0,2005,42,-0.20338185233281833,0.6628952602111364
570,1571173200,1480,1244,0,2724,42,-0.20338185233281833,1.440743019431863
570,1571187600,381,217,0,598,42,-0.20338185233281833,-0.8592630113098124
570,1571202000,15,21,6,36,42,-0.04192795109630409,-1.467260842578308
570,1571216400,1419,1032,0,2451,42,-0.20338185233281833,1.145398877196455
570,1571230800,1140,774,0,1914,42,-0.20338185233281833,0.5644472127993337
570,1571245200,1343,857,0,2200,42,-0.20338185233281833,0.8738553618078564
570,1571259600,1610,1314,0,2924,42,-0.20338185233281833,1.6571123544028579
570,1571274000,325,162,0,487,42,-0.20338185233281833,-0.9793479922187146
570,1571288400,11,21,10,32,42,0.06570798306137207,-1.4715882292777278
570,1571302800,1328,955,0,2283,42,-0.20338185233281833,0.9636486358208193
570,1571317200,1198,878,0,2076,42,-0.20338185233281833,0.7397063741258396
570,1571331600,1286,854,0,2140,42,-0.20338185233281833,0.8089445613165579
570,1571346000,1435,1236,0,2671,42,-0.20338185233281833,1.3834051456645493
570,1571360400,410,304,0,714,42,-0.20338185233281833,-0.7337687970266354
570,1571374800,21,18,0,39,42,-0.20338185233281833,-1.464015302553743
570,1571389200,1244,915,0,2159,42,-0.20338185233281833,0.8294996481388024
570,1571403600,1155,767,0,1922,42,-0.20338185233281833,0.5731019861981735
570,1571418000,1321,924,0,2245,42,-0.20338185233281833,0.9225384621763303
570,1571432400,1376,1059,0,2435,42,-0.20338185233281833,1.1280893303987753
570,1571446800,415,284,0,699,42,-0.20338185233281833,-0.74999649714946
570,1571461200,26,35,9,61,42,0.03879899952195303,-1.4402146757069336
570,1571475600,217,220,3,437,42,-0.12265490171456121,-1.0334403259614633
570,1571490000,813,461,0,1274,42,-0.20338185233281833,-0.1279346591078498
570,1571504400,964,645,0,1609,42,-0.20338185233281833,0.23448397696856657
570,1571518800,974,703,0,1677,42,-0.20338185233281833,0.30804955085870483
570,1571533200,441,333,0,774,42,-0.20338185233281833,-0.668857996535337
570,1571547600,37,45,8,82,42,0.011890015982533992,-1.4174958955349792
570,1571562000,122,153,31,275,42,0.6307966373891719,-1.208699487287969
570,1571576400,774,442,0,1216,42,-0.20338185233281833,-0.1906817662494383
570,1571590800,858,677,0,1535,42,-0.20338185233281833,0.15442732302929849
570,1571605200,604,419,0,1023,42,-0.20338185233281833,-0.39947817449644835
570,1571619600,256,148,0,404,42,-0.20338185233281833,-1.0691412662316775
570,1571634000,14,19,5,33,42,-0.06883693463572313,-1.4705063826028728
570,1571646881,414,660,246,1074,42,6.416228098364266,-0.34430399407884466
570,1571648400,1293,980,0,2273,42,-0.20338185233281833,0.9528301690722695
570,1571662800,1071,859,0,1930,42,-0.20338185233281833,0.5817567595970133
570,1571677200,1215,729,0,1944,42,-0.20338185233281833,0.5969026130449829
570,1571691600,1397,1244,0,2641,42,-0.20338185233281833,1.3509497454189001
570,1571706000,354,204,0,558,43,-0.23449907611888582,-0.818985676910124
570,1571720400,17,17,0,34,43,-0.23449907611888582,-1.366601790947859
570,1571734800,1396,986,0,2382,43,-0.23449907611888582,1.0872200330227548
570,1571749200,1182,823,0,2005,43,-0.23449907611888582,0.6932290502131631
570,1571763600,1238,777,0,2015,43,-0.23449907611888582,0.7036797394123565
570,1571778000,1503,1321,0,2824,43,-0.23449907611888582,1.5491404956271038
570,1571792400,316,250,0,566,43,-0.23449907611888582,-0.8106251255507693
570,1571806800,17,15,0,32,43,-0.23449907611888582,-1.3686919287876975
570,1571821200,1441,1000,0,2441,43,-0.23449907611888582,1.148879099297996
570,1571835600,1189,799,0,1988,43,-0.23449907611888582,0.6754628785745342
570,1571850000,1300,748,0,2048,43,-0.23449907611888582,0.7381670137696947
570,1571864400,1515,1326,0,2841,43,-0.23449907611888582,1.5669066672657326
570,1571878800,374,248,0,622,43,-0.23449907611888582,-0.7521012660352862
570,1571893200,16,17,1,33,43,0.3126654348251811,-1.3676468598677782
570,1571907600,1376,984,0,2360,43,-0.23449907611888582,1.0642285167845293
570,1571922000,1234,835,0,2069,43,-0.23449907611888582,0.7601134610880009
570,1571936400,1325,853,0,2178,43,-0.23449907611888582,0.8740259733592092
570,1571950800,1551,1229,0,2780,43,-0.23449907611888582,1.5031574631506528
570,1571965200,405,270,0,675,43,-0.23449907611888582,-0.696712613279561
570,1571979600,16,27,11,43,43,5.78431054426585,-1.357196170668585
570,1571994000,1237,878,0,2115,43,-0.23449907611888582,0.8081866314042906
570,1572008400,1154,820,0,1974,43,-0.23449907611888582,0.6608319136956635
570,1572022800,1327,837,0,2164,43,-0.23449907611888582,0.8593950084803383
570,1572037200,1403,1075,0,2478,43,-0.23449907611888582,1.1875466493350115
570,1572051600,405,243,0,648,43,-0.23449907611888582,-0.7249294741173833
570,1572066000,26,26,0,52,43,-0.23449907611888582,-1.3477905503893108
570,1572080400,164,135,0,299,43,-0.23449907611888582,-1.0896585271692334
570,1572094800,706,317,0,1023,43,-0.23449907611888582,-0.3330286291476302
570,1572109200,838,412,0,1250,43,-0.23449907611888582,-0.09579798432593971
570,1572123600,839,420,0,1259,43,-0.23449907611888582,-0.08639236404666564
570,1572138000,380,221,0,601,43,-0.23449907611888582,-0.7740477133535923
570,1572152400,36,41,5,77,43,2.501323478601449,-1.3216638273913273
570,1572166800,92,80,0,172,43,-0.23449907611888582,-1.2223822799989899
570,1572181200,520,293,0,813,43,-0.23449907611888582,-0.5524931023306919
570,1572195600,587,366,0,953,43,-0.23449907611888582,-0.4061834535419841
570,1572210000,500,293,0,793,43,-0.23449907611888582,-0.5733944807290787
570,1572224400,215,124,0,339,43,-0.23449907611888582,-1.0478557703724598
570,1572238800,13,14,1,27,43,0.3126654348251811,-1.3739172733872944
570,1572253200,1388,925,0,2313,43,-0.23449907611888582,1.0151102775483203
570,1572267600,1122,847,0,1969,43,-0.23449907611888582,0.6556065690960667
570,1572282000,1244,691,0,1935,43,-0.23449907611888582,0.6200742258188092
570,1572296400,1432,1170,0,2602,43,-0.23449907611888582,1.31713519540501
570,1572310800,311,235,0,546,44,-0.21094445635392303,-0.9905437812822293
570,1572325200,12,19,7,31,44,0.02397096094930944,-1.52512453402393
570,1572339600,1453,1046,0,2499,44,-0.21094445635392303,1.0367109956197926
570,1572354000,1141,835,0,1976,44,-0.21094445635392303,0.4938260758452112
570,1572368400,1294,729,0,2023,44,-0.21094445635392303,0.5426130571633858
570,1572382800,1521,1335,0,2856,44,-0.21094445635392303,1.4072844494620977
570,1572397200,357,307,0,664,44,-0.21094445635392303,-0.8680573175472377
570,1572411600,18,28,10,46,44,0.12464899693640906,-1.5095542208372785
570,1572426000,1396,925,0,2321,44,-0.21094445635392303,0.8519432791381951
570,1572440400,1303,810,0,2113,44,-0.21094445635392303,0.6360349362832947
570,1572454800,1319,814,0,2133,44,-0.21094445635392303,0.6567953538654967
570,1572469200,1489,1297,0,2786,44,-0.21094445635392303,1.334622987924391
570,1572483600,421,322,0,743,44,-0.21094445635392303,-0.78605366809754
570,1572498000,16,24,8,40,44,0.05753030627834265,-1.515782346111939
570,1572512400,1278,1001,0,2279,44,-0.21094445635392303,0.808346402215571
570,1572526800,1160,860,0,2020,44,-0.21094445635392303,0.5394989945260555
570,1572541200,1328,790,0,2118,44,-0.21094445635392303,0.6412250406788452
570,1572555600,1347,1139,0,2486,44,-0.21094445635392303,1.0232167241913614
570,1572570000,347,306,0,653,44,-0.21094445635392303,-0.8794755472174488
570,1572584400,25,42,17,67,44,0.3595644142396415,-1.4877557823759664
570,1572598800,1171,874,0,2045,44,-0.21094445635392303,0.565449516503808
570,1572613200,1115,901,0,2016,44,-0.21094445635392303,0.5353469110096152
570,1572627600,1259,756,0,2015,44,-0.21094445635392303,0.5343088901305051
570,1572642000,1471,1160,0,2631,44,-0.21094445635392303,1.1737297516623255
570,1572656400,614,382,0,996,44,-0.21094445635392303,-0.5234343856826851
570,1572670800,63,42,0,105,44,-0.21094445635392303,-1.4483109889697827
570,1572685200,232,226,0,458,44,-0.21094445635392303,-1.081889618643918
570,1572699600,990,530,0,1520,44,-0.21094445635392303,0.020488554971006406
570,1572714000,1316,794,0,2110,44,-0.21094445635392303,0.6329208736459644
570,1572728400,1281,722,0,2003,44,-0.21094445635392303,0.5218526395811839
570,1572742800,615,399,0,1014,44,-0.21094445635392303,-0.5047500098587033
570,1572753600,43,62,19,105,44,0.426683104897708,-1.4483109889697827
570,1572768000,109,117,8,226,44,0.05753030627834265,-1.3227104625974608
570,1572782400,583,778,195,1361,44,6.333127882807553,-0.1445567648074992
570,1572796800,1526,1259,0,2785,44,-0.21094445635392303,1.3335849670452808
570,1572811200,1076,764,0,1840,44,-0.21094445635392303,0.35265523628623785
570,1572825600,371,243,0,614,44,-0.21094445635392303,-0.9199583615027427
570,1572840000,24,16,0,40,44,-0.21094445635392303,-1.515782346111939
570,1572854400,611,529,0,1140,44,-0.21094445635392303,-0.37395937909083093
570,1572868800,1718,1130,0,2848,44,-0.21094445635392303,1.398980282429217
570,1572883200,990,685,0,1675,44,-0.21094445635392303,0.18138179123307163
570,1572897600,1732,1332,0,3064,44,-0.21094445635392303,1.6231927923169982
570,1572912000,541,385,0,926,45,-0.27345140881161467,-0.4241725914305981
570,1572926400,43,31,0,74,45,-0.27345140881161467,-1.2725177742917941
570,1572940800,625,510,0,1135,45,-0.27345140881161467,-0.21606913694938917
570,1572955200,1679,1171,0,2850,45,-0.27345140881161467,1.491574042166751
570,1572969600,959,758,0,1717,45,-0.27345140881161467,0.3634342626107237
570,1572984000,1791,1218,0,3009,45,-0.27345140881161467,1.6498919812218333
570,1572998400,535,435,0,970,45,-0.27345140881161467,-0.3803613378556067
570,1573012800,44,28,0,72,45,-0.27345140881161467,-1.2745091949088392
570,1573027200,609,569,0,1178,45,-0.27345140881161467,-0.17325359368292034
570,1573041600,1806,1203,0,3009,45,-0.27345140881161467,1.6498919812218333
570,1573056000,1061,721,0,1782,45,-0.27345140881161467,0.4281554326646882
570,1573070400,1782,1389,0,3171,45,-0.27345140881161467,1.8111970512024833
570,1573084800,578,490,0,1068,45,-0.27345140881161467,-0.2827817276203987
570,1573099200,47,24,0,71,45,-0.27345140881161467,-1.2755049052173617
570,1573113600,597,511,0,1108,45,-0.27345140881161467,-0.24295331527949748
570,1573128000,1797,1167,0,2964,45,-0.27345140881161467,1.6050850173383195
570,1573142400,1076,743,0,1819,45,-0.27345140881161467,0.46499671408002186
570,1573156800,1793,1249,0,3042,45,-0.27345140881161467,1.6827504214030768
570,1573171200,604,495,0,1099,45,-0.27345140881161467,-0.25191470805620025
570,1573185600,42,26,0,68,45,-0.27345140881161467,-1.2784920361429295
570,1573200000,529,470,0,999,45,-0.27345140881161467,-0.35148573890845336
570,1573214400,1589,1143,0,2732,45,-0.27345140881161467,1.3740802257610925
570,1573228800,1060,811,0,1871,45,-0.27345140881161467,0.5167736501231934
570,1573243200,1604,1239,0,2843,45,-0.27345140881161467,1.4846040700070933
570,1573257600,520,369,0,889,45,-0.27345140881161467,-0.4610138728459317
570,1573272000,71,46,0,117,45,-0.27345140881161467,-1.2297022310253254
570,1573286400,73,93,20,166,45,3.5548683145509914,-1.1809124259077215
570,1573300800,631,358,0,989,45,-0.27345140881161467,-0.36144284199367865
570,1573315200,873,424,0,1297,45,-0.27345140881161467,-0.054764066968739186
570,1573329600,839,505,0,1344,45,-0.27345140881161467,-0.007965682468180246
570,1573344000,446,281,0,727,45,-0.27345140881161467,-0.6223189428265817
570,1573358400,56,51,0,107,45,-0.27345140881161467,-1.2396593341105506
570,1573372800,47,63,16,110,45,2.78920436987847,-1.236672203184983
570,1573387200,474,275,0,749,45,-0.27345140881161467,-0.600413316039086
570,1573401600,773,445,0,1218,45,-0.27345140881161467,-0.1334251813420191
570,1573416000,640,422,0,1062,45,-0.27345140881161467,-0.2887559894715339
570,1573430400,287,198,0,485,45,-0.27345140881161467,-0.8632808374890341
570,1573444800,28,14,0,42,45,-0.27345140881161467,-1.3043805041645151
570,1573459200,437,461,24,898,45,4.320532259223512,-0.45205248006922893
570,1573473600,1555,1076,0,2631,45,-0.27345140881161467,1.2735134846003167
570,1573488000,928,669,0,1597,45,-0.27345140881161467,0.24394902558802
570,1573502400,1621,1158,0,2779,45,-0.27345140881161467,1.4208786102616513
570,1573516800,473,395,0,868,46,-0.223445937795523,-0.47961116384808156
570,1573531200,37,25,0,62,46,-0.223445937795523,-1.279956087370967
570,1573545600,626,478,0,1104,46,-0.223445937795523,-0.2452669926924972
570,1573560000,1718,1256,0,2974,46,-0.223445937795523,1.611612668582684
570,1573574400,1021,744,0,1765,46,-0.223445937795523,0.4110952832983556
570,1573588800,1814,1419,0,3233,46,-0.223445937795523,1.868795466588177
570,1573603200,556,465,0,1021,46,-0.223445937795523,-0.3276846461073849
570,1573617600,40,27,0,67,46,-0.223445937795523,-1.2749911684905522
570,1573632000,545,538,0,1083,46,-0.223445937795523,-0.26611965199023985
570,1573646400,1738,1289,0,3027,46,-0.223445937795523,1.6642408087150822
570,1573660800,984,709,0,1693,46,-0.223445937795523,0.3396004514203807
570,1573675200,1699,1281,0,2980,46,-0.223445937795523,1.617570571239182
570,1573689600,553,479,0,1032,46,-0.223445937795523,-0.3167618245704721
570,1573704000,36,17,0,53,46,-0.223445937795523,-1.288892941355714
570,1573718400,552,443,0,995,46,-0.223445937795523,-0.3535022242855425
570,1573732800,1543,1272,0,2815,46,-0.223445937795523,1.4537282481854894
570,1573747200,966,793,0,1759,46,-0.223445937795523,0.4051373806418577
570,1573761600,1651,1270,0,2921,46,-0.223445937795523,1.5589845284502857
570,1573776000,655,503,0,1158,46,-0.223445937795523,-0.19164586878401602
570,1573790400,45,30,0,75,46,-0.223445937795523,-1.2670472982818883
570,1573804800,506,471,0,977,46,-0.223445937795523,-0.37137593225503623
570,1573819200,1620,1111,0,2731,46,-0.223445937795523,1.3703176109945188
570,1573833600,1051,716,0,1767,46,-0.223445937795523,0.41308125085052155
570,1573848000,1604,1285,0,2889,46,-0.223445937795523,1.5272090476156304
570,1573862400,614,335,0,949,46,-0.223445937795523,-0.3991794779853598
570,1573876800,70,56,0,126,46,-0.223445937795523,-1.2164051257016562
570,1573891200,74,102,28,176,46,4.642710040862533,-1.166755936897507
570,1573905600,634,314,0,948,46,-0.223445937795523,-0.4001724617614428
570,1573920000,912,460,0,1372,46,-0.223445937795523,0.020852659297742677
570,1573934400,901,553,0,1454,46,-0.223445937795523,0.10227732893654741
570,1573948800,487,314,0,801,46,-0.223445937795523,-0.5461410768456415
570,1573963200,57,46,0,103,46,-0.223445937795523,-1.2392437525515647
570,1573977600,43,69,26,112,46,4.295127470958386,-1.230306898566818
570,1573992000,477,241,0,718,46,-0.223445937795523,-0.6285587302605292
570,1574006400,813,441,0,1254,46,-0.223445937795523,-0.0963194262800495
570,1574020800,600,475,0,1075,46,-0.223445937795523,-0.27406352219890373
570,1574035200,264,195,0,459,46,-0.223445937795523,-0.8857415282660223
570,1574049600,21,14,0,35,46,-0.223445937795523,-1.3067666493252077
570,1574064000,537,484,0,1021,46,-0.223445937795523,-0.3276846461073849
570,1574078400,1331,1239,0,2570,46,-0.223445937795523,1.2104472230451582
570,1574092800,912,615,0,1527,46,-0.223445937795523,0.17476514459060527
570,1574107200,1718,1275,0,2993,46,-0.223445937795523,1.6304793603282606
570,1574121600,498,440,0,938,47,-0.23381710963958618,-0.3987071489366384
570,1574136000,48,16,0,64,47,-0.23381710963958618,-1.269001614249484
570,1574150400,592,460,0,1052,47,-0.23381710963958618,-0.2851904795480064
570,1574164800,1436,1239,0,2675,47,-0.23381710963958618,1.3309284188533073
570,1574179200,966,692,0,1658,47,-0.23381710963958618,0.31824023667577434
570,1574193600,1790,1239,0,3029,47,-0.23381710963958618,1.6834275501127436
570,1574208000,564,486,0,1050,47,-0.23381710963958618,-0.28718200006359645
570,1574222400,49,21,0,70,47,-0.23381710963958618,-1.2630270527027139
570,1574236800,556,491,0,1047,47,-0.23381710963958618,-0.2901692808369815
570,1574251200,1790,1218,0,3008,47,-0.23381710963958618,1.6625165846990482
570,1574265600,993,768,0,1761,47,-0.23381710963958618,0.42080354322866115
570,1574280000,1848,1308,0,3156,47,-0.23381710963958618,1.8098891028527109
570,1574294400,576,467,0,1043,47,-0.23381710963958618,-0.29415232186816154
570,1574308800,46,22,0,68,47,-0.23381710963958618,-1.265018573218304
570,1574323200,578,524,0,1102,47,-0.23381710963958618,-0.2354024666582555
570,1574337600,1564,1093,0,2657,47,-0.23381710963958618,1.313004734212997
570,1574352000,1064,720,0,1784,47,-0.23381710963958618,0.44370602915794655
570,1574366400,1837,1292,0,3129,47,-0.23381710963958618,1.7830035758922453
570,1574380800,554,470,0,1024,47,-0.23381710963958618,-0.3130717667662669
570,1574395200,38,43,5,81,47,0.7104442946741272,-1.2520736898669687
570,1574409600,501,478,0,979,47,-0.23381710963958618,-0.3578809783670427
570,1574424000,1742,1105,0,2847,47,-0.23381710963958618,1.5021991831940504
570,1574438400,1073,721,0,1794,47,-0.23381710963958618,0.45366363173589674
570,1574452800,1570,1209,0,2779,47,-0.23381710963958618,1.434487485663989
570,1574467200,586,329,0,915,47,-0.23381710963958618,-0.42160963486592384
570,1574481600,61,44,0,105,47,-0.23381710963958618,-1.2281754436798882
570,1574496000,80,96,16,176,47,2.7878193841642966,-1.157476465376442
570,1574510400,568,323,0,891,47,-0.23381710963958618,-0.44550788105300426
570,1574524800,886,465,0,1351,47,-0.23381710963958618,0.012541837532703892
570,1574539200,933,532,0,1465,47,-0.23381710963958618,0.1260585069213359
570,1574553600,423,273,0,696,47,-0.23381710963958618,-0.6396811313230327
570,1574568000,77,66,0,143,47,-0.23381710963958618,-1.1903365538836774
570,1574582400,45,76,31,121,47,5.620603597105437,-1.2122432795551679
570,1574596800,435,212,0,647,47,-0.23381710963958618,-0.6884733839549886
570,1574611200,710,401,0,1111,47,-0.23381710963958618,-0.22644062433810036
570,1574625600,609,394,0,1003,47,-0.23381710963958618,-0.33398273217996227
570,1574640000,270,161,0,431,47,-0.23381710963958618,-0.9035575996387124
570,1574654400,29,16,0,45,47,-0.23381710963958618,-1.2879210591475891
570,1574668800,550,487,0,1037,47,-0.23381710963958618,-0.30012688341493166
570,1574683200,1518,1143,0,2661,47,-0.23381710963958618,1.316987775244177
570,1574697600,957,656,0,1613,47,-0.23381710963958618,0.2734310250749985
570,1574712000,1734,1273,0,3007,47,-0.23381710963958618,1.6615208244412532
570,1574726400,537,408,0,945,48,-0.2799132519147997,-0.015391862352354324
570,1574740800,43,28,0,71,48,-0.2799132519147997,-1.0814380571263613
570,1574755200,544,499,0,1043,48,-0.2799132519147997,0.10414192150102404
570,1574769600,1677,1180,0,2857,48,-0.2799132519147997,2.3167366552768236
570,1574784000,1061,706,0,1767,48,-0.2799132519147997,0.9872282430300642
570,1574798400,1609,1244,0,2853,48,-0.2799132519147997,2.3118577253236245
570,1574812800,570,376,0,946,48,-0.2799132519147997,-0.014172129864054545
570,1574827200,50,40,0,90,48,-0.2799132519147997,-1.0582631398486655
570,1574841600,399,472,73,871,48,2.9957128182026653,-0.105652066486538
570,1574856000,1257,921,0,2178,48,-0.2799132519147997,1.4885382957212734
570,1574870400,1212,730,0,1942,48,-0.2799132519147997,1.2006814284825256
570,1574884800,1324,693,0,2017,48,-0.2799132519147997,1.2921613651050088
570,1574899200,473,282,0,755,48,-0.2799132519147997,-0.24714103512931238
570,1574913600,40,32,0,72,48,-0.2799132519147997,-1.0802183246380617
570,1574928000,107,92,0,199,48,-0.2799132519147997,-0.9253122986239897
570,1574942400,473,246,0,719,48,-0.2799132519147997,-0.2910514047081044
570,1574956800,495,329,0,824,48,-0.2799132519147997,-0.16297949343662763
570,1574971200,336,176,0,512,48,-0.2799132519147997,-0.5435360297861588
570,1574985600,233,209,0,442,48,-0.2799132519147997,-0.6289173039671433
570,1575000000,23,35,12,58,48,0.25854582810450966,-1.0972945794742586
570,1575014400,137,263,126,400,48,5.3739070882879485,-0.680146068475734
570,1575028800,563,511,0,1074,48,-0.2799132519147997,0.1419536286383172
570,1575043200,694,522,0,1216,48,-0.2799132519147997,0.31515564197688584
570,1575057600,741,496,0,1237,48,-0.2799132519147997,0.3407700242311812
570,1575072000,396,258,0,654,48,-0.2799132519147997,-0.37033401644759006
570,1575086400,28,35,7,63,48,0.034187878096464085,-1.0911959170327596
570,1575100800,51,81,30,132,48,1.0662344481334738,-1.0070343753400748
570,1575115200,387,215,0,602,48,-0.2799132519147997,-0.4337601058391786
570,1575129600,634,328,0,962,48,-0.2799132519147997,0.005343589948741923
570,1575144000,636,407,0,1043,48,-0.2799132519147997,0.10414192150102404
570,1575158400,379,265,0,644,48,-0.2799132519147997,-0.38253134133058786
570,1575172800,55,46,0,101,48,-0.2799132519147997,-1.044846082477368
570,1575187200,52,66,14,118,48,0.3482890081077279,-1.0241106301762717
570,1575201600,338,217,0,555,48,-0.2799132519147997,-0.49108753278926826
570,1575216000,573,337,0,910,48,-0.2799132519147997,-0.058082499442846595
570,1575230400,455,318,0,773,48,-0.2799132519147997,-0.22518585033991637
570,1575244800,216,121,0,337,48,-0.2799132519147997,-0.7569892152386201
570,1575259200,20,10,0,30,48,-0.2799132519147997,-1.1314470891466524
570,1575273600,495,491,0,986,48,-0.2799132519147997,0.034617169667936626
570,1575288000,1546,1136,0,2682,48,-0.2799132519147997,2.103283469824362
570,1575302400,946,648,0,1594,48,-0.2799132519147997,0.7762145225542024
570,1575316800,1693,1253,0,2946,48,-0.2799132519147997,2.4252928467355037
570,1575331200,448,332,0,780,49,-0.23555228476002785,-0.654522489105595
570,1575345600,31,20,0,51,49,-0.23555228476002785,-1.387306223617629
570,1575360000,589,483,0,1072,49,-0.23555228476002785,-0.36100691917759226
570,1575374400,1488,1215,0,2703,49,-0.23555228476002785,1.2784584731257376
570,1575388800,928,695,0,1623,49,-0.23555228476002785,0.19285294051531685
570,1575403200,1723,1232,0,2955,49,-0.23555228476002785,1.5317664307348358
570,1575417600,535,482,0,1017,49,-0.23555228476002785,-0.41629238611608593
570,1575432000,49,40,0,89,49,-0.23555228476002785,-1.3491089919146697
570,1575446400,584,547,0,1131,49,-0.23555228476002785,-0.3017006910072082
570,1575460800,1762,1218,0,2980,49,-0.23555228476002785,1.556896188434151
570,1575475200,1011,724,0,1735,49,-0.23555228476002785,0.3054342550082494
570,1575489600,1864,1362,0,3226,49,-0.23555228476002785,1.8041730041954136
570,1575504000,632,582,0,1214,49,-0.23555228476002785,-0.2182698954454814
570,1575518400,48,46,0,94,49,-0.23555228476002785,-1.3440830403748067
570,1575532800,510,509,0,1019,49,-0.23555228476002785,-0.4142820055001407
570,1575547200,1702,1242,0,2944,49,-0.23555228476002785,1.520709337347137
570,1575561600,979,757,0,1736,49,-0.23555228476002785,0.30643944531622197
570,1575576000,1814,1283,0,3097,49,-0.23555228476002785,1.6745034544669466
570,1575590400,594,516,0,1110,49,-0.23555228476002785,-0.322809687474633
570,1575604800,56,51,0,107,49,-0.23555228476002785,-1.3310155663711627
570,1575619200,491,458,0,949,49,-0.23555228476002785,-0.48464532705822355
570,1575633600,1703,1178,0,2881,49,-0.23555228476002785,1.4573823479448624
570,1575648000,1055,740,0,1795,49,-0.23555228476002785,0.3657456734866061
570,1575662400,1630,1100,0,2730,49,-0.23555228476002785,1.305598611440998
570,1575676800,662,474,0,1136,49,-0.23555228476002785,-0.2966747394673451
570,1575691200,80,87,7,167,49,0.26266621681873614,-1.270704147892806
570,1575705600,82,163,81,245,49,5.529547519222812,-1.1922993038709422
570,1575720000,704,450,0,1154,49,-0.23555228476002785,-0.2785813139238381
570,1575734400,1120,665,0,1785,49,-0.23555228476002785,0.35569377040687994
570,1575748800,1176,834,0,2010,49,-0.23555228476002785,0.5818615897007177
570,1575763200,606,454,0,1060,49,-0.23555228476002785,-0.3730692028732636
570,1575777600,104,109,5,213,49,0.12031807351051785,-1.2244653937260659
570,1575792000,57,103,46,160,49,3.0384550113289923,-1.2777404800486143
570,1575806400,586,368,0,954,49,-0.23555228476002785,-0.4796193755183605
570,1575820800,959,630,0,1589,49,-0.23555228476002785,0.15867647004424804
570,1575835200,781,651,0,1432,49,-0.23555228476002785,0.0008615916925479856
570,1575849600,356,282,0,638,49,-0.23555228476002785,-0.7972595128377058
570,1575864000,29,25,0,54,49,-0.23555228476002785,-1.384290652693711
570,1575878400,568,499,0,1067,49,-0.23555228476002785,-0.3660328707174553
570,1575892800,1658,1136,0,2794,49,-0.23555228476002785,1.3699307911512453
570,1575907200,920,672,0,1592,49,-0.23555228476002785,0.1616920409681659
570,1575921600,1695,1325,0,3020,49,-0.23555228476002785,1.5971038007530556
570,1575936000,524,430,0,954,50,-0.34231458390226577,-0.4853621455102207
570,1575950400,39,20,0,59,50,-0.34231458390226577,-1.3646702109461064
570,1575964800,589,505,0,1094,50,-0.34231458390226577,-0.3478167497995794
570,1575979200,1884,1179,0,3063,50,-0.34231458390226577,1.5866609941593692
570,1575993600,983,706,0,1689,50,-0.34231458390226577,0.23675118197064635
570,1576008000,1685,1364,0,3049,50,-0.34231458390226577,1.5729064545883051
570,1576022400,490,514,24,1004,50,1.1777431278751964,-0.4362387898992774
570,1576036800,43,35,0,78,50,-0.34231458390226577,-1.346003335813948
570,1576051200,545,493,0,1038,50,-0.34231458390226577,-0.40283490808383593
570,1576065600,1860,1245,0,3105,50,-0.34231458390226577,1.6279246128725617
570,1576080000,984,738,0,1722,50,-0.34231458390226577,0.26917259667386895
570,1576094400,1706,1319,0,3025,50,-0.34231458390226577,1.5493272438950523
570,1576108800,555,623,68,1178,50,3.96451559946721,-0.2652895123731946
570,1576123200,42,39,0,81,50,-0.34231458390226577,-1.3430559344772914
570,1576137600,526,502,0,1028,50,-0.34231458390226577,-0.4126595792060246
570,1576152000,1666,1235,0,2901,50,-0.34231458390226577,1.4275013219799129
570,1576166400,992,729,0,1721,50,-0.34231458390226577,0.26819012956165006
570,1576180800,1714,1326,0,3040,50,-0.34231458390226577,1.5640642505783353
570,1576195200,646,554,0,1200,50,-0.34231458390226577,-0.2436752359043795
570,1576209600,49,45,0,94,50,-0.34231458390226577,-1.330283862018446
570,1576224000,471,482,11,953,50,0.35437853399573765,-0.4863446126224396
570,1576238400,1789,1127,0,2916,50,-0.34231458390226577,1.442238328663196
570,1576252800,1087,786,0,1873,50,-0.34231458390226577,0.41752513061891783
570,1576267200,1690,1305,0,2995,50,-0.34231458390226577,1.5198532305284864
570,1576281600,672,504,0,1176,50,-0.34231458390226577,-0.2672544465976323
570,1576296000,93,117,24,210,50,1.1777431278751964,-1.2163176770010575
570,1576310400,75,145,70,220,50,4.091187075448666,-1.206493005878869
570,1576324800,702,388,0,1090,50,-0.34231458390226577,-0.3517466182484549
570,1576339200,1110,586,0,1696,50,-0.34231458390226577,0.2436284517561784
570,1576353600,1096,786,0,1882,50,-0.34231458390226577,0.4263673346288876
570,1576368000,596,474,0,1070,50,-0.34231458390226577,-0.3713959604928322
570,1576382400,118,110,0,228,50,-0.34231458390226577,-1.198633268981118
570,1576396800,50,80,30,130,50,1.5577575558195618,-1.294915045978567
570,1576411200,548,343,0,891,50,-0.34231458390226577,-0.5472575735800094
570,1576425600,790,591,0,1381,50,-0.34231458390226577,-0.06584868859276463
570,1576440000,827,675,0,1502,50,-0.34231458390226577,0.05302983198571825
570,1576454400,404,300,0,704,50,-0.34231458390226577,-0.7309789235649374
570,1576468800,31,28,0,59,50,-0.34231458390226577,-1.3646702109461064
570,1576483200,531,516,0,1047,50,-0.34231458390226577,-0.3939927040738661
570,1576497600,1710,1132,0,2842,50,-0.34231458390226577,1.3695357623589997
570,1576512000,1011,664,0,1675,50,-0.34231458390226577,0.2229966423995822
570,1576526400,1762,1392,0,3154,50,-0.34231458390226577,1.6760655013712862
570,1576540800,514,445,0,959,51,-0.35642308824385066,-0.39118877348125025
570,1576555200,36,33,0,69,51,-0.35642308824385066,-1.3482302259800485
570,1576569600,585,524,0,1109,51,-0.35642308824385066,-0.22988965227358765
570,1576584000,1751,1127,0,2878,51,-0.35642308824385066,1.6723646505021135
570,1576598400,964,759,0,1723,51,-0.35642308824385066,0.43036141720311133
570,1576612800,1796,1291,0,3087,51,-0.35642308824385066,1.8971080927181234
570,1576627200,574,496,0,1070,51,-0.35642308824385066,-0.27182742378757996
570,1576641600,45,34,0,79,51,-0.35642308824385066,-1.337476951232871
570,1576656000,506,723,217,1229,51,3.25696959946967,-0.10085035530745756
570,1576670400,1606,1190,0,2796,51,-0.35642308824385066,1.5841877975752579
570,1576684800,1066,746,0,1812,51,-0.35642308824385066,0.5260655624529912
570,1576699200,1731,1406,0,3137,51,-0.35642308824385066,1.950874466454011
570,1576713600,535,547,12,1082,51,-0.1566041377712136,-0.25892349409096693
570,1576728000,49,40,0,89,51,-0.35642308824385066,-1.3267236764856936
570,1576742400,502,766,264,1268,51,4.039593822154165,-0.05891258379346528
570,1576756800,1600,1141,0,2741,51,-0.35642308824385066,1.5250447864657817
570,1576771200,1032,726,0,1758,51,-0.35642308824385066,0.4679978788182326
570,1576785600,1692,1340,0,3032,51,-0.35642308824385066,1.837965081608647
570,1576800000,608,495,0,1103,51,-0.35642308824385066,-0.23634161712189417
570,1576814400,51,52,1,103,51,-0.33977150903779757,-1.311669091839645
570,1576828800,383,503,120,886,51,1.6417664164825203,-0.4696876791356461
570,1576843200,1473,981,0,2454,51,-0.35642308824385066,1.2164258012217872
570,1576857600,999,781,0,1780,51,-0.35642308824385066,0.4916550832620231
570,1576872000,1502,1201,0,2703,51,-0.35642308824385066,1.484182342426507
570,1576886400,556,430,0,986,51,-0.35642308824385066,-0.362154931663871
570,1576900800,77,75,0,152,51,-0.35642308824385066,-1.2589780455784751
570,1576915200,70,129,59,199,51,0.6260200849132816,-1.208437654266741
570,1576929600,558,362,0,920,51,-0.35642308824385066,-0.43312654499524256
570,1576944000,960,498,0,1458,51,-0.35642308824385066,0.14539963640290737
570,1576958400,935,668,0,1603,51,-0.35642308824385066,0.30132212023698124
570,1576972800,522,390,0,912,51,-0.35642308824385066,-0.4417291647929846
570,1576987200,78,54,0,132,51,-0.35642308824385066,-1.28048459507283
570,1577001600,50,91,41,141,51,0.326291659204326,-1.2708066478003703
570,1577016000,461,301,0,762,51,-0.35642308824385066,-0.6030282860006472
570,1577030400,839,533,0,1372,51,-0.35642308824385066,0.05292147357718081
570,1577044800,725,578,0,1303,51,-0.35642308824385066,-0.021276122178344
570,1577059200,361,201,0,562,51,-0.35642308824385066,-0.8180937809441974
570,1577073600,36,25,0,61,51,-0.35642308824385066,-1.3568328457777905
570,1577088000,267,452,185,719,51,2.724119064875971,-0.6492673674135104
570,1577102400,906,864,0,1770,51,-0.35642308824385066,0.4809018085148456
570,1577116800,885,523,0,1408,51,-0.35642308824385066,0.09163326266701984
570,1577131200,1372,778,0,2150,51,-0.35642308824385066,0.8895262489075909
570,1577145600,431,319,0,750,52,-0.4000123166369029,-0.0705251193632186
570,1577160000,36,22,0,58,52,-0.4000123166369029,-1.2918819310257144
570,1577174400,186,383,197,569,52,2.889132436509666,-0.3899840542055766
570,1577188800,741,609,0,1350,52,-0.4000123166369029,0.9884547751418356
570,1577203200,976,499,0,1475,52,-0.4000123166369029,1.209075586497055
570,1577217600,860,466,0,1326,52,-0.4000123166369029,0.9460955793616334
570,1577232000,289,178,0,467,52,-0.4000123166369029,-0.5700106362714358
570,1577246400,47,34,0,81,52,-0.4000123166369029,-1.251287701736354
570,1577260800,68,90,22,158,52,-0.03269665892510335,-1.1153852819415386
570,1577275200,208,139,0,347,52,-0.4000123166369029,-0.7818066151724467
570,1577289600,356,224,0,580,52,-0.4000123166369029,-0.3705694228063173
570,1577304000,299,303,4,602,52,-0.3332276515983939,-0.3317401600077986
570,1577318400,199,199,0,398,52,-0.4000123166369029,-0.691793324139517
570,1577332800,20,22,2,42,52,-0.3666199841176484,-1.3201213948791826
570,1577347200,150,323,173,473,52,2.4884244462786116,-0.5594208373263853
570,1577361600,648,642,0,1290,52,-0.4000123166369029,0.8825567856913301
570,1577376000,696,485,0,1181,52,-0.4000123166369029,0.6901754381895786
570,1577390400,1097,686,0,1783,52,-0.4000123166369029,1.7526852656763163
570,1577404800,379,245,0,624,52,-0.4000123166369029,-0.29291089720928
570,1577419200,34,36,2,70,52,-0.3666199841176484,-1.2707023331356133
570,1577433600,208,383,175,591,52,2.521816778797866,-0.35115479140705796
570,1577448000,803,721,0,1524,52,-0.4000123166369029,1.2955589445483013
570,1577462400,784,609,0,1393,52,-0.4000123166369029,1.064348334248031
570,1577476800,1138,689,0,1827,52,-0.4000123166369029,1.8303437912733533
