remote_unit_id,time_stamp,entries,exits,num_people_exited,sum_exit_entry,week_num,z_score_num_people_exited,z_score_sum_exit_entry
82,1546311600,169,171,2,340,1,-0.6575347759790182,-0.7002910994097838
82,1546326000,53,52,0,105,1,-0.6654702223352061,-1.1192633646280115
82,1546340400,92,163,71,255,1,-0.3837618766905328,-0.8518342591695683
82,1546354800,188,302,114,490,1,-0.2131497800324912,-0.4328619939513407
82,1546369200,266,474,208,740,1,0.159816198708344,0.012853181812731294
82,1546383600,168,318,150,486,1,-0.0703117456211075,-0.43999343676356584
82,1546398000,69,103,34,172,1,-0.5305676342800104,-0.9998116975232403
82,1546412400,25,127,102,152,1,-0.26076245816961907,-1.035468911584366
82,1546426800,295,1119,824,1414,1,2.6039336764142424,1.2145012956726693
82,1546441200,341,552,211,893,1,0.17171936824262596,0.2856308693803434
82,1546455600,906,913,7,1819,1,-0.6376961600885482,1.936559880410466
82,1546470000,359,301,0,660,1,-0.6654702223352061,-0.12977567443177174
82,1546484400,84,47,0,131,1,-0.6654702223352061,-1.0729089863485481
82,1546498800,16,99,83,115,1,-0.3361491985534049,-1.1014347575974486
82,1546513200,275,1254,979,1529,1,3.2189307690188107,1.4195302765241424
82,1546527600,459,708,249,1167,1,0.32249284901019765,0.7741347020177662
82,1546542000,943,1019,76,1962,1,-0.3639232608000628,2.191508960947515
82,1546556400,418,310,0,728,1,-0.6654702223352061,-0.008541146623944161
82,1546570800,100,33,0,133,1,-0.6654702223352061,-1.0693432649424355
82,1546585200,16,118,102,134,1,-0.26076245816961907,-1.0675604042393791
82,1546599600,344,1135,791,1479,1,2.4729988115371406,1.330387241371328
82,1546614000,443,717,274,1160,1,0.4216859284625474,0.7616546770963722
82,1546628400,909,958,49,1867,1,-0.4710517866086006,2.022137194157168
82,1546642800,392,358,0,750,1,-0.6654702223352061,0.030681788843294172
82,1546657200,158,83,0,241,1,-0.6654702223352061,-0.8767943090123564
82,1546671600,23,65,42,88,1,-0.49882584885525855,-1.1495719965799684
82,1546686000,107,420,313,527,1,0.5764271324082131,-0.36689614793825803
82,1546700400,324,584,260,908,1,0.3661378039692315,0.31237377992618764
82,1546714800,418,668,250,1086,1,0.3264605721882916,0.629722985070207
82,1546729200,281,352,71,633,1,-0.3837618766905328,-0.17791291341429152
82,1546743600,161,91,0,252,1,-0.6654702223352061,-0.8571828412787372
82,1546758000,22,45,23,67,1,-0.5742125892390444,-1.1870120713441505
82,1546772400,107,298,191,405,1,0.09236490468074614,-0.5844051537111252
82,1546786800,234,540,306,774,1,0.5486530701615551,0.07347044571664509
82,1546801200,361,502,141,863,1,-0.10602125422395342,0.2321450482886547
82,1546815600,226,182,0,408,1,-0.6654702223352061,-0.5790565716019563
82,1546830000,84,47,0,131,1,-0.6654702223352061,-1.0729089863485481
82,1546844400,18,131,113,149,1,-0.21711750321058518,-1.0408174936935348
82,1546858800,287,1253,966,1540,1,3.1673503677035892,1.4391417442577616
82,1546873200,395,605,210,1000,1,0.16775164506453197,0.47639696460736614
82,1546886445,864,854,0,1718,1,-0.6654702223352061,1.7564909494017809
82,1546887600,882,412,0,1294,1,-0.6654702223352061,1.000558011305915
82,1546902000,448,297,0,745,1,-0.6654702223352061,0.021767485328012735
82,1546916400,103,41,0,144,2,-0.6605580811018866,-1.0936903334931827
82,1546930800,24,134,110,158,2,-0.29415415089529323,-1.0711233995670155
82,1546945200,288,1296,1008,1584,2,2.6970342975185324,1.227480013198318
82,1546959600,401,578,177,979,2,-0.07098084795127724,0.2522660828175138
82,1546974000,963,938,0,1901,2,-0.6605580811018866,1.738459874240822
82,1546988400,412,311,0,723,2,-0.6605580811018866,-0.1603864232609752
82,1547002800,90,33,0,123,2,-0.6605580811018866,-1.1275407343824337
82,1547017200,17,128,111,145,2,-0.29082320607523326,-1.0920784096413136
82,1547031600,305,1271,966,1576,2,2.557134615076015,1.2145846223833652
82,1547046000,402,678,276,1080,2,0.2587826892346568,0.41507039185629263
82,1547060400,971,917,0,1888,2,-0.6605580811018866,1.7175048641665236
82,1547074800,450,312,0,762,2,-0.6605580811018866,-0.09752139303808041
82,1547089200,72,28,0,100,2,-0.6605580811018866,-1.164614982975423
82,1547103600,20,100,80,120,2,-0.3940824954970914,-1.132376505938041
82,1547118000,321,1279,958,1600,2,2.5304870565155357,1.2532707948282236
82,1547132400,433,659,226,1092,2,0.0922354482316598,0.4344134780787218
82,1547146800,974,1087,113,2061,2,-0.2841613164351134,1.9963676905398775
82,1547161200,439,329,0,768,2,-0.6605580811018866,-0.08784984992686583
82,1547175600,96,42,0,138,2,-0.6605580811018866,-1.1033618766043973
82,1547190000,17,111,94,128,2,-0.34744926801625226,-1.1194811151230883
82,1547204400,298,1245,947,1543,2,2.4938466634948764,1.1613911352716848
82,1547218800,440,666,226,1106,2,0.0922354482316598,0.4569804120048892
82,1547233200,967,991,24,1958,2,-0.580615405420448,1.8303395337973605
82,1547247600,460,384,0,844,2,-0.6605580811018866,0.0346563628151856
82,1547262000,185,77,0,262,2,-0.6605580811018866,-0.9034833189726292
82,1547276400,27,75,48,102,2,-0.5006727297390094,-1.1613911352716848
82,1547290800,135,482,347,617,2,0.4952797714589125,-0.3312503515590996
82,1547305200,429,664,235,1093,2,0.12221395161219926,0.4360254019305909
82,1547319600,433,728,295,1161,2,0.3220706408157957,0.5456362238576896
82,1547334000,265,410,145,675,2,-0.1775710821931953,-0.2377587681506919
82,1547348400,167,132,0,299,2,-0.6605580811018866,-0.8438421364534726
82,1547362800,19,53,34,72,2,-0.5473059572198486,-1.2097488508277578
82,1547377200,80,346,266,426,2,0.2254732410340574,-0.6391278072660972
82,1547391600,275,510,235,785,2,0.12221395161219926,-0.06044714444509117
82,1547406000,364,504,140,868,2,-0.194225806293495,0.07334253526004395
82,1547420400,213,174,0,387,2,-0.6605580811018866,-0.701992837488992
82,1547434800,62,25,0,87,2,-0.6605580811018866,-1.1855699930497214
82,1547449200,28,121,93,149,2,-0.35078021283631217,-1.0856307142338373
82,1547463600,303,1264,961,1567,2,2.5404798909757154,1.2000773077165432
82,1547478000,398,612,214,1010,2,0.052264110390940526,0.3022357222254558
82,1547492400,916,817,0,1733,2,-0.6605580811018866,1.4676566671268134
82,1547506800,455,276,0,731,2,-0.6605580811018866,-0.14749103244602244
82,1547521200,78,46,0,124,3,-0.6883173906082778,-1.1120960081286284
82,1547535600,18,126,108,144,3,-0.2914434000401898,-1.0777050849306
82,1547550000,308,1233,925,1541,3,2.710834843423957,1.3245009004516903
82,1547564400,434,634,200,1068,3,0.04663444377707036,0.5111555668183164
82,1547578800,929,990,61,1919,3,-0.4641570811207466,1.9744893488944288
82,1547593200,504,361,0,865,3,-0.6883173906082778,0.16208769635832726
82,1547607600,95,31,0,126,3,-0.6883173906082778,-1.1086569158088255
82,1547622000,22,123,101,145,3,-0.317166714243677,-1.0759855387706985
82,1547636400,278,1240,962,1518,3,2.8468009327852464,1.2849513387739575
82,1547650800,425,679,254,1104,3,0.24507143906111437,0.5730592285747678
82,1547665200,950,986,36,1936,3,-0.5560260604189151,2.003721633612753
82,1547679600,466,345,0,811,3,-0.6883173906082778,0.06923220372365031
82,1547694000,90,30,0,120,3,-0.6883173906082778,-1.1189741927682342
82,1547708400,24,132,108,156,3,-0.2914434000401898,-1.057070531011783
82,1547722800,294,1243,949,1537,3,2.799029063550199,1.3176227158120846
82,1547737200,398,694,296,1092,3,0.39941132428203746,0.5524246746559507
82,1547751600,966,1009,43,1975,3,-0.530302746215428,2.070783933848909
82,1547766000,489,362,0,851,3,-0.6883173906082778,0.1380140501197073
82,1547780400,105,43,0,148,3,-0.6883173906082778,-1.0708269002909943
82,1547794800,23,126,103,149,3,-0.3098171958998235,-1.069107354131093
82,1547809200,257,1137,880,1394,3,2.545470680687254,1.071727614946181
82,1547823600,402,684,282,1086,3,0.34796469587506307,0.5421073976965421
82,1547838000,814,947,133,1761,3,-0.19957442074202128,1.7028010556300037
82,1547852400,396,348,0,744,3,-0.6883173906082778,-0.04597738898974514
82,1547866800,145,94,0,239,3,-0.6883173906082778,-0.9143481997399646
82,1547881200,23,71,48,94,3,-0.5119289503557942,-1.1636823929256712
82,1547895600,158,481,323,639,3,0.49862982192405947,-0.22652973577939475
82,1547910000,438,679,241,1117,3,0.19729956982606672,0.5954133286534863
82,1547924400,497,753,256,1250,3,0.25242095740496784,0.8241129679203758
82,1547938800,295,352,57,647,3,-0.47885611780845355,-0.21277336650018333
82,1547953200,120,70,0,190,3,-0.6883173906082778,-0.9986059615751345
82,1547967600,21,44,23,65,3,-0.6037979296539627,-1.2135492315628125
82,1547982000,108,329,221,437,3,0.12380438638753191,-0.5738780600794825
82,1547996400,298,474,176,772,3,-0.04155977634917142,0.002169903487494748
82,1548010800,367,568,201,935,3,0.050309202948997093,0.28245592755142696
82,1548025200,245,193,0,438,3,-0.6883173906082778,-0.5721585139195811
82,1548039600,74,40,0,114,3,-0.6883173906082778,-1.1292914697276428
82,1548054000,10,90,80,100,3,-0.39433665685413855,-1.1533651159662626
82,1548068400,114,745,631,859,3,1.6304556468774956,0.1517704193989187
82,1548082800,272,441,169,713,3,-0.0672830905526586,-0.0992833199466893
82,1548097200,543,536,0,1079,3,-0.6883173906082778,0.5300705745772322
82,1548111600,247,122,0,369,3,-0.6883173906082778,-0.6908071989527794
82,1548126000,51,23,0,74,4,-0.6691887332078419,-1.2158644475618947
82,1548140400,22,114,92,136,4,-0.36191062683646924,-1.1132418940337223
82,1548154800,306,1347,1041,1653,4,2.8077298399725814,1.3977002624539792
82,1548169200,393,616,223,1009,4,0.07562667680102882,0.33174986774199505
82,1548183600,905,863,0,1768,4,-0.6691887332078419,1.5880485472239763
82,1548198000,507,326,0,833,4,-0.6691887332078419,0.040434231920086376
82,1548212400,93,28,0,121,4,-0.6691887332078419,-1.138069931177635
82,1548226800,18,120,102,138,4,-0.32851083266566783,-1.1099314890812007
82,1548241200,315,1331,1016,1646,4,2.724230354545578,1.3861138451201531
82,1548255600,373,680,307,1053,4,0.3561849478357604,0.4045787766974722
82,1548270000,907,938,31,1845,4,-0.5656493712783577,1.7154991378960616
82,1548284400,491,335,0,826,4,-0.6691887332078419,0.028847814586260463
82,1548298800,140,38,0,178,4,-0.6691887332078419,-1.043723390030767
82,1548313200,22,133,111,155,4,-0.2984510179119466,-1.0817930469847663
82,1548327600,287,1234,947,1521,4,2.4937717747670485,1.1792135355875475
82,1548342000,394,674,280,1068,4,0.2660055035745967,0.4294068138413849
82,1548356400,958,997,39,1955,4,-0.5389295359417166,1.8975714102847543
82,1548370800,502,334,0,836,4,-0.6691887332078419,0.04539983934886891
82,1548385200,133,47,0,180,4,-0.6691887332078419,-1.0404129850782453
82,1548399600,17,137,120,154,4,-0.2683912031582254,-1.0834482494610271
82,1548414000,297,1212,915,1509,4,2.386892433420484,1.1593511058724175
82,1548428400,423,735,312,1158,4,0.3728848449211611,0.5783750367048609
82,1548442800,899,963,64,1862,4,-0.4554300505147131,1.743637579992496
82,1548457200,438,363,0,801,4,-0.6691887332078419,-0.012532247320260655
82,1548471600,157,71,0,228,4,-0.6691887332078419,-0.9609632662177247
82,1548486000,27,42,15,69,4,-0.6190890419516398,-1.224140459943199
82,1548500400,105,457,352,562,4,0.5064840216043666,-0.40812563914660255
82,1548514800,304,651,347,955,4,0.4897841245189659,0.24236893402390944
82,1548529200,490,680,190,1170,4,-0.03459264396261573,0.5982374664199911
82,1548543600,236,421,185,657,4,-0.051292541048016414,-0.2508814039018223
82,1548558000,163,106,0,269,4,-0.6691887332078419,-0.89309996469103
82,1548572400,20,50,30,70,4,-0.5689893506954378,-1.2224852574669383
82,1548586800,103,309,206,412,4,0.01884702671066648,-0.6564060105857292
82,1548601200,266,524,258,790,4,0.19252595639883363,-0.030739474559129946
82,1548615600,332,448,116,780,4,-0.2817511208265459,-0.047291499321738394
82,1548630000,171,178,7,349,4,-0.645808877288281,-0.7606837665901625
82,1548644400,64,40,0,104,4,-0.6691887332078419,-1.1662083732740693
82,1548658800,26,110,84,136,4,-0.3886304621731103,-1.1132418940337223
82,1548673200,303,1175,872,1478,4,2.2432733184860383,1.1080398291083313
82,1548687600,404,557,153,961,4,-0.15817188239458083,0.2523001488814745
82,1548702000,906,848,0,1754,4,-0.6691887332078419,1.5648757125563244
82,1548716400,426,311,0,737,4,-0.6691887332078419,-0.11846520580095472
82,1548730800,75,31,0,106,5,-0.6624265946406096,-1.1199180460945435
82,1548745200,23,126,103,149,5,-0.2969556791431887,-1.0483251116410108
82,1548759600,274,1142,868,1416,5,2.4174642272211506,1.0611690267921432
82,1548774000,392,569,177,961,5,-0.03438434179552716,0.3036158831559276
82,1548788400,925,929,4,1854,5,-0.6482335493785738,1.7904179870397527
82,1548802800,500,317,0,817,5,-0.6624265946406096,0.06386280033479562
82,1548817200,81,31,0,112,5,-0.6624265946406096,-1.1099283343103297
82,1548831600,20,117,97,137,5,-0.31824524703624235,-1.0683045352094387
82,1548846000,272,1262,990,1534,5,2.8503521077132414,1.2576333585483486
82,1548860400,423,560,137,983,5,-0.17631479441588477,0.3402448263647116
82,1548874800,1153,916,0,2069,5,-0.6624265946406096,2.148382659307415
82,1548889200,559,328,0,887,5,-0.6624265946406096,0.18040943781729032
82,1548903600,86,27,0,113,5,-0.6624265946406096,-1.108263382346294
82,1548918000,19,94,75,113,5,-0.39630699597743907,-1.108263382346294
82,1548932400,246,1200,954,1446,5,2.7226147003549195,1.1111175857132123
82,1548946800,460,557,97,1017,5,-0.31824524703624235,0.39685319314192335
82,1548961200,1018,892,0,1910,5,-0.6624265946406096,1.8836552970257485
82,1548975600,517,298,0,815,5,-0.6624265946406096,0.060532896406724344
82,1548990000,75,38,0,113,5,-0.6624265946406096,-1.108263382346294
82,1549004400,19,116,97,135,5,-0.31824524703624235,-1.0716344391375099
82,1549018800,276,1145,869,1421,5,2.4210124885366597,1.0694937866123213
82,1549033200,410,627,217,1037,5,0.10754611082483044,0.4301522324226361
82,1549047600,879,1054,175,1933,5,-0.041480864426545035,1.9219491921985683
82,1549062000,407,382,0,789,5,-0.6624265946406096,0.01724414534179774
82,1549076400,120,59,0,179,5,-0.6624265946406096,-0.9983765527199417
82,1549090800,18,59,41,77,5,-0.516947880704743,-1.1682016530515769
82,1549105200,122,437,315,559,5,0.4552757197447066,-0.3656948063863991
82,1549119600,344,617,273,961,5,0.3062487444933311,0.3036158831559276
82,1549134000,363,661,298,1024,5,0.39495527738105457,0.4085078568901728
82,1549148400,203,391,188,594,5,0.004646532675071183,-0.30742148764515176
82,1549162800,99,86,0,185,5,-0.6624265946406096,-0.9883868409357279
82,1549177200,27,38,11,65,5,-0.6233957201700112,-1.1881810766200045
82,1549191600,79,326,247,405,5,0.21399395029009866,-0.6220974088478874
82,1549206000,196,489,293,685,5,0.3772139708035099,-0.15591085891790868
82,1549220400,279,517,238,796,5,0.1820595984505182,0.02889880909004721
82,1549234800,176,195,19,371,5,-0.5950096296459397,-0.6787057756250992
82,1549249200,40,47,7,87,5,-0.637588765432047,-1.1515521334112204
82,1549263600,24,122,98,146,5,-0.3146969857207334,-1.053319967533118
82,1549278000,283,1121,838,1404,5,2.3110163877558825,1.0411896032237153
82,1549292400,377,492,115,869,5,-0.25437654335708143,0.15044030246464882
82,1549306800,876,762,0,1638,5,-0.6624265946406096,1.4307883628080549
82,1549321200,481,310,0,791,5,-0.6624265946406096,0.020574049269869017
82,1549335600,76,37,0,113,6,-0.6760933077990561,-1.159898518307447
82,1549350000,24,124,100,148,6,-0.2914526878978605,-1.099607441985394
82,1549362812,256,1107,851,1363,6,2.5971983675601185,0.9933542074801651
82,1549364400,248,739,491,987,6,1.2124921359158143,0.3456557875632514
82,1549378800,427,578,151,1005,6,-0.09528597174825075,0.376662626814593
82,1549393200,852,954,102,1806,6,-0.2837598754998366,1.756466973499295
82,1549407600,536,338,0,874,6,-0.6760933077990561,0.15100174115205123
82,1549422000,95,42,0,137,6,-0.6760933077990561,-1.118556065972325
82,1549436400,21,129,108,150,6,-0.26068143830576485,-1.0961622376241338
82,1549450800,303,1086,783,1389,6,2.3356427460273053,1.0381418641765474
82,1549465200,440,552,112,992,6,-0.24529581350971702,0.3542687984664018
82,1549479600,945,873,0,1818,6,-0.6760933077990561,1.7771381996668563
82,1549494000,534,395,0,929,6,-0.6760933077990561,0.24574486108670618
82,1549508400,91,28,0,119,6,-0.6760933077990561,-1.1495629052236667
82,1549522800,24,112,88,136,6,-0.337609562286004,-1.120278668152955
82,1549527047,46,122,76,168,6,-0.38376643667414745,-1.0651553983727922
82,1549537200,322,1260,938,1582,6,2.9318357068741587,1.370604085038155
82,1549551600,444,570,126,1014,6,-0.19144612672354966,0.3921660464402638
82,1549566000,945,946,1,1891,6,-0.6722469016000441,1.9028881588528528
82,1549580400,542,436,0,978,6,-0.6760933077990561,0.33015236793758057
82,1549594800,97,44,0,141,6,-0.6760933077990561,-1.1116656572498047
82,1549609200,19,125,106,144,6,-0.2683742507037888,-1.1064978507079144
82,1549623600,299,1135,836,1434,6,2.539502274574939,1.1156589623049016
82,1549638000,471,629,158,1100,6,-0.06836112835516706,0.5403098339744515
82,1549652400,939,962,23,1901,6,-0.5876259652217811,1.9201141806591537
82,1549666800,463,435,0,898,6,-0.6760933077990561,0.19234419348717338
82,1549681200,115,86,0,201,6,-0.6760933077990561,-1.0083095264119992
82,1549695600,21,57,36,78,6,-0.5376226846346257,-1.2201895946295003
82,1549710000,166,450,284,616,6,0.41628605272033936,-0.29342962145051193
82,1549724400,353,663,310,1016,6,0.5162926138946502,0.395611250801524
82,1549738800,422,675,253,1097,6,0.29704746055096876,0.5351420274325612
82,1549753200,252,455,203,707,6,0.10472715060037095,-0.13667282301317377
82,1549767600,114,101,0,215,6,-0.6760933077990561,-0.9841930958831779
82,1549782000,17,38,21,55,6,-0.595318777619805,-1.2598094447839923
82,1549796400,99,332,233,431,6,0.22011933657072963,-0.6121110248670786
82,1549810800,239,497,258,736,6,0.3162794915460285,-0.08671735977490116
82,1549825200,343,467,124,810,6,-0.19913893912157357,0.04075520159172548
82,1549839600,166,198,32,364,6,-0.5530083094306735,-0.7275253709692946
82,1549854000,45,26,0,71,6,-0.6760933077990561,-1.232247809893911
82,1549868400,18,112,94,130,6,-0.3145311250919322,-1.1306142812367357
82,1549882800,308,1089,781,1397,6,2.3279499336292817,1.0519226816215883
82,1549897200,441,496,55,937,6,-0.4645409668533985,0.2595256785317469
82,1549911600,916,793,0,1709,6,-0.6760933077990561,1.5893745619781763
82,1549926000,509,303,0,812,6,-0.6760933077990561,0.04420040595298566
82,1549940400,73,33,0,106,7,-0.6445234261941037,-1.1039038772765206
82,1549954800,24,123,99,147,7,-0.2555078352353168,-1.0318855981831252
82,1549969200,299,1192,893,1491,7,2.8644757932624296,1.3289087213662223
82,1549983600,423,612,189,1035,7,0.09814270199994411,0.5279249343762651
82,1549998000,905,878,0,1783,7,-0.6445234261941037,1.8418193919825985
82,1550012400,492,284,0,776,7,-0.6445234261941037,0.0729801957131096
82,1550026800,95,27,0,122,7,-0.6445234261941037,-1.075799182996171
82,1550041200,29,120,91,149,7,-0.2869434385451178,-1.0283725113980815
82,1550055600,285,1243,958,1528,7,3.1198900701545624,1.3939008268895303
82,1550070000,453,690,237,1143,7,0.28675632185874994,0.7176316207686234
82,1550084400,947,1002,55,1949,7,-0.4284036534392221,2.133405595141223
82,1550098800,545,394,0,939,7,-0.6445234261941037,0.3592967686941689
82,1550113200,97,46,0,143,7,-0.6445234261941037,-1.0389117717532126
82,1550127600,29,126,97,155,7,-0.263366736062767,-1.0178332510429506
82,1550142000,308,1154,846,1462,7,2.6797916238173487,1.277968962983089
82,1550156400,503,591,88,1094,7,-0.2987317897862931,0.6315609945350534
82,1550170800,972,1032,60,2004,7,-0.4087564013705965,2.2300154817299243
82,1550185200,447,395,0,842,7,-0.6445234261941037,0.18891205961955077
82,1550199600,98,45,0,143,7,-0.6445234261941037,-1.0389117717532126
82,1550214000,23,107,84,130,7,-0.3144495914411936,-1.0617468358559965
82,1550228400,254,1126,872,1380,7,2.781957334574202,1.1339324047962986
82,1550242800,417,597,180,1014,7,0.06277764827641803,0.49103752313330656
82,1550257200,806,913,107,1719,7,-0.2240722319255158,1.729400614861201
82,1550271600,371,388,17,759,7,-0.5777227691607767,0.04311895804023838
82,1550286000,126,81,0,207,7,-0.6445234261941037,-0.9264929946318151
82,1550300400,29,39,10,68,7,-0.6052289220568525,-1.1706525261923504
82,1550314800,116,332,216,448,7,0.2042378631705224,-0.5031660370340526
82,1550329200,284,446,162,730,7,-0.007952459170634153,-0.007820800342894861
82,1550343600,329,559,230,888,7,0.2592501689626741,0.2697130556755552
82,1550358000,235,310,75,545,7,-0.3498146451647197,-0.33278132795943455
82,1550372400,117,104,0,221,7,-0.6445234261941037,-0.9019013871365094
82,1550386800,23,31,8,54,7,-0.6130878228843029,-1.195244133687656
82,1550401200,101,266,165,367,7,0.003835892070541211,-0.6454460518283214
82,1550415600,262,456,194,718,7,0.11778995406856972,-0.02889932105315689
82,1550430000,285,402,117,687,7,-0.1847777277882646,-0.0833521662213338
82,1550444400,206,203,0,409,7,-0.6445234261941037,-0.5716712293424042
82,1550458800,65,42,0,107,7,-0.6445234261941037,-1.1021473338839987
82,1550473200,13,83,70,96,7,-0.3694618972333453,-1.1214693112017389
82,1550487600,147,576,429,723,7,1.0412108012939731,-0.02011660409054771
82,1550502000,309,571,262,880,7,0.384992582201878,0.25566070853538053
82,1550516400,559,637,78,1196,7,-0.33802629392354433,0.8107284205722807
82,1550530800,289,201,0,490,7,-0.6445234261941037,-0.4293912145481355
82,1550545200,64,47,0,111,8,-0.6845193605292056,-1.2541241765458704
82,1550559600,19,116,97,135,8,-0.3646556368616041,-1.216749614993179
82,1550574000,303,1169,866,1472,8,2.171171203348556,0.8653249181713435
82,1550588400,381,596,215,977,8,0.024456934197952317,0.09447458614708124
82,1550602800,964,971,7,1935,8,-0.6614364113985539,1.5863425014586838
82,1550617200,503,352,0,855,8,-0.6845193605292056,-0.0955127684124339
82,1550631600,89,40,0,129,8,-0.6845193605292056,-1.226093255381352
82,1550646000,19,117,98,136,8,-0.36135807270008247,-1.2151923415951502
82,1550660400,278,1205,927,1483,8,2.3723226172013776,0.8824549255496604
82,1550674800,397,592,195,989,8,-0.041494349032480976,0.11316186692342699
82,1550689200,927,936,9,1863,8,-0.6548412830755106,1.4742188168006092
82,1550703600,506,348,0,854,8,-0.6845193605292056,-0.0970700418104627
82,1550718000,76,41,0,117,8,-0.6845193605292056,-1.2447805361576976
82,1550732400,18,114,96,132,8,-0.3679532010231258,-1.2214214351872654
82,1550746800,300,1138,838,1438,8,2.0788394068259493,0.8123776226383639
82,1550761200,414,622,208,1036,8,0.0013739850673006623,0.18635371663078118
82,1550775600,873,1016,143,1889,8,-0.21296768543160755,1.5147079251493583
82,1550790000,523,412,0,935,8,-0.6845193605292056,0.02906910342987111
82,1550804400,105,56,0,161,8,-0.6845193605292056,-1.1762605066444298
82,1550818800,16,110,94,126,8,-0.3745483293461691,-1.2307650755754382
82,1550833200,291,1120,829,1411,8,2.0491613293722546,0.7703312408915859
82,1550847600,451,658,207,1109,8,-0.0019235790942210024,0.3000346746868845
82,1550862000,865,979,114,1844,8,-0.30859704611573585,1.4446306222380618
82,1550876400,408,447,39,855,8,-0.5559143582298607,-0.0955127684124339
82,1551495600,9100,9708,608,18808,9,1.9389423002239075,4.102889570842181
82,1551510000,26,60,34,86,9,-0.765316858241726,-0.367346326693671
82,1551524400,139,458,319,597,9,0.5773902152124648,-0.24533529455817157
82,1551538800,277,607,330,884,9,0.6292139969949073,-0.17680855048206914
82,1551553200,383,681,298,1064,9,0.4784539045368929,-0.1338301047200537
82,1551567600,219,400,181,619,9,-0.07276268351272229,-0.2400823734094808
82,1551582000,118,73,0,191,9,-0.9254994564783663,-0.34227556666582865
82,1551596400,18,41,23,59,9,-0.8171406400241684,-0.3737930935579733
82,1551610800,107,331,224,438,9,0.12982119072773457,-0.28329958831461854
82,1551625200,262,564,302,826,9,0.49729891609414467,-0.190657160783163
82,1551639600,371,517,146,888,9,-0.23765653463867556,-0.17585347390957992
82,1551654000,175,224,49,399,9,-0.6946480649020317,-0.29261158489638855
82,1551668400,45,29,0,74,9,-0.9254994564783663,-0.3702115564111387
82,1551682800,15,91,76,106,9,-0.5674442368905821,-0.36257094383122485
82,1551697200,235,1019,784,1254,9,2.7681228087429868,-0.08846396752681515
82,1551711600,291,413,122,704,9,-0.35072660398218636,-0.2197869962440846
82,1551726000,755,795,40,1550,9,-0.7370493409058483,-0.017788301162611955
82,1551740400,420,274,0,694,9,-0.9254994564783663,-0.22217468767530768
82,1551754800,72,45,0,117,10,-0.758630647616973,-1.1900990133113678
82,1551769200,24,112,88,136,10,-0.41888766038901565,-1.1599421794290334
82,1551783600,414,1212,798,1626,10,2.3222205320183678,1.2049884776592872
82,1551798000,480,666,186,1146,10,-0.040537515521517645,0.4431316216845261
82,1551812400,1053,1029,0,2082,10,-0.758630647616973,1.92875249083531
82,1551826800,519,365,0,884,10,-0.758630647616973,0.02728475446496905
82,1551841200,103,42,0,145,10,-0.758630647616973,-1.1456573633795066
82,1551855600,28,109,81,137,10,-0.44591267073669405,-1.1583549776457527
82,1551870000,300,1183,883,1483,10,2.650381371954463,0.9780186226501395
82,1551884400,454,666,212,1120,10,0.05984109434128795,0.40186437531922653
82,1551898800,952,986,34,1938,10,-0.627366311642535,1.7001954340428818
82,1551913200,534,387,0,921,10,-0.758630647616973,0.08601122044635688
82,1551927600,110,58,0,168,10,-0.758630647616973,-1.1091517223640495
82,1551942000,20,131,111,151,10,-0.3300911978180722,-1.1361341526798223
82,1551946140,41,115,74,156,10,-0.4729376810843725,-1.1281981437634185
82,1551956400,352,1196,844,1548,10,2.4998134571602546,1.0811867385633884
82,1551970800,480,651,171,1131,10,-0.09844825198082856,0.4193235949353148
82,1551985200,953,1082,129,2035,10,-0.26059831406689915,1.8541540070211147
82,1551999600,500,372,0,872,10,-0.758630647616973,0.008238333065600026
82,1552014000,132,65,0,197,10,-0.758630647616973,-1.0631228706489075
82,1552028400,29,140,111,169,10,-0.3300911978180722,-1.1075645205807687
82,1552042800,315,1188,873,1503,10,2.6117742143149223,1.0097626583157546
82,1552057200,482,644,162,1126,10,-0.1331946938564151,0.41138758601891107
82,1552071600,922,1102,180,2024,10,-0.06370181010524201,1.8366947874050263
82,1552086000,422,484,62,906,10,-0.5192662702518213,0.062203193697145595
82,1552100400,193,130,0,323,10,-0.758630647616973,-0.8631354459555328
82,1552114800,29,66,37,95,10,-0.6157841643506727,-1.2250174525435444
82,1552129200,173,565,392,738,10,0.754769931853019,-0.20444670589402075
82,1552143600,406,763,357,1169,10,0.6196448801146268,0.4796372626999834
82,1552158000,555,865,310,1420,10,0.43819123920878594,0.8780249103034522
82,1552172400,338,529,191,867,10,-0.021233936701747336,0.00030232414919626496
82,1552190400,198,139,0,337,10,-0.758630647616973,-0.8409146209896023
82,1552204800,42,88,46,130,10,-0.5810377224750862,-1.169465390128718
82,1552219200,134,461,327,595,10,0.5038234071960049,-0.4314165609031683
82,1552233600,345,664,319,1009,10,0.4729376810843725,0.22568497737506305
82,1552248000,366,514,148,880,10,-0.18724471455177197,0.02093594733184604
82,1552262400,245,211,0,456,10,-0.758630647616973,-0.6520376087791928
82,1552276800,28,22,0,50,10,-0.758630647616973,-1.2964415327911782
82,1552291200,52,294,242,346,10,0.17566256725990978,-0.8266298049400755
82,1552305600,336,1108,772,1444,10,2.221841922155562,0.9161177531021902
82,1552320000,431,544,113,975,10,-0.3223697662901641,0.17172011674351748
82,1552334400,940,911,0,1851,10,-0.758630647616973,1.5621088788974562
82,1552348800,348,117,0,465,11,-0.7797975194366374,-0.5205691696685414
82,1552363200,64,19,0,83,11,-0.7797975194366374,-1.1723178924833528
82,1552377600,54,301,247,355,11,0.26725454891490386,-0.7082455034633823
82,1552392000,363,1137,774,1500,11,2.5012482332115122,1.2452945164920077
82,1552406400,494,633,139,1127,11,-0.19056578866390775,0.6089011300785925
82,1552420800,967,1007,40,1974,11,-0.610234431444485,2.054008900298868
82,1552435200,358,138,0,496,11,-0.7797975194366374,-0.4676785665081771
82,1552449600,41,14,0,55,11,-0.7797975194366374,-1.220090050176585
82,1552464000,53,301,248,354,11,0.2714936261147077,-0.7099516519524264
82,1552478400,371,1139,768,1510,11,2.475813770012689,1.262356001382448
82,1552486161,211,228,17,439,11,-0.7077332070399727,-0.5649290303836856
82,1552492800,460,603,143,1063,11,-0.1736094798646925,0.4997076267797759
82,1552507200,921,1007,86,1928,11,-0.41523688025350974,1.9755260698028434
82,1552521600,316,126,0,442,11,-0.7797975194366374,-0.5598105849165536
82,1552536000,35,8,0,43,11,-0.7797975194366374,-1.2405638320451131
82,1552550400,53,268,215,321,11,0.1316040785211819,-0.7662545520908787
82,1552552006,30,79,49,109,11,-0.5720827366462508,-1.1279580317682085
82,1552564800,329,1073,744,1402,11,2.374075917217398,1.078091964565695
82,1552579200,470,601,131,1071,11,-0.22447840626233823,0.513356814692128
82,1552593600,921,999,78,1920,11,-0.4491494978519402,1.9618768818904913
82,1552608000,328,130,0,458,11,-0.7797975194366374,-0.5325122090918494
82,1552622400,47,13,0,60,11,-0.7797975194366374,-1.2115593077313649
82,1552636800,51,318,267,369,11,0.3520360929109801,-0.6843594246167662
82,1552651200,322,1064,742,1386,11,2.36559776281779,1.0507935887409907
82,1552665600,511,567,56,1078,11,-0.5424091962476241,0.5252998541154361
82,1552680000,885,880,0,1765,11,-0.7797975194366374,1.6974238660886702
82,1552694400,311,367,56,678,11,-0.5424091962476241,-0.15715954150216746
82,1552708800,103,57,0,160,11,-0.7797975194366374,-1.040944458826964
82,1552723200,42,111,69,153,11,-0.4873011926501745,-1.052887498250272
82,1552737600,216,543,327,759,11,0.6063807248992087,-0.018961513889602752
82,1552752000,375,797,422,1172,11,1.0090930588805707,0.6856778120855729
82,1552766400,453,687,234,1140,11,0.2121465453174543,0.6310810604361646
82,1552780800,240,433,193,673,11,0.038344380125498054,-0.16569028394738752
82,1552795200,74,61,0,135,11,-0.7797975194366374,-1.0835981710530642
82,1552809600,29,66,37,95,11,-0.6229516630438965,-1.1518441106148247
82,1552824000,159,534,375,693,11,0.8098564304897916,-0.13156731416650733
82,1552838400,254,617,363,871,11,0.7589875040921459,0.17212711688332624
82,1552852800,276,494,218,770,11,0.14432131012059332,-0.000193880510118655
82,1552867200,169,195,26,364,11,-0.6695815122417383,-0.6928901670619863
82,1552881600,27,22,0,49,11,-0.7797975194366374,-1.230326941110849
82,1552896000,55,304,249,359,11,0.27573270331451144,-0.7014209095072063
82,1552910400,298,1044,746,1342,11,2.3825540716170055,0.9757230552230545
82,1552924800,459,494,35,953,11,-0.6314298174435041,0.312031292984935
82,1552939200,945,801,0,1746,11,-0.7797975194366374,1.665007044796834
82,1552953600,321,119,0,440,12,-0.7383187390126669,-0.5876600959194171
82,1552968000,38,15,0,53,12,-0.7383187390126669,-1.2371349853648654
82,1552982400,61,276,215,337,12,0.1091476666418879,-0.7605177538338388
82,1552996800,363,1148,785,1511,12,2.3559190676795443,1.20972390045287
82,1553011200,441,582,141,1023,12,-0.1825384450717728,0.3907478124699791
82,1553025600,1015,893,0,1908,12,-0.7383187390126669,1.8759810867832138
82,1553040000,346,139,0,485,12,-0.7383187390126669,-0.5121397599373884
82,1553054400,46,13,0,59,12,-0.7383187390126669,-1.2270656072339283
82,1553068800,62,314,252,376,12,0.25499072249871824,-0.6950667959827471
82,1553083200,352,1210,858,1562,12,2.6436634751808583,1.295313614565836
82,1553097600,469,631,162,1100,12,-0.09976265661249073,0.519971498483673
82,1553112000,1006,1016,10,2022,12,-0.6989016968891992,2.06729927127102
82,1553126400,342,185,0,527,12,-0.7383187390126669,-0.441654113020828
82,1553140800,48,14,0,62,12,-0.7383187390126669,-1.2220309181684597
82,1553155200,62,318,256,380,12,0.2707575393481053,-0.688353877228789
82,1553169600,323,1137,814,1460,12,2.470228489837601,1.124134186339904
82,1553184000,471,617,146,1088,12,-0.16282992401003898,0.4998327422217986
82,1553198400,971,951,0,1922,12,-0.7383187390126669,1.899476302422067
82,1553212800,344,182,0,526,12,-0.7383187390126669,-0.4433323427093176
82,1553227200,46,20,0,66,12,-0.7383187390126669,-1.2153179994145016
82,1553241600,44,288,244,332,12,0.2234570887999441,-0.7689089022762865
82,1553256000,323,1120,797,1443,12,2.4032195182277056,1.095604281635582
82,1553270400,479,593,114,1072,12,-0.2889644588051355,0.47298106720596605
82,1553284800,816,899,83,1715,12,-0.41115728938788526,1.5520827569047342
82,1553299200,302,296,0,598,12,-0.7383187390126669,-0.32249980513807136
82,1553313600,78,40,0,118,12,-0.7383187390126669,-1.128050055613046
82,1553328000,36,121,85,157,12,-0.4032738809631917,-1.0625990977619544
82,1553342400,229,542,313,771,12,0.495434679451871,-0.032166069029382606
82,1553356800,404,724,320,1128,12,0.5230266089382983,0.5669619297613798
82,1553371200,404,672,268,1076,12,0.3180579898962665,0.4796939859599242
82,1553385600,249,369,120,618,12,-0.26531423353105493,-0.28893521136828076
82,1553400000,92,55,0,147,12,-0.7383187390126669,-1.0793813946468496
82,1553414400,23,84,61,107,12,-0.49787478205951413,-1.1465105821864308
82,1553428800,175,394,219,569,12,0.12491448349127496,-0.3711684661042678
82,1553443200,241,547,306,788,12,0.4678427499654436,-0.003636164325060586
82,1553457600,301,401,100,702,12,-0.3441483177779902,-0.14796391753516022
82,1553472000,169,176,7,345,12,-0.7107268095262395,-0.7470919163259226
82,1553486400,30,22,0,52,12,-0.7383187390126669,-1.238813215053355
82,1553500800,59,291,232,350,12,0.17615663825178293,-0.7387007678834749
82,1553515200,324,1151,827,1475,12,2.5214706445981085,1.1493076316672468
82,1553529600,403,535,132,938,12,-0.2180137829828937,0.248098288948369
82,1553544000,935,844,0,1779,12,-0.7383187390126669,1.659489456968064
82,1553558400,303,124,0,427,13,-0.7538902780546133,-0.5741723034615122
82,1553572800,29,16,0,45,13,-0.7538902780546133,-1.240647519547209
82,1553587200,60,298,238,358,13,0.3460786636230855,-0.6945565702413894
82,1553601600,341,1144,803,1485,13,2.9573494705470345,1.2717197871632713
82,1553616000,441,577,136,1018,13,-0.12533659709592826,0.45694511200091414
82,1553630400,986,893,0,1879,13,-0.7538902780546133,1.9591313974715556
82,1553644800,301,136,0,437,13,-0.7538902780546133,-0.5567253082760227
82,1553659200,31,14,0,45,13,-0.7538902780546133,-1.240647519547209
82,1553673600,49,284,235,333,13,0.33221350889605566,-0.738174058205113
82,1553688000,378,1092,714,1470,13,2.5460165469784832,1.245549294385037
82,1553702400,524,531,7,1055,13,-0.7215382503582104,0.5214989941872251
82,1553716800,959,883,0,1842,13,-0.7538902780546133,1.8945775152852447
82,1553731200,321,144,0,465,13,-0.7538902780546133,-0.5078737217566522
82,1553745600,42,28,0,70,13,-0.7538902780546133,-1.1970300315834854
82,1553760000,56,253,197,309,13,0.15658821568701134,-0.7800468466502877
82,1553774400,329,960,631,1289,13,2.1624139328639918,0.9297586815276782
82,1553788800,466,549,83,1015,13,-0.3702876639401217,0.4517110134452673
82,1553803200,947,933,0,1880,13,-0.7538902780546133,1.9608760969901045
82,1553817600,347,155,0,502,13,-0.7538902780546133,-0.4433198395703413
82,1553832000,48,15,0,63,13,-0.7538902780546133,-1.2092429282133281
82,1553846400,54,291,237,345,13,0.3414569453807422,-0.7172376639825256
82,1553860800,349,991,642,1340,13,2.2132528335297676,1.0187383569736743
82,1553875200,454,615,161,1069,13,-0.009793641037346463,0.5459247874469103
82,1553889600,779,954,175,1733,13,0.05491041435545935,1.7044052677634096
82,1553904000,288,290,2,578,13,-0.7446468415699268,-0.31072267616062155
82,1553918400,78,45,0,123,13,-0.7538902780546133,-1.1045609571003914
82,1553932800,28,133,105,161,13,-0.2686098626085697,-1.0382623753955316
82,1553947200,218,507,289,725,13,0.5817862939825924,-0.05425184693392667
82,1553961600,365,640,275,1005,13,0.5170822385897865,0.43426401825977784
82,1553976000,401,659,258,1060,13,0.43851302846995094,0.5302224917799698
82,1553990400,240,351,111,591,13,-0.24087955315451007,-0.28804158241948524
82,1554004800,112,53,0,165,13,-0.7538902780546133,-1.0312835773213358
82,1554019200,33,71,38,104,13,-0.578264984845569,-1.1377102479528214
82,1554033600,137,352,215,489,13,0.23977914404919023,-0.4660009333114776
82,1554048000,269,466,197,735,13,0.15658821568701134,-0.03680485174843722
82,1554062400,276,396,120,672,13,-0.19928408897342062,-0.14672092141702073
82,1554076800,169,166,0,335,13,-0.7538902780546133,-0.7346846591680151
82,1554091200,35,24,0,59,13,-0.7538902780546133,-1.216221726287524
82,1554105600,69,283,214,352,13,0.23515742580684695,-0.705024767352683
82,1554120000,343,991,648,1334,13,2.2409831429838274,1.0082701598623807
82,1554134400,439,559,120,998,13,-0.19928408897342062,0.42205112162993524
82,1554148800,1000,796,0,1796,13,-0.7538902780546133,1.814321337431993
82,1554163200,333,189,0,522,14,-0.6537694269324704,-0.43860660717794636
82,1554177600,49,22,0,71,14,-0.6537694269324704,-1.1874876557776093
82,1554192000,54,331,277,385,14,0.4659057553040025,-0.6660937549787309
82,1554206400,354,1166,812,1520,14,2.6284552950026057,1.218562542494922
82,1554220800,433,537,104,970,14,-0.23338596500975134,0.3052929710319184
82,1554235200,998,889,0,1887,14,-0.6537694269324704,1.8279624201802351
82,1554249600,342,226,0,568,14,-0.6537694269324704,-0.36222406120104056
82,1554264000,44,31,0,75,14,-0.6537694269324704,-1.1808456952578783
82,1554278400,55,324,269,379,14,0.43356856592533183,-0.6760566957583273
82,1554292800,375,1158,783,1533,14,2.5112329835049243,1.2401489141840476
82,1554307200,473,541,68,1014,14,-0.37890331721376946,0.3783545367489587
82,1554321600,983,888,0,1871,14,-0.6537694269324704,1.8013945781013114
82,1554336000,370,276,0,646,14,-0.6537694269324704,-0.23270583106628734
82,1554350400,60,26,0,86,14,-0.6537694269324704,-1.1625803038286182
82,1554364800,60,293,233,353,14,0.2880512137213137,-0.7192294391365783
82,1554379200,338,1213,875,1551,14,2.8831106613596376,1.2700377365228368
82,1554393600,467,605,138,1072,14,-0.09595291015040086,0.4746629642850572
82,1554408000,960,968,8,1928,14,-0.6214322375537997,1.8960425155074774
82,1554422400,407,284,0,691,14,-0.6537694269324704,-0.15798377521931434
82,1554436800,93,25,0,118,14,-0.6537694269324704,-1.1094446196707708
82,1554451200,46,300,254,346,14,0.37293633584032426,-0.7308528700461074
82,1554465600,331,1052,721,1383,14,2.2606197658202265,0.9910753946941374
82,1554480000,471,718,247,1189,14,0.3446412951339874,0.6689403094871871
82,1554494400,1202,1000,0,2202,14,-0.6537694269324704,2.3510168111090466
82,1554508800,396,269,0,665,14,-0.6537694269324704,-0.20115651859756542
82,1554523200,107,29,0,136,14,-0.6537694269324704,-1.0795557973319816
82,1554537600,30,114,84,144,14,-0.3142289384564281,-1.0662718762925196
82,1554552000,246,475,229,721,14,0.27188261903197836,-0.10816907132133231
82,1554566400,350,527,177,877,14,0.061690888070618795,0.15086738894817414
82,1554580800,406,487,81,893,14,-0.3263553844734296,0.17743523102709788
82,1554595200,233,267,34,500,14,-0.51633637207312,-0.4751373900364665
82,1554609600,117,50,0,167,14,-0.6537694269324704,-1.0280806033040668
82,1554624000,32,66,34,98,14,-0.51633637207312,-1.1426544222694255
82,1554638400,157,322,165,479,14,0.013185104002612745,-0.5100076827650539
82,1554652800,245,311,66,556,14,-0.38698761455843717,-0.3821499427602334
82,1554667200,264,311,47,575,14,-0.4637884393327801,-0.35060063029151145
82,1554681600,160,125,0,285,14,-0.6537694269324704,-0.8321427679720043
82,1554696000,41,23,0,64,14,-0.6537694269324704,-1.1991110866871384
82,1554710400,55,296,241,351,14,0.3203884030999844,-0.7225504193964438
82,1554724800,356,1094,738,1450,14,2.3293362932499018,1.1023282333996305
82,1554739200,420,528,108,948,14,-0.217217370320416,0.26876218817339825
82,1554753600,938,811,0,1749,14,-0.6537694269324704,1.598814782249518
82,1554768000,348,226,0,574,15,-0.776999800041589,-0.41038439778564284
82,1554782400,63,18,0,81,15,-0.776999800041589,-1.2495528098486017
82,1554796800,73,298,225,371,15,0.18244722862599438,-0.7559243321645083
82,1554811200,419,1150,731,1569,15,2.3401369908739817,1.2832719308201261
82,1554825600,449,624,175,1073,15,-0.030763222189024136,0.4389970172638835
82,1554840000,969,1004,35,1973,15,-0.627752484471076,1.970947465249001
82,1554854400,363,212,0,575,15,-0.776999800041589,-0.40868223062121495
82,1554868800,56,23,0,79,15,-0.776999800041589,-1.2529571441774576
82,1554883200,66,303,237,369,15,0.23361773682159884,-0.7593286664933642
82,1554897600,306,1152,846,1458,15,2.830521027748524,1.0943313755686284
82,1554912000,477,581,104,1058,15,-0.33352206234635046,0.41346450979746485
82,1554926400,1056,1027,0,2083,15,-0.776999800041589,2.158185853336071
82,1554940800,406,231,0,637,15,-0.776999800041589,-0.3031478664266846
82,1554955200,75,19,0,94,15,-0.776999800041589,-1.227424636711039
82,1554969600,81,276,195,357,15,0.05452095813698327,-0.779754672466499
82,1554984000,370,1086,716,1456,15,2.276173855629476,1.0909270412397725
82,1554998400,463,620,157,1083,15,-0.1075189844824308,0.4560186889081626
82,1555012800,944,828,0,1772,15,-0.776999800041589,1.6288118651989916
82,1555027200,384,240,0,624,15,-0.776999800041589,-0.32527603956424744
82,1555041600,56,31,0,87,15,-0.776999800041589,-1.2393398068620343
82,1555056000,68,289,221,357,15,0.1653903925607929,-0.779754672466499
82,1555070400,348,1096,748,1444,15,2.412628544151088,1.0705010352666375
82,1555084800,472,628,156,1100,15,-0.11178319349873117,0.48495553070343705
82,1555099200,833,982,149,1815,15,-0.14163265661283375,1.7020050532693916
82,1555113600,330,343,13,673,15,-0.7215650828296841,-0.2418698485072799
82,1555128000,98,46,0,144,15,-0.776999800041589,-1.1423162784896435
82,1555142400,27,122,95,149,15,-0.3718999434930538,-1.133805442667504
82,1555156800,249,559,310,808,15,0.5449049950115259,-0.012077281309512267
82,1555171200,409,632,223,1041,15,0.17391881059339365,0.3845276680021904
82,1555185600,389,669,280,1058,15,0.4169787245225148,0.41346450979746485
82,1555200000,254,355,101,609,15,-0.34631468939525156,-0.35080854703066605
82,1555214400,118,61,0,179,15,-0.776999800041589,-1.0827404277346668
82,1555228800,34,74,40,108,15,-0.6064314393895741,-1.2035942964090482
82,1555243200,197,441,244,638,15,0.26346719993570145,-0.3014456992622567
82,1555257600,284,510,226,794,15,0.18671143764229475,-0.03590762161150299
82,1555272000,347,526,179,873,15,-0.013706386123822653,0.09856358437830179
82,1555286400,178,167,0,345,15,-0.776999800041589,-0.8001806784396339
82,1555300800,36,29,0,65,15,-0.776999800041589,-1.2767874844794482
82,1555315200,47,322,275,369,15,0.3956576794410129,-0.7593286664933642
82,1555329600,335,1095,760,1430,15,2.463799052346692,1.046670694964647
82,1555344000,429,609,180,1038,15,-0.009442177107522284,0.37942116650890667
82,1555358400,896,928,32,1824,15,-0.6405451115199771,1.7173245577492429
82,1555372800,320,235,0,555,16,-0.8034529536259443,-0.36962485283686153
82,1555387200,45,19,0,64,16,-0.8034529536259443,-1.2063236325028481
82,1555401600,62,332,270,394,16,0.42993178676771077,-0.6439802571672564
82,1555416000,385,1230,845,1615,16,3.056584474643087,1.4366902315744334
82,1555430400,425,597,172,1022,16,-0.01774119307887513,0.4261762268047184
82,1555444800,926,1041,115,1967,16,-0.27812241605086896,2.036523165265731
82,1555459200,358,258,0,616,16,-0.8034529536259443,-0.2656765319414946
82,1555473600,63,18,0,81,16,-0.8034529536259443,-1.1773544283188935
82,1555488000,53,317,264,370,16,0.4025232369811851,-0.684877957191663
82,1555488315,5,13,8,18,16,-0.7669082205772433,-1.284710890882961
82,1555502400,353,1083,730,1436,16,2.5312539370680116,1.1316615522257336
82,1555516800,509,594,85,1103,16,-0.4151651649834973,0.5642059643870909
82,1555531200,954,950,0,1904,16,-0.8034529536259443,1.9291667027016637
82,1555545600,362,300,0,662,16,-0.8034529536259443,-0.18728927356138178
82,1555560000,49,25,0,74,16,-0.8034529536259443,-1.1892829241593454
82,1555574400,58,303,245,361,16,0.31572949599052047,-0.7002145947008155
82,1555588800,359,1078,719,1437,16,2.481004929126048,1.133365623060084
82,1555603200,470,575,105,1045,16,-0.3238033323617451,0.46536985599477476
82,1555617600,884,976,92,1860,16,-0.383188523565884,1.8541875859902515
82,1555632000,395,339,0,734,16,-0.8034529536259443,-0.06459617348816174
82,1555646400,73,38,0,111,16,-0.8034529536259443,-1.1262323032883852
82,1555660800,47,262,215,309,16,0.17868674705789214,-0.78882627808703
82,1555675200,347,891,544,1238,16,1.681588893685716,0.7942555270243785
82,1555689600,476,592,116,1068,16,-0.27355432441978134,0.5045634851848312
82,1555704000,608,767,159,1375,16,-0.07712638428301408,1.0277132313303665
82,1555718400,255,298,43,553,16,-0.6070250134891769,-0.3730329945055621
82,1555732800,88,41,0,129,16,-0.8034529536259443,-1.09555902827008
82,1555747200,27,111,84,138,16,-0.4197332566145849,-1.0802223907609276
82,1555761600,199,495,296,694,16,0.5487021691759887,-0.13275900686217287
82,1555776000,353,584,231,937,16,0.2517762131552939,0.28133020588494473
82,1555790400,376,645,269,1021,16,0.42536369513662314,0.4244721559703681
82,1555804800,231,403,172,634,16,-0.01774119307887513,-0.23500325692318957
82,1555819200,111,47,0,158,16,-0.8034529536259443,-1.046140974073922
82,1555833600,25,66,41,91,16,-0.6161611967513522,-1.1603137199753906
82,1555848000,156,387,231,543,16,0.2517762131552939,-0.3900737028490649
82,1555862400,243,508,265,751,16,0.4070913286122727,-0.035626969304207015
82,1555876800,266,414,148,680,16,-0.1273753922249778,-0.15661599854307678
82,1555891200,176,170,0,346,16,-0.8034529536259443,-0.7257756572160697
82,1555905600,28,20,0,48,16,-0.8034529536259443,-1.2335887658524527
82,1555920000,71,278,207,349,16,0.14214201400919124,-0.7206634447130189
82,1555934400,345,1050,705,1395,16,2.4170516462908216,1.0617946480173721
82,1555948800,494,681,187,1175,16,0.05078018138743903,0.6868990644603109
82,1555963200,1362,769,0,2131,16,-0.8034529536259443,2.3159907820991767
82,1555977600,393,210,0,603,17,-0.7967877739158079,-0.30265136788198865
82,1555992000,34,27,0,61,17,-0.7967877739158079,-1.1501333791588872
82,1556006400,57,312,255,369,17,0.29736099765424007,-0.6685384354812401
82,1556020800,355,1136,781,1491,17,2.554311012735986,1.0858431450587605
82,1556035200,481,590,109,1071,17,-0.3290928088133168,0.4291227673165143
82,1556049600,920,866,0,1786,17,-0.7967877739158079,1.5471110294253383
82,1556064000,376,277,0,653,17,-0.7967877739158079,-0.22447037053172123
82,1556078400,50,30,0,80,17,-0.7967877739158079,-1.1204246001657858
82,1556092800,60,287,227,347,17,0.17721917175635246,-0.7029380743153578
82,1556107200,431,1133,702,1564,17,2.2153394325240887,1.199987401190151
82,1556121600,423,487,64,910,17,-0.5221778861492076,0.17737995584865324
82,1556136000,1228,1638,410,2866,17,0.9624318195889752,3.2358205721911144
82,1556150400,401,291,0,692,17,-0.7967877739158079,-0.16348919259851266
82,1556164800,78,38,0,116,17,-0.7967877739158079,-1.0641342820735933
82,1556179200,65,299,234,364,17,0.20725462823082436,-0.6763565352162668
82,1556193600,331,1219,888,1550,17,3.0134244188457706,1.1780967219320762
82,1556208000,431,775,344,1206,17,0.6792403728296685,0.6402114601622363
82,1556222400,977,961,0,1938,17,-0.7967877739158079,1.7847812613701513
82,1556236800,367,247,0,614,17,-0.7967877739158079,-0.2854515484649298
82,1556251200,84,44,0,128,17,-0.7967877739158079,-1.045370842709529
82,1556264298,35,220,185,255,17,-0.0029935670904789784,-0.8467911094398498
82,1556265600,41,150,109,191,17,-0.3290928088133168,-0.9468627860481921
82,1556280000,321,957,636,1278,17,1.9321479857647823,0.7527920963466214
82,1556294400,502,763,261,1265,17,0.32310567463235884,0.7324650370355519
82,1556308800,817,940,123,1757,17,-0.269021895864373,1.501766050962183
82,1556323200,284,286,2,570,17,-0.7882062149231016,-0.3542508261331651
82,1556337600,92,50,0,142,17,-0.7967877739158079,-1.023480163451454
82,1556352000,34,112,78,146,17,-0.46210697320026384,-1.0172256836634328
82,1556366400,214,457,243,671,17,0.24587164369800252,-0.19632521148562498
82,1556380800,389,607,218,996,17,0.1386021562891743,0.3118512712911132
82,1556395200,384,571,187,955,17,0.00558799190222728,0.2477428534638939
82,1556409600,235,405,170,640,17,-0.06735525953577592,-0.24479742984279076
82,1556424000,102,55,0,157,17,-0.7967877739158079,-1.000025864246374
82,1556438400,23,62,39,85,17,-0.6294473735580358,-1.112606500430759
82,1556452800,139,307,168,446,17,-0.07593681852848218,-0.5481396995618283
82,1556467200,242,479,237,721,17,0.22012696671988374,-0.11814421413535757
82,1556481600,251,428,177,679,17,-0.037319803061304016,-0.18381625190958217
82,1556496000,173,159,0,332,17,-0.7967877739158079,-0.726392373520438
82,1556510400,28,20,0,48,17,-0.7967877739158079,-1.1704604384699568
82,1556524800,65,266,201,331,17,0.0656589048511711,-0.7279559934674433
82,1556539200,335,1074,739,1409,17,2.3740982738891545,0.9576263094043219
82,1556553600,390,588,198,978,17,0.0527865663621117,0.2837061122450169
82,1556568000,943,848,0,1791,17,-0.7967877739158079,1.5549291291603649
82,1556582400,353,200,0,553,18,-0.7249305268882993,-0.40905694644648705
82,1556596800,47,25,0,72,18,-0.7249305268882993,-1.228062737537858
82,1556611200,62,319,257,381,18,0.3145089134985634,-0.7019238821382039
82,1556625600,354,1201,847,1555,18,2.700770663803034,1.297063225432003
82,1556640000,479,696,217,1175,18,0.15272845585080266,0.6500316233223961
82,1556654400,940,870,0,1810,18,-0.7249305268882993,1.731255484742397
82,1556668800,363,285,0,648,18,-0.7249305268882993,-0.2472990459190853
82,1556683200,58,29,0,87,18,-0.7249305268882993,-1.2025220164019526
82,1556697600,82,290,208,372,18,0.11632785288005651,-0.7172483148197473
82,1556712000,396,1178,782,1574,18,2.437877420125423,1.3294148055374833
82,1556726400,499,681,182,1180,18,0.01117055540901204,0.6585451970343645
82,1556740800,952,806,0,1758,18,-0.7249305268882993,1.6427143181379247
82,1556755200,310,271,0,581,18,-0.7249305268882993,-0.3613809336594634
82,1556769600,57,33,0,90,18,-0.7249305268882993,-1.1974138721747714
82,1556784000,68,308,240,376,18,0.2457522189982651,-0.7104374558501724
82,1556798400,360,1200,840,1560,18,2.6724590837146764,1.3055767991439715
82,1556812800,445,621,176,1066,18,-0.01309651323815207,0.4644357164014824
82,1556827200,929,1008,79,1937,18,-0.40541412303397184,1.9475002570263975
82,1556841600,407,323,0,730,18,-0.7249305268882993,-0.10767643704280168
82,1556856000,61,31,0,92,18,-0.7249305268882993,-1.194008442689984
82,1556870400,56,278,222,334,18,0.17295101305677277,-0.7819514750307079
82,1556884800,384,1146,762,1530,18,2.3569871913015428,1.2544953568721604
82,1556899200,573,775,202,1348,18,0.0920607842328924,0.9446012737565066
82,1556913600,864,894,30,1758,18,-0.6035951836524788,1.6427143181379247
82,1556928000,299,217,0,516,18,-0.7249305268882993,-0.472057391915054
82,1556942400,95,67,0,162,18,-0.7249305268882993,-1.0748184107224248
82,1556956800,34,99,65,133,18,-0.4620372832106881,-1.124197138251842
82,1556971200,215,492,277,707,18,0.3953991423224438,-0.14683887611785684
82,1556985600,330,506,176,836,18,-0.01309651323815207,0.0728113256509308
82,1557000000,345,506,161,851,18,-0.07376418485606234,0.09835204678683634
82,1557014400,242,296,54,538,18,-0.5065269090638223,-0.4345976675823926
82,1557028800,102,48,0,150,18,-0.7249305268882993,-1.0952509876311491
82,1557043200,31,60,29,91,18,-0.6076396950936728,-1.1957111574323778
82,1557057600,139,394,255,533,18,0.30641989061617536,-0.4431112412943611
82,1557072000,221,430,209,651,18,0.12037236432125054,-0.2421909016919042
82,1557086400,275,346,71,621,18,-0.437770214563524,-0.29327234396371527
82,1557100800,191,123,0,314,18,-0.7249305268882993,-0.816005769878582
82,1557115200,34,25,0,59,18,-0.7249305268882993,-1.2501980291889763
82,1557129600,73,289,216,362,18,0.14868394440960866,-0.7342754622436842
82,1557144000,329,1091,762,1420,18,2.3569871913015428,1.0671967352088532
82,1557158400,398,607,209,1005,18,0.12037236432125054,0.36057011711546655
82,1557172800,917,883,0,1800,18,-0.7249305268882993,1.7142283373184601
82,1557187200,341,235,0,576,19,-0.8022957140524045,-0.39079207029404434
82,1557201600,55,37,0,92,19,-0.8022957140524045,-1.2064837434573394
82,1557216000,61,309,248,370,19,0.21371792212630006,-0.7379666254007361
82,1557230400,350,1186,836,1536,19,2.6226534788725835,1.2271087690381115
82,1557244800,457,683,226,1140,19,0.12358768020722141,0.5597246728135972
82,1557259200,904,987,83,1891,19,-0.4622588922667897,1.8253950169161484
82,1557273600,350,279,0,629,19,-0.8022957140524045,-0.3014704614559149
82,1557288000,61,24,0,85,19,-0.8022957140524045,-1.2182809370774699
82,1557302400,54,293,239,347,19,0.1768464595230406,-0.7767288330097356
82,1557316800,389,1232,843,1621,19,2.651331283119563,1.3703604058539793
82,1557331200,495,674,179,1169,19,-0.06896329116535566,0.6085987606684228
82,1557345600,921,903,0,1824,19,-0.8022957140524045,1.712479020837758
82,1557360000,389,297,0,686,19,-0.8022957140524045,-0.20540759912056814
82,1557374400,72,34,0,106,19,-0.8022957140524045,-1.1828893562170788
82,1557388800,77,299,222,376,19,0.10720036349466167,-0.7278547451549101
82,1557403200,376,1199,823,1575,19,2.569394699556764,1.2928359906359803
82,1557417600,468,670,202,1138,19,0.02526377993186291,0.5563540460649885
82,1557432000,930,1017,87,1947,19,-0.4458715755542299,1.9197725658771907
82,1557446400,360,282,0,642,19,-0.8022957140524045,-0.2795613875899586
82,1557460800,72,41,0,113,19,-0.8022957140524045,-1.1710921625969486
82,1557475200,63,287,224,350,19,0.11539402185094154,-0.7716728928868226
82,1557489600,356,1041,685,1397,19,2.0040322729734528,0.9928502100098097
82,1557504000,522,739,217,1261,19,0.08671621760396198,0.7636475911044209
82,1557518400,839,985,146,1824,19,-0.2041586540439736,1.712479020837758
82,1557532800,290,301,11,591,19,-0.7572305930928652,-0.36551236967947937
82,1557547200,113,61,0,174,19,-0.8022957140524045,-1.0682880467643845
82,1557561600,36,119,83,155,19,-0.4622588922667897,-1.1003090008761667
82,1557576000,220,478,258,698,19,0.2546862139076994,-0.1851838386289162
82,1557590400,312,602,290,914,19,0.38578474760817744,0.17884385022081886
82,1557604800,332,580,248,912,19,0.21371792212630006,0.1754732234722102
82,1557619200,223,325,102,548,19,-0.38441913788213083,-0.4379808447745655
82,1557633600,83,62,0,145,19,-0.8022957140524045,-1.11716213461921
82,1557648000,21,94,73,115,19,-0.503227184048189,-1.16772153584834
82,1557662400,123,350,227,473,19,0.12768450938536136,-0.5643793478473902
82,1557676800,239,490,251,729,19,0.22600840966071986,-0.132939124025482
82,1557691200,236,360,124,596,19,-0.29428889596305224,-0.3570858028079577
82,1557705600,185,172,0,357,19,-0.8022957140524045,-0.7598756992666923
82,1557720000,42,22,0,64,19,-0.8022957140524045,-1.2536725179378607
82,1557734400,54,300,246,354,19,0.20552426377002017,-0.7649316393896053
82,1557748800,337,1140,803,1477,19,2.4874581159939653,1.127675279954156
82,1557763200,418,667,249,1085,19,0.21781475130443997,0.4670324372268591
82,1557777600,957,892,0,1849,19,-0.8022957140524045,1.7546118551953667
82,1557792000,327,168,0,495,20,-0.8134053551552238,-0.5387236344002218
82,1557806400,45,22,0,67,20,-0.8134053551552238,-1.247713754612418
82,1557820800,62,320,258,382,20,0.23004917644913336,-0.7259102782880212
82,1557835200,414,1222,808,1636,20,2.4544677515747013,1.3513645131748153
82,1557849600,487,714,227,1201,20,0.10467285676023774,0.6307787601554102
82,1557864000,1007,976,0,1983,20,-0.8134053551552238,1.9261765966178805
82,1557878400,395,253,0,648,20,-0.8134053551552238,-0.2852762316140862
82,1557892800,57,26,0,83,20,-0.8134053551552238,-1.2212094510530835
82,1557907200,60,314,254,374,20,0.21387158681185653,-0.7391624300676884
82,1557921600,370,1236,866,1606,20,2.6890428013152157,1.3016689440010631
82,1557936000,488,718,230,1206,20,0.11680604898819538,0.6390613550177022
82,1557950400,903,1034,131,1937,20,-0.2835892945344068,1.8499767238847942
82,1557964800,370,266,0,636,20,-0.8134053551552238,-0.30515445928358703
82,1557979200,69,31,0,100,20,-0.8134053551552238,-1.1930486285212907
82,1557993600,66,287,221,353,20,0.08040647230432246,-0.7739493284893149
82,1558008000,391,1193,802,1584,20,2.430201367118786,1.2652255266069783
82,1558022400,471,759,288,1230,20,0.3513810987287098,0.678817810356704
82,1558036800,919,978,59,1897,20,-0.5747859080053902,1.783715964986458
82,1558051200,415,321,0,736,20,-0.8134053551552238,-0.1395025620377468
82,1558065600,75,30,0,105,20,-0.8134053551552238,-1.1847660336589987
82,1558080000,59,304,245,363,20,0.17747201012798358,-0.7573841387647309
82,1558094400,370,1124,754,1494,20,2.2360702914714636,1.1161388190857222
82,1558108800,541,831,290,1372,20,0.3594698935473482,0.9140435044457971
82,1558123200,810,983,173,1793,20,-0.1137246033429998,1.6114379918507844
82,1558137600,305,291,0,596,20,-0.8134053551552238,-0.37141521818192313
82,1558152000,94,57,0,151,20,-0.8134053551552238,-1.108566160925912
82,1558166400,56,110,54,166,20,-0.5950078950519863,-1.0837183763390361
82,1558180800,227,486,259,713,20,0.23409357385845259,-0.17760249840429004
82,1558195200,329,576,247,905,20,0.18556080494662203,0.14044914430772318
82,1558209600,354,563,209,917,20,0.031873703392491896,0.16032737197722402
82,1558224000,195,349,154,544,20,-0.19056815412006486,-0.45755420474976005
82,1558238400,82,67,0,149,20,-0.8134053551552238,-1.111879198870829
82,1558252800,24,70,46,94,20,-0.6273630743265399,-1.2029877423560411
82,1558267200,171,386,215,557,20,0.056140087848407176,-0.4360194581078008
82,1558281600,254,511,257,765,20,0.22600477903981417,-0.09146351183645313
82,1558296000,245,357,112,602,20,-0.36043284531147185,-0.3614761043471727
82,1558310400,192,178,0,370,20,-0.8134053551552238,-0.745788505957522
82,1558324800,51,24,0,75,20,-0.8134053551552238,-1.2344616028327506
82,1558339200,56,298,242,354,20,0.16533881790002594,-0.7722928095168564
82,1558353600,343,1148,805,1491,20,2.4423345593467434,1.1111692621683469
82,1558368000,385,626,241,1011,20,0.16129442049070675,0.3160401553883138
82,1558382400,882,826,0,1708,20,-0.8134053551552238,1.4706338791918203
82,1558396800,273,242,0,515,21,-0.8010240013023988,-0.3572925224513751
82,1558411200,47,25,0,72,21,-0.8010240013023988,-1.1881617478894808
82,1558425600,51,275,224,326,21,0.21846109126429059,-0.7117717179543142
82,1558440000,360,1166,806,1526,21,2.867301822843814,1.5388898407945053
82,1558454400,447,699,252,1146,21,0.34589672783512676,0.8261803471907124
82,1558468800,920,940,20,1860,21,-0.7099985466089443,2.16532397464626
82,1558483200,344,296,0,640,21,-0.8010240013023988,-0.12284861008170639
82,1558497600,69,20,0,89,21,-0.8010240013023988,-1.156277375807206
82,1558512000,52,290,238,342,21,0.28217890954970865,-0.6817628971709966
82,1558526400,373,1141,768,1514,21,2.6943534589262503,1.516383225207017
82,1558540800,460,704,244,1164,21,0.309486545957745,0.8599402705719448
82,1558555200,886,963,77,1849,21,-0.45057600073259935,2.1446929103577292
82,1558569600,369,291,0,660,21,-0.8010240013023988,-0.0853375841025594
82,1558584000,66,21,0,87,21,-0.8010240013023988,-1.1600284784051207
82,1558598400,59,300,241,359,21,0.2958327277537268,-0.6498785250887216
82,1558612800,337,1193,856,1530,21,3.09486545957745,1.5463920459903346
82,1558627200,432,699,267,1131,21,0.4141658188552176,0.7980470777063522
82,1558641600,872,922,50,1794,21,-0.5734603645687628,2.041537588915075
82,1558656000,345,279,0,624,21,-0.8010240013023988,-0.15285743086502399
82,1558670400,73,45,0,118,21,-0.8010240013023988,-1.1018863881374428
82,1558684800,49,237,188,286,21,0.054615272816072646,-0.7867937699126081
82,1558699200,284,992,708,1276,21,2.421277094845887,1.070002016055168
82,1558713600,540,750,210,1290,21,0.1547432729788725,1.0962597342405709
82,1558728000,645,669,24,1314,21,-0.6917934556702535,1.1412729654155471
82,1558742400,266,281,15,547,21,-0.732754910282308,-0.2972748808847399
82,1558756800,91,62,0,153,21,-0.8010240013023988,-1.0362420926739355
82,1558771200,41,124,83,165,21,-0.423268364324563,-1.0137354770864475
82,1558785600,216,455,239,671,21,0.2867301822843814,-0.06470651981402856
82,1558800000,294,547,253,841,21,0.35044800056979947,0.25413720100872084
82,1558814400,312,567,255,879,21,0.35955054603914494,0.32540815036910015
82,1558828800,191,381,190,572,21,0.06371781828541809,-0.25038609841080617
82,1558843200,79,54,0,133,21,-0.8010240013023988,-1.0737531186530826
82,1558857600,24,78,54,102,21,-0.5552552736300719,-1.1318952089207603
82,1558872000,174,291,117,465,21,-0.2685250913456905,-0.45107008739924254
82,1558886400,213,408,195,621,21,0.08647418195878169,-0.15848408476189604
82,1558900800,257,446,189,703,21,0.05916654555074537,-0.004688878247393374
82,1558915200,150,261,111,411,21,-0.2958327277537268,-0.5523498575429394
82,1558929600,53,41,0,94,21,-0.8010240013023988,-1.1468996193124192
82,1558944000,28,84,56,112,21,-0.5461527281607265,-1.113139695931187
82,1558958400,144,285,141,429,21,-0.1592945457135452,-0.5185899341617072
82,1558972800,219,395,176,614,21,0.0,-0.1716129438545975
82,1558987200,231,376,145,607,21,-0.14108945477485432,-0.18474180294729892
82,1559001600,162,186,24,348,22,-0.678733731309938,-0.725345521890172
82,1559016000,41,23,0,64,22,-0.7773448009496638,-1.2191766511770425
82,1559030400,52,263,211,315,22,0.08961085296625869,-0.7827273080397027
82,1559044800,332,1185,853,1517,22,2.7274569658289236,1.3073607814068409
82,1559059200,433,650,217,1083,22,0.11426362037619013,0.5527033514402853
82,1559073600,845,804,0,1649,22,-0.7773448009496638,1.536887926004964
82,1559088000,271,233,0,504,22,-0.7773448009496638,-0.4540861691832994
82,1559102400,35,21,0,56,22,-0.7773448009496638,-1.2330873872132924
82,1559116800,55,320,265,375,22,0.3114857596556417,-0.6783967877678286
82,1559131200,348,1151,803,1499,22,2.522017237412828,1.2760616253252788
82,1559145600,441,674,233,1115,22,0.18000433346934067,0.6083462955852847
82,1559160000,963,1003,40,1966,22,-0.6129930182167875,2.0881008414413653
82,1559174400,313,229,0,542,22,-0.7773448009496638,-0.3880101730111125
82,1559188800,56,28,0,84,22,-0.7773448009496638,-1.1843998110864178
82,1559203200,61,307,246,368,22,0.23341866285752544,-0.6905686817995473
82,1559217600,328,1138,810,1466,22,2.5507787993910815,1.218679839175748
82,1559232000,459,688,229,1147,22,0.16356915519605303,0.6639892397302842
82,1559246400,930,1040,110,1970,22,-0.32537739843425395,2.0950562094594902
82,1559260800,364,274,0,638,22,-0.7773448009496638,-0.22108134057611403
82,1559275200,57,35,0,92,22,-0.7773448009496638,-1.170489075050168
82,1559289600,62,289,227,351,22,0.1553515660594092,-0.7201289958765783
82,1559304000,348,1114,766,1462,22,2.3699918383849177,1.2117244711576232
82,1559318400,479,739,260,1218,22,0.29094178681403216,0.7874470220520019
82,1559332800,784,860,76,1644,22,-0.4650764137571988,1.5281937159823078
82,1559347200,254,294,40,548,22,-0.6129930182167875,-0.3775771209839251
82,1559361600,109,55,0,164,22,-0.7773448009496638,-1.0452924507239192
82,1559376000,41,132,91,173,22,-0.4034444952323702,-1.029642872683138
82,1559390400,194,423,229,617,22,0.16356915519605303,-0.25759702267126994
82,1559404800,338,550,212,888,22,0.09371964753458059,0.21362916055669456
82,1559419200,312,476,164,788,22,-0.10350249174487096,0.03974496010357113
82,1559433600,205,339,134,544,22,-0.22676632879452818,-0.38453248900205006
82,1559448000,86,55,0,141,22,-0.7773448009496638,-1.0852858168281374
82,1559462400,31,74,43,105,22,-0.6006666345118218,-1.147884128991262
82,1559476800,127,365,238,492,22,0.2005483063109502,-0.47495227323767425
82,1559491200,309,483,174,792,22,-0.062414546061651886,0.04670032812169606
82,1559505600,281,429,148,710,22,-0.1692432048380215,-0.09588471624986515
82,1559520000,174,161,0,335,22,-0.7773448009496638,-0.747950467949078
82,1559534400,39,23,0,62,22,-0.7773448009496638,-1.222654335186105
82,1559548800,52,214,162,266,22,-0.11172008088151478,-0.8679305662617331
82,1559563200,326,1093,767,1419,22,2.3741006329532395,1.13695426496278
82,1559577600,415,589,174,1004,22,-0.062414546061651886,0.4153348330823177
82,1559592000,833,782,0,1615,22,-0.7773448009496638,1.477767297850902
82,1559606400,268,199,0,467,23,-0.8931206311470117,-0.5559588263746698
82,1559620800,48,22,0,70,23,-0.8931206311470117,-1.2629173165190046
82,1559635200,53,310,257,363,23,0.24011636358036811,-0.7411570202663847
82,1559649600,342,1194,852,1536,23,2.8637584330853914,1.347664916608439
82,1559659339,274,475,201,749,23,-0.006814654725987016,-0.053786800629827256
82,1559664000,441,346,0,787,23,-0.8931206311470117,0.013881770215222442
82,1559678400,1194,908,0,2102,23,-0.8931206311470117,2.3555704718268107
82,1559692800,313,249,0,562,23,-0.8931206311470117,-0.38678739926204553
82,1559707200,73,30,0,103,23,-0.8931206311470117,-1.204152504995672
82,1559721600,51,318,267,369,23,0.2842111882779315,-0.7304725090803242
82,1559725981,113,513,400,626,23,0.8706723567555249,-0.2728192799440671
82,1559736000,332,750,418,1082,23,0.9500430412111391,0.5392035701965293
82,1559750400,446,753,307,1199,23,0.4605904870681852,0.7475515383247087
82,1559764800,885,995,110,1880,23,-0.4080775594738141,1.960243557942573
82,1559779200,304,218,0,522,23,-0.8931206311470117,-0.458017473835782
82,1559793600,63,44,0,107,23,-0.8931206311470117,-1.1970294975382985
82,1559808000,54,328,274,382,23,0.3150775655662259,-0.7073227348438599
82,1559822400,353,1173,820,1526,23,2.7226549940531886,1.3298573979650048
82,1559836800,439,733,294,1172,23,0.40326721496135276,0.6994712379874365
82,1559851200,902,1033,131,1935,23,-0.3154784276089309,2.0581849104814607
82,1559865600,356,227,0,583,23,-0.8931206311470117,-0.3493916101108338
82,1559880000,91,39,0,130,23,-0.8931206311470117,-1.1560722046584
82,1559894400,53,325,272,378,23,0.30625860062671323,-0.7144457423012335
82,1559908800,315,1113,798,1428,23,2.625646379718549,1.1553437152593502
82,1559923200,530,773,243,1303,23,0.17838360900377934,0.9327497322164235
82,1559937600,715,874,159,1589,23,-0.19201291845575336,1.4420447654186397
82,1559952000,285,394,109,679,23,-0.41248704194357044,-0.17843943113386618
82,1559966400,100,65,0,165,23,-0.8931206311470117,-1.0937458894063805
82,1559980800,39,144,105,183,23,-0.4301249718225958,-1.061692355848199
82,1559995200,212,488,276,700,23,0.3238965305057386,-0.14104364198265448
82,1560009600,323,614,291,937,23,0.3900387675520837,0.2809945498667344
82,1560024000,370,562,192,932,23,-0.04649999695379409,0.27209079054501734
82,1560038400,228,393,165,621,23,-0.1655560236372153,-0.2817230392657841
82,1560052800,95,61,0,156,23,-0.8931206311470117,-1.1097726561854713
82,1560067200,24,85,61,109,23,-0.6241422004918749,-1.1934679938096115
82,1560081600,158,389,231,547,23,0.12546981936670323,-0.4134986772271967
82,1560096000,225,430,205,655,23,0.01082327515303835,-0.2211774758781081
82,1560110400,258,442,184,700,23,-0.08177585671184483,-0.14104364198265448
82,1560124800,168,239,71,407,23,-0.5800473757943114,-0.6628039382352745
82,1560139200,28,32,4,60,23,-0.8754827012679863,-1.280724835162439
82,1560153600,53,291,238,344,23,0.15633619665499762,-0.7749913056889095
82,1560168000,313,1082,769,1395,23,2.497771388095615,1.0965789037360176
82,1560182400,408,616,208,1024,23,0.024051722562307375,0.43591996206461137
82,1560196800,887,834,0,1721,23,-0.8931206311470117,1.6771040115119702
82,1560211200,290,179,0,469,24,-0.8131687134516475,-0.6849427278178891
82,1560225600,39,33,0,72,24,-0.8131687134516475,-1.361635597974424
82,1560240000,55,327,272,382,24,0.2153929032654662,-0.8332356237967771
82,1560254400,310,1148,838,1458,24,2.3557086204047546,1.0008236414133778
82,1560268800,416,636,220,1052,24,0.018756123598959163,0.3087901268452338
82,1560283200,896,933,37,1829,24,-0.6732540817658638,1.6331990943808194
82,1560297600,297,218,0,515,24,-0.8131687134516475,-0.6065349897141092
82,1560312000,48,29,0,77,24,-0.8131687134516475,-1.3531130177457522
82,1560326400,73,308,235,381,24,0.07547827157968234,-0.8349401398425114
82,1560333085,164,712,548,876,24,1.2590804261107729,0.008795302795989163
82,1560340800,305,733,428,1038,24,0.8053032422649874,0.284926902204953
82,1560355200,408,652,244,1060,24,0.10951156036811627,0.32242625521110857
82,1560369600,891,887,0,1778,24,-0.8131687134516475,1.546268776048368
82,1560384000,356,247,0,603,24,-0.8131687134516475,-0.4565375776894869
82,1560398400,48,41,0,89,24,-0.8131687134516475,-1.33265882519694
82,1560412800,58,285,227,343,24,0.04522645932329665,-0.8997117495804164
82,1560427200,367,1237,870,1604,24,2.4767158694302975,1.249682984090592
82,1560441600,430,614,184,1044,24,-0.11737703155477648,0.295153998479359
82,1560456000,882,1009,127,1891,24,-0.3329211938815246,1.7388790892163488
82,1560470400,370,239,0,609,24,-0.8131687134516475,-0.44631048141508084
82,1560484800,84,29,0,113,24,-0.8131687134516475,-1.2917504400993158
82,1560499200,53,280,227,333,24,0.04522645932329665,-0.9167569100377599
82,1560513600,328,1073,745,1401,24,2.004031302924271,0.9036662268065201
82,1560528000,537,626,89,1163,24,-0.47661730209935665,0.49799140792174607
82,1560542400,753,838,85,1591,24,-0.4917432082275495,1.2275242754960456
82,1561161600,9830,9649,0,19479,25,-0.6692941574048514,4.104096649420411
82,1561176000,90,44,0,134,25,-0.6692941574048514,-0.3383263412590961
82,1561190400,44,97,53,141,25,-0.3624673308002247,-0.33671884780162614
82,1561204800,198,259,61,457,25,-0.31615384753914894,-0.2641520002929818
82,1561219200,276,290,14,566,25,-0.5882455616979689,-0.23912103074094945
82,1561233600,301,350,49,651,25,-0.3856240724307626,-0.2196014673288141
82,1561248000,193,382,189,575,25,0.4248618846380628,-0.23705425343848804
82,1561262400,101,82,0,183,25,-0.6692941574048514,-0.32707388705680634
82,1561276800,29,68,39,97,25,-0.44351592650710725,-0.3468230923914374
82,1561291200,149,299,150,448,25,0.19908365374031858,-0.2662187775954432
82,1561305600,229,366,137,595,25,0.12382424344107053,-0.23246141498857387
82,1561320000,262,385,123,647,25,0.04277564773418799,-0.22052003501879694
82,1561334400,169,247,78,416,25,-0.217737695609363,-0.2735673191153059
82,1561348800,51,23,0,74,25,-0.6692941574048514,-0.35210485660883867
82,1561363200,75,320,245,395,25,0.749056267465593,-0.2783897994877158
82,1561377600,322,1080,758,1402,25,3.7189083815820747,-0.04714038353453601
82,1561392000,421,606,185,1027,25,0.4017051430075249,-0.1332561044704272
82,1561406400,871,773,0,1644,25,-0.6692941574048514,0.008432961709425778
82,1561420800,295,234,0,529,26,-0.820354370225862,-0.5244310886680204
82,1561435200,54,20,0,74,26,-0.820354370225862,-1.341609668613052
82,1561449600,63,225,162,288,26,-0.1526080925590639,-0.9572663365070372
82,1561464000,318,1017,699,1335,26,2.0608471611882853,0.9231423958060359
82,1561478400,456,630,174,1086,26,-0.10314540532448628,0.4759391729350185
82,1561492800,915,876,0,1791,26,-0.820354370225862,1.7421169726300678
82,1561507200,315,264,0,579,26,-0.820354370225862,-0.4346312447180169
82,1561521600,58,40,0,98,26,-0.820354370225862,-1.2985057435170504
82,1561536000,62,329,267,391,26,0.28019042074349043,-0.77227865797003
82,1561550400,382,1112,730,1494,26,2.188625769877611,1.208705899567047
82,1561564800,432,686,254,1118,26,0.2266058429060313,0.5334110730630207
82,1561579200,923,998,75,1921,26,-0.5112125750097518,1.9755965669000768
82,1561593600,352,267,0,619,26,-0.820354370225862,-0.3627913695580141
82,1561608000,94,34,0,128,26,-0.820354370225862,-1.2446258371470484
82,1561622400,57,304,247,361,26,0.197752608685861,-0.8261585643400321
82,1561636800,378,1171,793,1549,26,2.4483048778591434,1.3074857279120509
82,1561651200,490,689,199,1179,26,-9.814025244953649e-05,0.642966882682025
82,1561665600,920,950,30,1870,26,-0.6966976521394179,1.8840007260710732
82,1561680000,370,321,0,691,26,-0.820354370225862,-0.23347959427000908
82,1561694400,91,39,0,130,26,-0.820354370225862,-1.2410338433890482
82,1561708800,51,268,217,319,26,0.07409589059941692,-0.901590433258035
82,1561723200,330,1064,734,1394,26,2.205113332289137,1.02910621166704
82,1561737600,579,722,143,1301,26,-0.23092401401381185,0.8620785019200335
82,1561752000,752,839,87,1591,26,-0.4617498877751742,1.3829175968300538
82,1561766400,265,309,44,574,26,-0.6389911836990774,-0.44361122911301726
82,1561780800,111,71,0,182,26,-0.820354370225862,-1.1476420056810446
82,1561795200,39,118,79,157,26,-0.49472501259822593,-1.1925419276560463
82,1561809600,184,438,254,622,26,0.2266058429060313,-0.35740337892101387
82,1561824000,335,588,253,923,26,0.22248395230314982,0.18319168165800712
82,1561838400,389,563,174,952,26,-0.10314540532448628,0.23527559114900914
82,1561852800,222,356,134,578,26,-0.2680210294397451,-0.43642724159701696
82,1561867200,127,80,0,207,26,-0.820354370225862,-1.1027420837060429
82,1561881600,29,96,67,125,26,-0.5441876998328036,-1.2500138277840487
82,1561896000,202,906,704,1108,26,2.081456614202693,0.51545110427302
82,1561910400,351,823,472,1174,26,1.1251779943341917,0.6339868982870246
82,1561924800,376,604,228,980,26,0.11943668723111309,0.2855635037610111
82,1561939200,322,255,0,577,26,-0.820354370225862,-0.438223238476017
82,1561953600,67,55,0,122,26,-0.820354370225862,-1.2554018184210487
82,1561968000,55,283,228,338,26,0.11943668723111309,-0.8674664925570337
82,1561982400,343,1068,725,1411,26,2.1680163168632034,1.0596381586100412
82,1561996800,412,598,186,1010,26,-0.05368271808990865,0.3394434101310132
82,1562011200,817,789,0,1606,26,-0.820354370225862,1.4098575500150548
82,1562025600,286,264,0,550,27,-0.810860404372303,-0.22193299057092017
82,1562040000,64,34,0,98,27,-0.810860404372303,-1.168076240738975
82,1562054400,57,281,224,338,27,0.3362936834975656,-0.6656992937470875
82,1562068800,359,1166,807,1525,27,3.321967046123161,1.818973356583623
82,1562083200,409,718,309,1127,27,0.7715976900553283,0.9858649194887429
82,1562097600,895,764,0,1659,27,-0.810860404372303,2.099467151987427
82,1562112000,306,252,0,558,27,-0.810860404372303,-0.20518709233785723
82,1562126400,50,34,0,84,27,-0.810860404372303,-1.1973815626468352
82,1562140800,46,311,265,357,27,0.546263851366604,-0.6259277854435631
82,1562155200,305,970,665,1275,27,2.5947532939913693,1.2956640368004069
82,1562169600,543,713,170,1256,27,0.059747608743222276,1.2558925284968825
82,1562184000,753,721,0,1474,27,-0.810860404372303,1.7122182553478469
82,1562198400,210,257,47,467,27,-0.5701628948638932,-0.3956716847389479
82,1562212800,82,50,0,132,27,-0.810860404372303,-1.0969061732484577
82,1562227200,31,88,57,119,27,-0.518950658798274,-1.124118257877185
82,1562241600,168,267,99,435,27,-0.3038592673226736,-0.4626552776711996
82,1562256000,231,399,168,630,27,0.04950516153009845,-0.05447400824029097
82,1562270400,250,435,185,685,27,0.13656596284165098,0.060654042112016596
82,1562284800,164,218,54,382,27,-0.5343143296179597,-0.5735968534652415
82,1562299200,38,49,11,87,27,-0.754526944700122,-1.1911018508094366
82,1562313600,32,176,144,208,27,-0.07340420502738748,-0.93782014003436
82,1562328000,247,583,336,830,27,0.9098707274325,0.364173447586282
82,1562342400,318,563,245,881,27,0.4438393792353658,0.4709285488220581
82,1562356800,391,604,213,995,27,0.27996022382538455,0.7095575986432047
82,1562371200,211,291,80,502,27,-0.40116251584734997,-0.32240837996929766
82,1562385600,219,88,0,307,27,-0.810860404372303,-0.7305896494002063
82,1562400000,39,125,86,164,27,-0.3704351742079785,-1.029922580316206
82,1562414400,234,390,156,624,27,-0.011949521748644514,-0.06703343191508816
82,1562428800,314,570,256,884,27,0.5001728389075468,0.4772082606594567
82,1562443200,317,534,217,851,27,0.3004451182516322,0.40813143044807215
82,1562457600,178,366,188,544,27,0.15192963366133672,-0.23449241424571735
82,1562472000,95,93,0,188,27,-0.810860404372303,-0.9796848856170173
82,1562486400,37,66,29,103,27,-0.6623449197820076,-1.1576100543433108
82,1562500800,191,351,160,542,27,0.008535372677603141,-0.23867888880398308
82,1562515200,294,424,130,718,27,-0.14510133551925428,0.12973087232340114
82,1562529600,307,426,119,733,27,-0.2014347951914353,0.1611294315103941
82,1562544000,205,263,58,468,27,-0.5138294351917121,-0.3935784474598151
82,1562558400,38,29,0,67,27,-0.810860404372303,-1.232966596392094
82,1562572800,56,305,249,361,27,0.46432427366161344,-0.6175548363270316
82,1562587200,321,1144,823,1465,27,3.403906623828152,1.6933791198356511
82,1562601600,419,519,100,938,27,-0.2987380437161117,0.5902430737326314
82,1562616000,1112,830,0,1942,27,-0.810860404372303,2.6918533019820274
82,1562630400,377,178,0,555,28,-0.71451925182855,-0.3936049103821796
82,1562644800,52,35,0,87,28,-0.71451925182855,-1.2049236870421185
82,1562659200,52,334,282,386,28,0.41761983711343315,-0.6865811352871576
82,1562673600,350,1209,859,1559,28,2.7340888240621006,1.3469165677515353
82,1562688000,424,571,147,995,28,-0.12436164163538857,0.36917342664853214
82,1562702400,935,920,0,1855,28,-0.71451925182855,1.8600583581176506
82,1562716800,283,192,0,475,28,-0.71451925182855,-0.5322918807514
82,1562731200,60,18,0,78,28,-0.71451925182855,-1.2205259712086558
82,1562745600,70,317,247,387,28,0.27710612040077565,-0.6848475481575423
82,1562748923,88,216,128,304,28,-0.20064051642225977,-0.8287352799156084
82,1562760000,390,1183,793,1573,28,2.469120101118232,1.371186787566149
82,1562774400,458,605,147,1063,28,-0.12436164163538857,0.4870573514623694
82,1562788800,937,1024,87,1961,28,-0.3652422988570871,2.0438185938568676
82,1562803200,315,229,0,544,28,-0.71451925182855,-0.4126743688079474
82,1562817600,68,31,0,99,28,-0.71451925182855,-1.1841206414867353
82,1562832000,61,321,260,382,28,0.329296929465477,-0.6935154838056186
82,1562846400,346,1220,874,1566,28,2.794308988367525,1.3590516776588422
82,1562860800,471,678,207,1149,28,0.11651901558630996,0.6361458446092813
82,1562875200,979,997,18,1976,28,-0.6422550546620405,2.069822400801096
82,1562889600,353,221,0,574,28,-0.71451925182855,-0.3606667549194898
82,1562904000,80,42,0,122,28,-0.71451925182855,-1.1442481375055846
82,1562918400,55,299,244,354,28,0.26506208753969074,-0.7420559234348457
82,1562932800,338,1112,774,1450,28,2.392841226331361,1.1579555706234728
82,1562947200,554,713,159,1267,28,-0.07618551019104886,0.8407091259038812
82,1562961600,742,848,106,1590,28,-0.2889634240702159,1.4006577687696082
82,1562976000,311,339,28,650,28,-0.602108278458424,-0.22891413306873049
82,1562990400,132,62,0,194,28,-0.71451925182855,-1.0194298641732864
82,1563004800,44,153,109,197,28,-0.27691939120913095,-1.0142291027844406
82,1563019200,267,465,198,732,28,0.08038691700305518,-0.08675998844027967
82,1563033600,389,605,216,994,28,0.15265111416956476,0.36743983951891684
82,1563048000,384,592,208,976,28,0.12053369320667161,0.3362352711858423
82,1563062400,296,222,0,518,28,-0.71451925182855,-0.457747634177944
82,1563076800,108,45,0,153,28,-0.71451925182855,-1.0905069364875117
82,1563091200,33,71,38,104,28,-0.5619615022548076,-1.1754527058386592
82,1563105600,155,336,181,491,28,0.01213739745690727,-0.5045544866775559
82,1563120000,331,461,130,792,28,-0.19261116118153648,0.01725523933663557
82,1563134400,293,388,95,681,28,-0.333124877894194,-0.17517293205065762
82,1563148800,186,179,0,365,28,-0.71451925182855,-0.7229864650090779
82,1563163200,34,28,0,62,28,-0.71451925182855,-1.2482633652825
82,1563177600,55,290,235,345,28,0.22892998895643596,-0.7576582076013829
82,1563192000,343,1130,787,1473,28,2.4450320353960624,1.1978280746046235
82,1563206400,418,514,96,932,28,-0.3291102002738323,0.2599574374827711
82,1563220800,827,791,0,1618,28,-0.71451925182855,1.4491982083988353
82,1563235200,273,183,0,456,29,-0.7423093707475098,-0.5019669828503399
82,1563249600,45,36,0,81,29,-0.7423093707475098,-1.1353067232887646
82,1563264000,59,324,265,383,29,0.3622231555118196,-0.6252571189890199
82,1563278400,312,1112,800,1424,29,2.5921284443749943,1.132894000468047
82,1563292800,462,649,187,1111,29,0.03711546853737546,0.6042664304487751
82,1563307200,958,977,19,1935,29,-0.6631164726383504,1.9959249534388066
82,1563321600,283,205,0,488,29,-0.7423093707475098,-0.447921991666261
82,1563336000,55,30,0,85,29,-0.7423093707475098,-1.1285510993907546
82,1563350400,53,298,245,351,29,0.278862210133757,-0.6793021101730988
82,1563364800,356,1239,883,1595,29,2.938076367693954,1.4216969221079685
82,1563379200,475,618,143,1093,29,-0.14627861129436226,0.5738661229077308
82,1563393600,949,1006,57,1955,29,-0.5047306764200314,2.029703072928856
82,1563408000,357,219,0,576,29,-0.7423093707475098,-0.299298265910044
82,1563422400,63,20,0,83,29,-0.7423093707475098,-1.1319289113397597
82,1563436800,59,289,230,348,29,0.21634150110021005,-0.6843688280966062
82,1563451200,367,1217,850,1584,29,2.8005308078201505,1.4031189563884414
82,1563465600,420,586,166,1006,29,-0.05041352410959026,0.42693130312601624
82,1563480000,867,962,95,1829,29,-0.3463448802017125,1.8169009201415454
82,1563494400,310,286,0,596,29,-0.7423093707475098,-0.2655201464199947
82,1563508800,73,61,0,134,29,-0.7423093707475098,-1.0457947066401339
82,1563523200,50,291,241,341,29,0.2621900210581445,-0.6961911699181235
82,1563537600,353,1044,691,1397,29,2.137811292064553,1.0872935391564804
82,1563552000,520,639,119,1159,29,-0.24631174574803735,0.6853339172248935
82,1563566400,822,916,94,1738,29,-0.35051292747061563,1.6632104764618212
82,1563580800,240,311,71,551,29,-0.44637801465538757,-0.34152091527260564
82,1563595200,85,50,0,135,29,-0.7423093707475098,-1.0441058006656314
82,1563609600,29,121,92,150,29,-0.3588490220084219,-1.0187722110480943
82,1563624000,174,421,247,595,29,0.28719830467156326,-0.26720905239449716
82,1563638400,301,436,135,737,29,-0.1796229894455873,-0.02738440401514704
82,1563652800,255,403,148,658,29,-0.1254383749498466,-0.16080797600084182
82,1563667200,182,305,123,487,29,-0.22963955667242483,-0.44961089764076345
82,1563681600,67,79,12,146,29,-0.6922928035206722,-1.0255278349461043
82,1563696000,22,71,49,93,29,-0.5380750545712565,-1.1150398515947348
82,1563710400,128,306,178,434,29,-0.0003969568827527072,-0.5391229142893942
82,1563724800,179,328,149,507,29,-0.12127032768094347,-0.4158327781507142
82,1563739200,219,317,98,536,29,-0.3338407383950031,-0.36685450489014265
82,1563753600,132,172,40,304,29,-0.5755874799913846,-0.7586806909747147
82,1563768000,30,21,0,51,29,-0.7423093707475098,-1.1859739025238385
82,1563782400,59,251,192,310,29,0.05795570488189111,-0.7485472551276999
82,1563796800,323,1041,718,1364,29,2.2503485683249376,1.031559641997899
82,1563811200,413,556,143,969,29,-0.14627861129436226,0.364441782069425
82,1563825600,954,906,0,1860,29,-0.7423093707475098,1.8692570053511217
82,1563840000,251,154,0,405,30,-0.793401209768765,-0.6412345045186799
82,1563854400,44,25,0,69,30,-0.793401209768765,-1.2392849524578518
82,1563868800,57,298,241,355,30,0.2266428706681001,-0.7302301068905804
82,1563883200,334,1173,839,1507,30,2.7577066055280395,1.3202285717580087
82,1563897600,445,611,166,1056,30,-0.09079823320229362,0.5174882383634656
82,1563912000,878,931,53,1809,30,-0.5690761630336868,1.8577620100842882
82,1563926400,322,238,0,560,30,-0.793401209768765,-0.3653481371657881
82,1563940800,59,54,0,113,30,-0.793401209768765,-1.1609688223705792
82,1563955200,62,320,258,382,30,0.29859618754538936,-0.6821724816097542
82,1563969600,332,1142,810,1474,30,2.634962712031487,1.2614914741925543
82,1563984000,442,682,240,1124,30,0.22241032261649485,0.6385222575892503
82,1563998400,917,976,59,1893,30,-0.5436808747240554,2.0072746220690814
82,1564012800,343,313,0,656,30,-0.793401209768765,-0.194476580611739
82,1564027200,70,30,0,100,30,-0.793401209768765,-1.1841076789872733
82,1564041600,63,286,223,349,30,0.15045700573920562,-0.7409095791752085
82,1564056000,354,1124,770,1478,30,2.465660789967277,1.2686111223823064
82,1564070400,438,695,257,1133,30,0.2943636394937841,0.6545414660161925
82,1564084800,824,1067,243,1891,30,0.2351079667713106,2.003714797974205
82,1564099200,347,306,0,653,30,-0.793401209768765,-0.19981631675405304
82,1564113600,69,42,0,111,30,-0.793401209768765,-1.1645286464654552
82,1564128000,53,255,202,308,30,0.06157349665549537,-0.813885973120167
82,1564142400,342,1030,688,1372,30,2.1185918497356466,1.0799404453538772
82,1564156800,517,671,154,1188,30,-0.1415888098215566,0.752436628625283
82,1564171200,730,881,151,1611,30,-0.15428645397637236,1.505339424691562
82,1564185600,265,300,35,565,30,-0.6452620279625813,-0.35644857692859805
82,1564200000,88,76,0,164,30,-0.793401209768765,-1.0701933079512407
82,1564214400,37,139,102,176,30,-0.3616813085050296,-1.0488343633819845
82,1564228800,210,432,222,642,30,0.14622445768760037,-0.21939534927587118
82,1564243200,349,520,171,869,30,-0.06963549294426737,0.18464468549255741
82,1564257600,315,478,163,793,30,-0.10349587735710936,0.049371369887268556
82,1564272000,199,368,169,567,30,-0.07810058904747787,-0.352888752833722
82,1564286400,83,80,0,163,30,-0.793401209768765,-1.0719732199986787
82,1564300800,23,83,60,106,30,-0.53944832667245,-1.1734282067026454
82,1564315200,167,299,132,466,30,-0.2347048669568721,-0.5326598696249611
82,1564329600,251,403,152,654,30,-0.1500539059247671,-0.19803640470661504
82,1564344000,253,351,98,604,30,-0.37861150071145055,-0.2870320070785156
82,1564358400,168,194,26,362,30,-0.6833549604270286,-0.7177707225585144
82,1564372800,31,30,0,61,30,-0.793401209768765,-1.253524248837356
82,1564387200,58,299,241,357,30,0.2266428706681001,-0.7266702827957044
82,1564401600,305,1102,797,1407,30,2.579939587360619,1.1422373670142076
82,1564416000,396,547,151,943,30,-0.15428645397637236,0.31635817700297025
82,1564430400,833,812,0,1645,30,-0.793401209768765,1.5658564343044543
82,1564444800,257,215,0,472,31,-0.7980147509404284,-0.667586823149879
82,1564459200,41,38,0,79,31,-0.7980147509404284,-1.2949335319223867
82,1564473600,62,297,235,359,31,0.06685903754996668,-0.8479689556976993
82,1564488000,355,1202,847,1557,31,2.31921120161857,1.0644009097207843
82,1564502400,428,602,174,1030,31,-0.15764011605817843,0.223149725183605
82,1564516800,931,942,11,1873,31,-0.7575312970110908,1.5688323600315028
82,1564531200,320,238,0,558,31,-0.7980147509404284,-0.5303048461665822
82,1564545600,44,22,0,66,31,-0.7980147509404284,-1.3156854586756757
82,1564560000,59,286,227,345,31,0.037416525601357484,-0.8703171845089337
82,1564574400,355,1142,787,1497,31,2.098392362004001,0.9686227862440656
82,1564588800,458,675,217,1133,31,0.00061338566559599,0.3875688371519721
82,1564603200,960,1069,109,2029,31,-0.3968605256406281,1.8178554810709715
82,1564617600,298,248,0,546,31,-0.7980147509404284,-0.549460470861926
82,1564632000,50,52,2,102,31,-0.7906541229532762,-1.2582185845896445
82,1564646400,50,282,232,332,31,0.05581809556923823,-0.8910691112622228
82,1564660800,306,1132,826,1438,31,2.2419246077534707,0.8744409648252922
82,1564675200,434,622,188,1056,31,-0.10611572014811234,0.26465357869018313
82,1564689600,847,993,146,1840,31,-0.2606889078783106,1.5161543921193077
82,1564704000,311,249,0,560,31,-0.7980147509404284,-0.5271122420506916
82,1564718400,59,41,0,100,31,-0.7980147509404284,-1.261411188705535
82,1564732800,46,277,231,323,31,0.05213778157566208,-0.9054358297837305
82,1564747200,329,1020,691,1349,31,1.7450822186206907,0.7323700816681595
82,1564761600,491,678,187,1169,31,-0.1097960341416885,0.44503571123800334
82,1564776000,729,823,94,1552,31,-0.4520652355442704,1.0564193994310578
82,1565395200,9819,9620,0,19439,32,-1.0008092064627934,4.106074726736269
82,1565409600,101,58,0,159,32,-1.0008092064627934,-0.33674482943003214
82,1565424000,37,127,90,164,32,-0.40386115253432314,-0.3355926459351758
82,1565438400,174,470,296,644,32,0.9624866153463979,-0.2249830304289608
82,1565452800,285,534,249,819,32,0.6507470760726412,-0.18465660810898663
82,1565467200,284,523,239,807,32,0.5844195145250333,-0.18742184849664198
82,1565481600,195,367,172,562,32,0.14002485215606097,-0.24387883974460586
82,1565496000,84,52,0,136,32,-1.0008092064627934,-0.34204487350637164
82,1565510400,31,83,52,114,32,-0.6559058864152328,-0.3471144808837398
82,1565524800,143,328,185,471,32,0.22625068216795113,-0.26484857935099243
82,1565539200,248,431,183,679,32,0.21298516985842955,-0.21691774596496596
82,1565553600,272,423,151,695,32,0.0007369729060845522,-0.21323075878142547
82,1565568000,153,248,95,401,32,-0.3706973717605192,-0.2809791482789821
82,1565582400,32,37,5,69,32,-0.9676454256889896,-0.35748413233744747
82,1565596800,51,264,213,315,32,0.411967854501253,-0.3007967043905123
82,1565611200,308,949,641,1257,32,3.2507874887388675,-0.08372533395956547
82,1565625600,370,495,125,865,32,-0.17171468711769577,-0.17405651995630766
82,1565640000,775,795,20,1570,32,-0.8681540833675778,-0.011598647181554468
82,1565654400,254,217,0,471,33,-0.7676961094512447,-0.49147644857068
82,1565668800,39,17,0,56,33,-0.7676961094512447,-1.2759484722508039
82,1565683200,57,268,211,325,33,0.22752374455064686,-0.7674593773834465
82,1565697600,315,1128,813,1443,33,3.066966171608176,1.3458893514704775
82,1565712000,443,567,124,1010,33,-0.1828275696586639,0.527392035196999
82,1565726400,935,923,0,1858,33,-0.7676961094512447,2.1303613751506014
82,1565740800,292,183,0,475,33,-0.7676961094512447,-0.4839152724388234
82,1565755200,50,29,0,79,33,-0.7676961094512447,-1.2324717094926283
82,1565769600,51,291,240,342,33,0.36430751595375044,-0.7353243788230558
82,1565784000,368,1086,718,1454,33,2.618881403218699,1.3666825858330833
82,1565798400,441,603,162,1044,33,-0.0035936623028729876,0.5916620323177801
82,1565812800,842,916,74,1758,33,-0.41866165828470453,1.941331971854186
82,1565827200,311,208,0,519,33,-0.7676961094512447,-0.4007423349884006
82,1565841600,60,38,0,98,33,-0.7676961094512447,-1.1965561228663093
82,1565856000,58,270,212,328,33,0.23224042632316766,-0.761788495284554
82,1565870400,332,955,623,1287,33,2.170796634829222,1.0510034823280696
82,1565884800,399,585,186,984,33,0.10960670023762653,0.47824439033993094
82,1565899200,909,908,0,1817,33,-0.7676961094512447,2.052859319799071
82,1565913600,289,234,0,523,33,-0.7676961094512447,-0.393181158856544
82,1565928000,49,66,17,115,33,-0.6875125193183909,-1.1644211243059188
82,1565942400,58,244,186,302,33,0.10960670023762653,-0.810936140141622
82,1565956800,314,933,619,1247,33,2.1519299077391385,0.9753917210095033
82,1565971200,444,563,119,1007,33,-0.20641097852126794,0.5217211530981064
82,1565985600,677,652,0,1329,33,-0.7676961094512447,1.130395831712564
82,1566000000,249,290,41,539,33,-0.5743121567778914,-0.36293645432911753
82,1566014400,93,74,0,167,33,-0.7676961094512447,-1.0661258345917828
82,1566028800,45,141,96,186,33,-0.31489465928924665,-1.0302102479654638
82,1566043200,225,410,185,635,33,0.1048900184651057,-0.18146822716455877
82,1566057600,370,523,153,893,33,-0.046043798255560306,0.30622763334019293
82,1566072000,336,507,171,843,33,0.03885647364981433,0.21171293169198524
82,1566086400,202,381,179,583,33,0.07658992782998084,-0.2797635168786948
82,1566100800,83,54,0,137,33,-0.7676961094512447,-1.1228346555807074
82,1566115200,42,79,37,121,33,-0.5931788838679746,-1.153079360108134
82,1566129600,173,331,158,504,33,-0.02246038939295624,-0.4290967454828629
82,1566144000,267,462,195,729,33,0.15205683619031385,-0.0037805880659283076
82,1566158400,267,398,131,665,33,-0.1498107972510182,-0.12475940617563415
82,1566172800,172,210,38,382,33,-0.5884622020954539,-0.6597126175044897
82,1566187200,36,45,9,81,33,-0.7252459734985574,-1.2286911214267
82,1566201600,57,307,250,364,33,0.4114743336789586,-0.6937379100978445
82,1566216000,349,1022,673,1371,33,2.4066307234552626,1.2097881810970585
82,1566230400,412,628,216,1040,33,0.2511071534132509,0.5841008561859236
82,1566244800,883,708,0,1591,33,-0.7676961094512447,1.6256528683491722
82,1566259200,264,197,0,461,34,-0.7801472114279353,-0.508880091871334
82,1566273600,58,22,0,80,34,-0.7801472114279353,-1.2206272494733867
82,1566288000,57,196,139,253,34,-0.19646152383133317,-0.8974454692498824
82,1566302400,346,1170,824,1516,34,2.6799751380655916,1.4619683366592844
82,1566316800,428,662,234,1090,34,0.20246034898648846,0.6661565541436035
82,1566331200,904,830,0,1734,34,-0.7801472114279353,1.869214741796417
82,1566345600,244,152,0,396,34,-0.7801472114279353,-0.6303067723021304
82,1566360000,45,36,0,81,34,-0.7801472114279353,-1.2187591466975283
82,1566374400,49,272,223,321,34,0.15626939529179332,-0.7704144804915108
82,1566388800,291,1132,841,1423,34,2.7513611574119383,1.2882347785044528
82,1566403200,442,636,194,1078,34,0.034493244642142505,0.6437393208333027
82,1566417600,759,887,128,1646,34,-0.2426524775260283,1.7048216975208772
82,1566432000,243,152,0,395,34,-0.7801472114279353,-0.6321748750779888
82,1566446400,36,16,0,52,34,-0.7801472114279353,-1.272934127197422
82,1566460800,50,286,236,336,34,0.21085870420370575,-0.7423929388536347
82,1566475200,338,1125,787,1463,34,2.5246055665470712,1.362958889538789
82,1566489600,470,642,172,1112,34,-0.057888662747247764,0.7072548152124885
82,1566504000,803,872,69,1675,34,-0.4904039564339386,1.758996678020771
82,1566518400,299,158,0,457,34,-0.7801472114279353,-0.5163525029747675
82,1566532800,44,17,0,61,34,-0.7801472114279353,-1.2561212022146964
82,1566547200,46,252,206,298,34,0.08488337594544629,-0.8133808443362541
82,1566561600,291,994,703,1285,34,2.171874647423945,1.0304365954359926
82,1566576000,467,732,265,1199,34,0.3326348548533566,0.8697797567121698
82,1566590400,686,734,48,1420,34,-0.5785866862147202,1.2826304701768776
82,1566604800,267,353,86,620,34,-0.41901793708759155,-0.21185175050984736
82,1566619200,85,77,0,162,34,-0.7801472114279353,-1.0674428218529974
82,1566633600,49,144,95,193,34,-0.3812253386101137,-1.0095316358013868
82,1566648000,270,513,243,783,34,0.2402529474639663,0.09264900195507281
82,1566662400,322,560,238,882,34,0.21925705942092305,0.277591176765055
82,1566676800,301,537,236,838,34,0.21085870420370575,0.19539465462728514
82,1566691200,241,395,154,636,34,-0.13347385970220343,-0.18196210609611288
82,1566705600,83,82,0,165,34,-0.7801472114279353,-1.0618385135254222
82,1566720000,40,81,41,121,34,-0.6079809294749807,-1.144035035663192
82,1566734400,192,314,122,506,34,-0.2678475431776802,-0.42481546695770567
82,1566748800,241,461,220,702,34,0.1436718624659674,-0.05866732288945808
82,1566763200,284,363,79,647,34,-0.4484121803478521,-0.16141297556167042
82,1566777600,168,229,61,397,34,-0.5239973773028078,-0.6284386695262719
82,1566792000,28,35,7,63,34,-0.7507529681676748,-1.2523849966629796
82,1566806400,50,243,193,293,34,0.030294067033533857,-0.8227213582155462
82,1566820800,327,1094,767,1421,34,2.4406220143748985,1.2844985729527358
82,1566835200,392,584,192,976,34,0.02609488942492521,0.4531928376957452
82,1566849600,820,746,0,1566,34,-0.7801472114279353,1.5553734754522048
82,1566864000,266,212,0,478,35,-0.6030525541801008,-0.24372729759799994
82,1566878400,45,41,0,86,35,-0.6030525541801008,-1.0054445010250064
82,1566892800,47,293,246,340,35,0.5765648236670786,-0.5118828437024053
82,1566907200,345,1132,787,1477,35,3.1707640164122983,1.6974856774621518
82,1566921600,445,611,166,1056,35,0.19294941623710157,0.8794169462305964
82,1566936000,880,899,19,1779,35,-0.5119438949154813,2.284318829081937
82,1566950400,266,250,0,516,35,-0.6030525541801008,-0.16988736461272888
82,1566964800,50,35,0,85,35,-0.6030525541801008,-1.0073876571561977
82,1566979200,48,270,222,318,35,0.46148020143808555,-0.5546322785886149
82,1566993600,325,1123,798,1448,35,3.2235111349339203,1.6411341496576028
82,1567008000,460,611,151,1071,35,0.12102152734398088,0.9085642881984666
82,1567022400,885,884,0,1769,35,-0.6030525541801008,2.264887267770024
82,1567036800,297,274,0,571,35,-0.6030525541801008,-0.06301377739720501
82,1567051200,45,33,0,78,35,-0.6030525541801008,-1.020989750074537
82,1567065600,56,252,196,308,35,0.33680519402334297,-0.5740638399005282
82,1567080000,335,1079,744,1414,35,2.9645707349186856,1.5750668411970972
82,1567094400,419,639,220,1058,35,0.4518898162523361,0.8833032584929791
82,1567108800,805,750,0,1555,35,-0.6030525541801008,1.8490518556950766
82,1567123200,296,299,3,595,35,-0.5886669764014767,-0.01637803024861278
82,1567137600,60,36,0,96,35,-0.6030525541801008,-0.986012939713093
82,1567152000,56,249,193,305,35,0.3224196162447189,-0.5798933082941022
82,1567166400,294,845,551,1139,35,2.0390985644938664,1.040698905119478
82,1567180800,550,670,120,1220,35,-0.027629443035135242,1.1980945517459767
82,1567195200,548,694,146,1242,35,0.09704556437960732,1.2408439866321863
82,1567209600,189,144,0,333,35,-0.6030525541801008,-0.5254849366207447
82,1567224000,62,32,0,94,35,-0.6030525541801008,-0.9898992519754757
82,1567238400,26,79,53,105,35,-0.34890734675774104,-0.9685245345323709
82,1567252800,142,263,121,405,35,-0.022834250442260527,-0.385577695174968
82,1567267200,238,309,71,547,35,-0.2625938800859962,-0.10964952454579725
82,1567281600,279,305,26,584,35,-0.4783775467653583,-0.037752747691717554
82,1567296000,153,141,0,294,35,-0.6030525541801008,-0.6012680257372071
82,1567310400,61,42,0,103,35,-0.6030525541801008,-0.9724108467947536
82,1567324800,19,55,36,74,35,-0.4304256208366112,-1.0287623745993026
82,1567339200,133,220,87,353,35,-0.1858707986000008,-0.48662181399691784
82,1567353600,172,267,95,439,35,-0.14750925785700308,-0.3195103867144623
82,1567368000,257,216,0,473,35,-0.6030525541801008,-0.2534430782539566
82,1567382400,154,110,0,264,35,-0.6030525541801008,-0.6595627096729474
82,1567396800,26,17,0,43,35,-0.6030525541801008,-1.089000214666234
82,1567411200,23,59,36,82,35,-0.4304256208366112,-1.0132171255497717
82,1567425600,102,198,96,300,35,-0.14271406526412836,-0.589609088950059
82,1567440000,193,262,69,455,35,-0.27218426527174566,-0.2884198886154008
82,1567454400,181,211,30,392,35,-0.4591967763938595,-0.4108387248804554
82,1567468800,112,94,0,206,36,-0.7106836853924247,-0.9109801298909193
82,1567483200,28,19,0,47,36,-0.7106836853924247,-1.1865645152776263
82,1567497600,53,269,216,322,36,0.20085631091466946,-0.7099248550175984
82,1567512000,300,1119,819,1419,36,2.7455721339386403,1.1914340806378587
82,1567526400,384,579,195,963,36,0.11223436682925754,0.4010788621703214
82,1567540800,856,761,0,1617,36,-0.7106836853924247,1.534614636025079
82,1567555200,252,194,0,446,36,-0.7106836853924247,-0.4950036991185312
82,1567569600,43,37,0,80,36,-0.7106836853924247,-1.129367756046423
82,1567584000,55,311,256,366,36,0.3696600139345017,-0.6336625093759939
82,1567598400,357,1011,654,1368,36,2.0492568589818325,1.1030390890987263
82,1567612800,466,617,151,1083,36,-0.07344970649255793,0.6090670775565155
82,1567627200,860,869,9,1729,36,-0.6727028522129624,1.7287369703855267
82,1567641600,284,212,0,496,36,-0.7106836853924247,-0.40834194270761703
82,1567656000,42,36,0,78,36,-0.7106836853924247,-1.1328342263028595
82,1567670400,56,307,251,363,36,0.3485595510570227,-0.6388622147606488
82,1567684800,359,1141,782,1500,36,2.5894287086452956,1.3318261260235398
82,1567699200,594,1098,504,1692,36,1.4162429726574615,1.66460727064145
82,1567713600,911,845,0,1756,36,-0.7106836853924247,1.7755343188474202
82,1567728000,314,280,0,594,36,-0.7106836853924247,-0.23848490014222523
82,1567742400,78,37,0,115,36,-0.7106836853924247,-1.0687045265587831
82,1567756800,45,278,233,323,36,0.27259788469809815,-0.7081916198893801
82,1567771200,354,1053,699,1407,36,2.239161024879144,1.1706352590992393
82,1567785600,474,696,222,1170,36,0.2261768663676443,0.7598585337115061
82,1567800000,881,935,54,1816,36,-0.4827986863156511,1.8795284265405172
82,1567814400,261,225,0,486,36,-0.7106836853924247,-0.42567429398979983
82,1567828800,89,40,0,129,36,-0.7106836853924247,-1.044439234763727
82,1567843200,27,101,74,128,36,-0.398396834805735,-1.0461724698919455
82,1567857600,200,362,162,562,36,-0.02702868816210406,-0.2939484242452103
82,1567872000,281,463,182,744,36,0.05737316334781206,0.021500369090517318
82,1567886400,305,441,136,746,36,-0.13675109512499503,0.024966839346953883
82,1567900800,191,217,26,408,36,-0.6009612784295337,-0.5608666339908259
82,1567915200,98,66,0,164,36,-0.7106836853924247,-0.9837760052760871
82,1567929600,21,56,35,77,36,-0.5629804452500714,-1.134567461431078
82,1567944000,124,270,146,394,36,-0.09455016937003696,-0.5851319257858819
82,1567958400,225,340,115,565,36,-0.22537303921040694,-0.2887487188605554
82,1567972800,234,276,42,510,36,-0.5334397972216008,-0.38407665091256105
82,1567987200,176,100,0,276,36,-0.7106836853924247,-0.7896536709156394
82,1568001600,77,27,0,104,36,-0.7106836853924247,-1.0877701129691841
82,1568016000,61,293,232,354,36,0.2683777921226024,-0.6544613309146132
82,1568030400,346,1096,750,1442,36,2.4543857462294296,1.2312984885868792
82,1568044800,461,589,128,1050,36,-0.17051183572896148,0.5518703183253121
82,1568059200,855,777,0,1632,36,-0.7106836853924247,1.560613162948353
82,1568073600,250,133,0,383,37,-0.6636296205408659,-0.5926330161381033
82,1568088000,35,11,0,46,37,-0.6636296205408659,-1.156161918416821
82,1568102400,54,318,264,372,37,0.446390779603518,-0.6110271346101089
82,1568116800,350,1176,826,1526,37,2.8093887526381534,1.3186831123621174
82,1568131200,464,663,199,1127,37,0.17309030229524164,0.6514782696048225
82,1568145600,910,888,0,1798,37,-0.6636296205408659,1.7735194963971654
82,1568160000,253,147,0,400,37,-0.6636296205408659,-0.5642057421359128
82,1568174400,41,18,0,59,37,-0.6636296205408659,-1.1344234147680872
82,1568188800,52,308,256,360,37,0.4127537977809609,-0.6310934456704786
82,1568203200,381,1114,733,1495,37,2.4183588389509274,1.2668451421228288
82,1568217600,443,648,205,1091,37,0.19831803866215947,0.5912793364237132
82,1568232000,900,895,0,1795,37,-0.6636296205408659,1.768502918632073
82,1568246400,303,143,0,446,37,-0.6636296205408659,-0.48728488307116197
82,1568260800,40,18,0,58,37,-0.6636296205408659,-1.1360956073564512
82,1568275200,63,279,216,342,37,0.24456888866817547,-0.6611929122610333
82,1568289600,376,1166,790,1542,37,2.6580223344366463,1.3454381937759436
82,1568304000,515,637,122,1152,37,-0.15066564774687033,0.6932830843139262
82,1568318400,954,974,20,1928,37,-0.5795371659844732,1.9909045328845048
82,1568332800,349,171,0,520,37,-0.6636296205408659,-0.36354263153221505
82,1568347200,46,35,0,81,37,-0.6636296205408659,-1.0976351778240758
82,1568361600,51,264,213,315,37,0.23195502048471656,-0.7063421121468653
82,1568376000,359,1109,750,1468,37,2.489837425323861,1.2216959422369968
82,1568390400,518,727,209,1245,37,0.215136529573438,0.848796995031792
82,1568404800,860,948,88,1808,37,-0.29362282049273797,1.790241422280807
82,1568419200,333,218,0,551,37,-0.6636296205408659,-0.3117046612929265
82,1568433600,92,37,0,129,37,-0.6636296205408659,-1.0173699335825968
82,1568448000,35,85,50,120,37,-0.45339848414988415,-1.032419666877874
82,1568462400,140,281,141,421,37,-0.07077781591829725,-0.5290896977802657
82,1568476800,307,403,96,710,37,-0.2599858386701809,-0.045826039743027035
82,1568491200,375,443,68,818,37,-0.37771527504913066,0.1347707598003009
82,1568505600,188,221,33,409,37,-0.524877070522818,-0.5491560088406354
82,1568520000,77,59,0,136,37,-0.6636296205408659,-1.0056645854640478
82,1568534400,26,42,16,68,37,-0.5963556568957518,-1.1193736814728097
82,1568548800,104,212,108,316,37,-0.20953036593634525,-0.7046699195585011
82,1568563200,264,341,77,605,37,-0.33987367049875394,-0.22140626152126253
82,1568577600,248,284,36,532,37,-0.5122632023393591,-0.3434763204718453
82,1568592000,179,107,0,286,37,-0.6636296205408659,-0.7548356972094256
82,1568606400,32,19,0,51,37,-0.6636296205408659,-1.1478009554750002
82,1568620800,51,297,246,348,37,0.37070757050276454,-0.6511597567308485
82,1568635200,327,1032,705,1359,37,2.3006294025719773,1.0394269501053046
82,1568649600,436,598,162,1034,37,0.017519261365915112,0.4959643588869568
82,1568664000,906,815,0,1721,37,-0.6636296205408659,1.644760667093126
82,1568678400,262,148,0,410,38,-0.811176696734123,-0.5687530472017427
82,1568692800,38,29,0,67,38,-0.811176696734123,-1.1702400827316433
82,1568705680,29,107,78,136,38,-0.4820932240645932,-1.0492412330186311
82,1568705771,1,0,0,1,38,-0.811176696734123,-1.2859781128919154
82,1568707200,54,322,268,376,38,0.31952036320733823,-0.6283756687994587
82,1568721600,328,1163,835,1491,38,2.711704068381997,1.3268955983021127
82,1568736000,468,658,190,1126,38,-0.009563109462191518,0.6868292193854548
82,1568750400,924,921,0,1845,38,-0.811176696734123,1.9476723055253917
82,1568764800,284,246,0,530,38,-0.811176696734123,-0.35832026509215653
82,1568779200,47,37,0,84,38,-0.811176696734123,-1.140428771932785
82,1568793600,53,319,266,372,38,0.31108232544658104,-0.6353900948697783
82,1568798117,114,319,205,433,38,0.05372217374348728,-0.5284200972974054
82,1568808000,345,1202,857,1547,38,2.804522483750326,1.4250975632865863
82,1568822400,474,728,254,1202,38,0.260454098882038,0.820103314721526
82,1568836800,891,938,47,1829,38,-0.6128828093563294,1.9196146012441135
82,1568851200,305,217,0,522,38,-0.811176696734123,-0.37234911723279557
82,1568865600,44,36,0,80,38,-0.811176696734123,-1.1474431980031046
82,1568880000,47,280,233,327,38,0.1718547023940877,-0.7143023881608731
82,1568894400,338,1087,749,1425,38,2.3488684446694386,1.2111575681418403
82,1568908800,463,601,138,1064,38,-0.22895209124187801,0.578105615295502
82,1568923200,874,977,103,1851,38,-0.37661775205512854,1.958193944630871
82,1568937600,303,255,0,558,38,-0.811176696734123,-0.30921928259991976
82,1568952000,60,46,0,106,38,-0.811176696734123,-1.1018494285460276
82,1568966400,50,294,244,344,38,0.21826391007825216,-0.6844910773620151
82,1568980800,305,1055,750,1360,38,2.353087463549817,1.0971731444991477
82,1568995200,461,631,170,1092,38,-0.09394348706976324,0.6272065977877387
82,1569009600,805,873,68,1678,38,-0.5242834128683791,1.654820017089551
82,1569024000,271,322,51,593,38,-0.5960067338348151,-0.24784305448462376
82,1569038400,111,44,0,155,38,-0.811176696734123,-1.0159227091846132
82,1569052800,24,110,86,134,38,-0.4483410730215645,-1.0527484460537908
82,1569067200,213,455,242,668,38,0.20982587231749497,-0.11632256566613242
82,1569081600,315,577,262,892,38,0.2942062499250667,0.2764852942717618
82,1569096000,342,644,302,986,38,0.46296700514021016,0.44132430692427094
82,1569110400,212,398,186,610,38,-0.026439184983705864,-0.21803174368576575
82,1569124800,80,70,0,150,38,-0.811176696734123,-1.0246907417725126
82,1569139200,25,75,50,100,38,-0.6002257527151936,-1.112371067651507
82,1569153600,134,373,239,507,38,0.19716881567635922,-0.39865321499649387
82,1569168000,242,478,236,720,38,0.18451175903522346,-0.025135026751978415
82,1569182400,237,450,213,687,38,0.08747432478651597,-0.08300404183211461
82,1569196800,169,235,66,404,38,-0.5327214506291362,-0.579274686307222
82,1569211200,38,25,0,63,38,-0.811176696734123,-1.1772545088019626
82,1569225600,55,279,224,334,38,0.1338835324706804,-0.702027142537814
82,1569240000,309,1114,805,1423,38,2.585133501970639,1.2076503551066806
82,1569254400,427,622,195,1049,38,0.011531984939701414,0.5518015175318036
82,1569268800,837,877,40,1714,38,-0.6424159415189795,1.717949851722427
82,1569283200,264,203,0,467,39,-0.7718001531635041,-0.529380311506341
82,1569297600,47,21,0,68,39,-0.7718001531635041,-1.230617783660579
82,1569312000,62,322,260,384,39,0.28740025811530256,-0.6752517656136136
82,1569326400,325,1217,892,1542,39,2.8620720270699405,1.3599186422926708
82,1569340800,460,728,268,1188,39,0.3199910400008043,0.7377681030881591
82,1569355200,931,926,0,1857,39,-0.7718001531635041,1.9135271729407533
82,1569369600,333,212,0,545,39,-0.7718001531635041,-0.39229629439348246
82,1569384000,62,23,0,85,39,-0.7718001531635041,-1.2007404978795713
82,1569398400,52,319,267,371,39,0.3159171922651166,-0.69809910179909
82,1569412800,336,1258,922,1594,39,2.984287459140572,1.4513079870345766
82,1569427200,468,733,265,1201,39,0.30776949679374116,0.7606154392736355
82,1569441600,920,991,71,1911,39,-0.4825569639296762,2.0084314924804243
82,1569456000,324,270,0,594,39,-0.7718001531635041,-0.30617941184822517
82,1569470400,50,29,0,79,39,-0.7718001531635041,-1.211285422272868
82,1569484800,48,299,251,347,39,0.25073562849411307,-0.7402787993722771
82,1569499200,347,924,577,1271,39,1.5788099903283093,0.8836395571954316
82,1569513600,454,445,0,899,39,-0.7718001531635041,0.22985424481102937
82,1569528000,926,944,18,1870,39,-0.6984708939211253,1.9363745091262297
82,1569542400,329,234,0,563,39,-0.7718001531635041,-0.360661521213592
82,1569556800,71,36,0,107,39,-0.7718001531635041,-1.1620757751041495
82,1569571200,54,286,232,340,39,0.17333252151604644,-0.7525812111644568
82,1569585600,299,1122,823,1421,39,2.580976533307488,1.1472626670278518
82,1569600000,474,672,198,1146,39,0.03482169850266403,0.6639536323350814
82,1569614400,825,905,80,1730,39,-0.44589233430848674,1.6903262732826376
82,1569628800,272,272,0,544,39,-0.7718001531635041,-0.3940537817923652
82,1569643200,92,56,0,148,39,-0.7718001531635041,-1.0900187917499546
82,1569657600,30,138,108,168,39,-0.3318245977092306,-1.0548690437722987
82,1569672000,230,540,310,770,39,0.49109264489968846,0.003138370355147946
82,1569686400,338,592,254,930,39,0.2629571717011763,0.28433635417639624
82,1569700800,375,627,252,1002,39,0.2548094762298008,0.41087544689595795
82,1569715200,198,344,146,542,39,-0.17701838375309734,-0.39756875659013086
82,1569729600,87,81,0,168,39,-0.7718001531635041,-1.0548690437722987
82,1569744000,26,68,42,94,39,-0.60069854826462,-1.184923111289626
82,1569758400,171,385,214,556,39,0.10000326227366751,-0.37296393300577163
82,1569772800,225,461,236,686,39,0.18962791245879732,-0.14449057115100739
82,1569787200,201,370,169,571,39,-0.08331988583227981,-0.3466016220225296
82,1569801600,138,172,34,310,39,-0.6332893301501218,-0.8053058331309408
82,1569816000,27,30,3,57,39,-0.759578609956441,-1.2499501450482897
82,1569830400,43,264,221,307,39,0.12852019642348153,-0.8105782953275893
82,1569844800,305,990,685,1295,39,2.018785545782583,0.9258192547686188
82,1569859200,398,557,159,955,39,-0.12405836318915699,0.32827353914846624
82,1569873600,833,749,0,1582,39,-0.7718001531635041,1.4302181382479828
82,1569888000,221,158,0,379,40,-0.7898443698433507,-0.646252608439803
82,1569902400,36,21,0,57,40,-0.7898443698433507,-1.1935923051169008
82,1569916800,45,304,259,349,40,0.2687962234484148,-0.6972469901177936
82,1569931200,327,1089,762,1416,40,2.3247661787602225,1.1164531848960677
82,1569945600,404,609,205,1013,40,0.04807579087020887,0.4314286576883957
82,1569960000,877,796,0,1673,40,-0.7898443698433507,1.5533050546041862
82,1569974400,271,174,0,445,40,-0.7898443698433507,-0.534064968748224
82,1569988800,39,24,0,63,40,-0.7898443698433507,-1.1833934287813028
82,1570003200,45,289,244,334,40,0.20748499217669095,-0.7227441809567887
82,1570017600,371,1149,778,1520,40,2.390164825450061,1.2932337080464347
82,1570032000,455,718,263,1173,40,0.2851458851208745,0.7033986933043449
82,1570046400,939,1062,123,2001,40,-0.287092273415215,2.110843627616882
82,1570060800,291,207,0,498,40,-0.7898443698433507,-0.4439748944504408
82,1570075200,45,33,0,78,40,-0.7898443698433507,-1.1578962379423074
82,1570089600,50,232,182,282,40,-0.045934763746434404,-0.8111344425319723
82,1570104000,329,1204,875,1533,40,2.7866441210072086,1.3153312734402307
82,1570118400,496,676,180,1172,40,-0.054109594582664254,0.7016988805817452
82,1570132800,928,999,71,1927,40,-0.49963787515719105,1.9850574861445056
82,1570147200,306,257,0,563,40,-0.7898443698433507,-0.33348706748146145
82,1570161600,63,39,0,102,40,-0.7898443698433507,-1.1171007325999152
82,1570176000,52,291,239,343,40,0.18704791508611632,-0.7074458664533916
82,1570190400,284,1096,812,1380,40,2.5291369496659684,1.0552599268824792
82,1570204800,481,798,317,1279,40,0.5058663176990804,0.8835788418999113
82,1570219200,783,915,132,1698,40,-0.25030553465218064,1.5958003726691783
82,1570233600,282,344,62,626,40,-0.5364246139202254,-0.22639886595768147
82,1570248000,88,53,0,141,40,-0.7898443698433507,-1.0508080364185275
82,1570262400,25,81,56,106,40,-0.5609491064289149,-1.1103014817095165
82,1570276800,167,312,145,479,40,-0.19716913421668664,-0.4762713361798348
82,1570291200,339,512,173,851,40,-0.08272150250946873,0.15605899662724712
82,1570305600,337,572,235,909,40,0.1706982534136566,0.2546481345380287
82,1570320000,221,403,182,624,40,-0.045934763746434404,-0.22979849140288083
82,1570334400,93,53,0,146,40,-0.7898443698433507,-1.042308972805529
82,1570348800,24,57,33,81,40,-0.6549596610455583,-1.1527967997745086
82,1570363200,118,250,132,368,40,-0.25030553465218064,-0.6649505483883995
82,1570377600,244,468,224,712,40,0.12573668381439243,-0.08021497181410876
82,1570392000,266,397,131,663,40,-0.25439295007029555,-0.1635057952214932
82,1570406400,139,216,77,355,40,-0.4751133826485015,-0.6870481137821954
82,1570420800,33,17,0,50,40,-0.7898443698433507,-1.2054909941750986
82,1570435200,53,271,218,324,40,0.10121219130570289,-0.7397423081827856
82,1570449600,325,1129,804,1454,40,2.496437626321049,1.1810460683548558
82,1570464000,400,602,202,1002,40,0.03581354461586409,0.4127307177397992
82,1570478400,874,843,0,1717,40,-0.7898443698433507,1.6280968143985723
82,1570492800,167,119,0,286,41,-0.830529530563148,-0.7278372970091298
82,1570507200,0,0,0,0,41,-0.830529530563148,-1.1669965099724444
82,1570521600,48,323,275,371,41,0.27537502074009845,-0.5973179504990538
82,1570536000,331,1321,990,1652,41,3.1507268541285396,1.3696853774939741
82,1570550400,434,421,0,855,41,-0.830529530563148,0.14587456374655555
82,1570564800,1337,1621,284,2958,41,0.311568260600932,3.375076748578201
82,1570579200,186,139,0,325,41,-0.830529530563148,-0.6679519497868597
82,1570593600,1,1,0,2,41,-0.830529530563148,-1.1639254665251484
82,1570608000,49,274,225,323,41,0.07430146595769001,-0.6710229932341555
82,1570622400,342,1133,791,1475,41,2.3504541060945536,1.0978980324082865
82,1570636800,425,699,274,1124,41,0.2713535496444503,0.558929907407855
82,1570651200,851,755,0,1606,41,-0.830529530563148,1.2990513782061683
82,1570665600,167,140,0,307,41,-0.830529530563148,-0.6955913408125228
82,1570680000,1,11,10,12,41,-0.7903148196066664,-1.148570249288669
82,1570694400,50,315,265,365,41,0.23516030978361677,-0.6065310808409415
82,1570708800,333,1197,864,1530,41,2.64402149607687,1.182351727208924
82,1570723200,459,711,252,1170,41,0.18288118554019056,0.6295639066956608
82,1570737600,932,941,9,1873,41,-0.7943362907023146,1.709035678420172
82,1570752000,178,150,0,328,41,-0.830529530563148,-0.6633453846159157
82,1570766400,0,0,0,0,41,-0.830529530563148,-1.1669965099724444
82,1570780800,49,292,243,341,41,0.14668794567935706,-0.6433836022084923
82,1570795200,345,1048,703,1393,41,1.996564649677515,0.9719852510691543
82,1570809600,478,724,246,1202,41,0.15875235896630155,0.6787006018523953
82,1570824000,836,925,89,1761,41,-0.472618603050461,1.5370572453716012
82,1570838400,223,269,46,492,41,-0.6455418601633323,-0.41151982193765146
82,1570852800,59,45,0,104,41,-0.830529530563148,-1.0073022507130573
82,1570867200,20,136,116,156,41,-0.36403888346796043,-0.9274551210833637
82,1570881600,221,561,340,782,41,0.5367706419572295,0.03378147792025497
82,1570896000,295,617,322,912,41,0.4643841622355624,0.23339930199448888
82,1570910400,368,631,263,999,41,0.22711736759232043,0.3669896919518608
82,1570924800,184,355,171,539,41,-0.14285797320731114,-0.33935030092619767
82,1570939200,67,59,0,126,41,-0.830529530563148,-0.9735207727928024
82,1570953600,18,71,53,89,41,-0.6173915624937951,-1.0303350765677766
82,1570968000,174,392,218,566,41,0.04615116828815282,-0.29789121438770294
82,1570982400,265,530,265,795,41,0.23516030978361677,0.05374326032767836
82,1570996800,304,521,217,825,41,0.04212969719250465,0.09980891203711696
82,1571011200,144,210,66,354,41,-0.5651124382503689,-0.623421819801069
82,1571025600,35,30,0,65,41,-0.830529530563148,-1.0671875979353274
82,1571040000,32,239,207,271,41,0.0019149862360229595,-0.7508701228638491
82,1571054400,262,907,645,1169,41,1.7633193261299211,0.6280283849720129
82,1571068800,401,581,180,982,41,-0.10666473334647761,0.3408858226498456
82,1571083200,695,740,45,1435,41,-0.6495633312589805,1.0364771634623684
82,1571097600,237,175,0,412,42,-0.8229040793028594,-0.5791348211539945
82,1571112000,22,14,0,36,42,-0.8229040793028594,-1.2026483946243982
82,1571126400,47,281,234,328,42,0.1862675318012712,-0.7184304067165315
82,1571140800,382,1114,732,1496,42,2.333991729792113,1.2184415449149355
82,1571155200,421,643,222,1064,42,0.13451514148823887,0.5020642477361738
82,1571169600,896,846,0,1742,42,-0.8229040793028594,1.626378616919508
82,1571184000,201,127,0,328,42,-0.8229040793028594,-0.7184304067165315
82,1571198400,0,0,0,0,42,-0.8229040793028594,-1.2623465027226284
82,1571212800,48,276,228,324,42,0.16039133664475505,-0.725063529838557
82,1571227200,330,1126,796,1456,42,2.6100044781282854,1.1521103136946798
82,1571241600,490,642,152,1132,42,-0.16737380200444976,0.6148273408106084
82,1571256000,1027,1017,0,2044,42,-0.8229040793028594,2.127179412632439
82,1571270400,214,110,0,324,42,-0.8229040793028594,-0.725063529838557
82,1571284800,0,3,3,3,42,-0.8099659817246013,-1.2573716603811091
82,1571299200,49,299,250,348,42,0.25527071888531433,-0.6852647911064036
82,1571313600,357,1088,731,1445,42,2.3296790305993604,1.1338692251091094
82,1571328000,480,730,250,1210,42,0.25527071888531433,0.7441732416901071
82,1571342400,893,950,57,1843,42,-0.5770802253159557,1.7938649757506537
82,1571356800,183,185,2,368,42,-0.814278680917354,-0.6520991754962757
82,1571371200,1,4,3,5,42,-0.8099659817246013,-1.2540550988200965
82,1571385600,50,286,236,336,42,0.1948929301867766,-0.7051641604724803
82,1571400000,302,1101,799,1403,42,2.6229425757065434,1.064221432327841
82,1571414400,491,729,238,1220,42,0.203518328572282,0.7607560494951711
82,1571428800,822,980,158,1802,42,-0.14149760684793358,1.7258754637498916
82,1571443200,272,364,92,636,42,-0.4261357535696114,-0.20767992632056245
82,1571457600,56,51,0,107,42,-0.8229040793028594,-1.0849104592084442
82,1571472000,31,117,86,148,42,-0.4520119487261276,-1.0169209472076821
82,1571486400,249,456,207,705,42,0.06982465359694845,-0.09325855246562134
82,1571500800,369,596,227,965,42,0.15607863745200234,0.33789445046604083
82,1571515200,382,696,314,1078,42,0.5312834672214868,0.5252801786632633
82,1571529600,197,366,169,563,42,-0.09405791572765396,-0.3287344232975291
82,1571544000,68,47,0,115,42,-0.8229040793028594,-1.071644212964393
82,1571558400,21,53,32,74,42,-0.6848977051347731,-1.1396337249651554
82,1571572800,171,364,193,535,42,0.009446864898410724,-0.37516628515170813
82,1571587200,258,571,313,829,42,0.5269707680287341,0.11236826431717138
82,1571601600,264,460,196,724,42,0.022384962476668806,-0.061751217635999875
82,1571616000,153,141,0,294,42,-0.8229040793028594,-0.7748119532537489
82,1571630400,20,25,5,45,42,-0.8013405833390959,-1.1877238675998407
82,1571644800,54,310,256,364,42,0.2811469140418305,-0.6587322986183013
82,1571659200,318,1031,713,1349,42,2.252050445129812,0.9746742701804957
82,1571673600,451,571,120,1022,42,-0.305380176172536,0.4324164549549052
82,1571688000,891,859,0,1750,42,-0.8229040793028594,1.6396448631635592
82,1571702400,151,120,0,271,43,-0.8154271371925601,-0.7762513300271782
82,1571716800,1,0,0,1,43,-0.8154271371925601,-1.2150037639856193
82,1571731200,50,299,249,349,43,0.20147448464857917,-0.6495006268836285
82,1571745600,310,1205,895,1515,43,2.839701182276595,1.2452598842109721
82,1571760000,421,550,129,971,43,-0.2885985861182349,0.36125498023544655
82,1571774400,915,1053,138,1968,43,-0.2518431058107239,1.9813889678523564
82,1571788800,170,97,0,267,43,-0.8154271371925601,-0.7827513660858217
82,1571803200,1,1,0,2,43,-0.8154271371925601,-1.2133787549709583
82,1571817600,46,286,240,332,43,0.1647190043410681,-0.6771257801328637
82,1571832000,316,1203,887,1519,43,2.8070296442254743,1.2517599202696157
82,1571846400,465,732,267,1197,43,0.27498544526360125,0.7285070175488083
82,1571860800,909,940,31,1849,43,-0.6888249272444664,1.78801289510771
82,1571875200,200,117,0,317,43,-0.8154271371925601,-0.7015009153527771
82,1571889600,2,1,0,3,43,-0.8154271371925601,-1.2117537459562975
82,1571904000,48,307,259,355,43,0.24231390721248033,-0.6397505727956632
82,1571918400,373,1157,784,1530,43,2.386383591817292,1.2696350194308854
82,1571932800,459,665,206,1124,43,0.025864967623804115,0.6098813594785631
82,1571947200,925,1018,93,1943,43,-0.4356205073482792,1.9407637424858342
82,1571961600,176,143,0,319,43,-0.8154271371925601,-0.6982508973234554
82,1571976000,0,0,0,0,43,-0.8154271371925601,-1.21662877300028
82,1571990400,47,305,258,352,43,0.23822996495609022,-0.6446255998396458
82,1572004800,320,1079,759,1399,43,2.2842850354075392,1.0567588385103086
82,1572019200,459,744,285,1203,43,0.3484964058786234,0.7382570716367737
82,1572033600,891,950,59,1841,43,-0.5744745440655431,1.775012822990423
82,1572048000,303,330,27,633,43,-0.7051606962700269,-0.1879980667199351
82,1572062400,61,48,0,109,43,-0.8154271371925601,-1.0395027904022427
82,1572076800,27,104,77,131,43,-0.500963583450521,-1.003752592079703
82,1572091200,209,412,203,621,43,0.013613140854633764,-0.2074981748958658
82,1572105600,308,605,297,913,43,0.3975037129553048,0.2670044573851148
82,1572120000,396,642,246,1038,43,0.1892226578794088,0.47013058421772635
82,1572134400,207,377,170,584,43,-0.12115695360624011,-0.26762350843831884
82,1572148800,86,39,0,125,43,-0.8154271371925601,-1.0135026461676684
82,1572163200,24,65,41,89,43,-0.6479855046805653,-1.0720029706954606
82,1572177600,101,332,231,433,43,0.12796352403355704,-0.5129998696521136
82,1572192000,228,448,220,676,43,0.08304015921326575,-0.11812267908951671
82,1572206400,252,454,202,706,43,0.009529198598243646,-0.06937240864968994
82,1572220800,159,182,23,341,43,-0.7214964652955873,-0.6625006990009157
82,1572235200,20,26,6,46,43,-0.7909234836542194,-1.141878358325879
82,1572249600,61,282,221,343,43,0.08712410146965588,-0.6592506809715939
82,1572264000,331,1005,674,1336,43,1.937149943614379,0.9543832705866724
82,1572278400,378,587,209,965,43,0.03811679439297447,0.35150492614748124
82,1572292800,875,854,0,1729,43,-0.8154271371925601,1.593011813348403
82,1572307200,270,163,0,433,44,-0.7942985208161308,-0.6793130598235327
82,1572321600,49,23,0,72,44,-0.7942985208161308,-1.282641623025312
82,1572336000,50,295,245,345,44,0.19236990469948503,-0.82638484254308
82,1572350400,399,1197,798,1596,44,2.419421493720447,1.264374250435939
82,1572364800,646,1053,407,1699,44,0.8447792309587903,1.4365150870281365
82,1572379200,992,965,0,1957,44,-0.7942985208161308,1.8677028136377185
82,1572393600,348,204,0,552,44,-0.7942985208161308,-0.4804318991005085
82,1572408000,36,14,0,50,44,-0.7942985208161308,-1.3194095687051988
82,1572422400,55,304,249,359,44,0.20847877695280123,-0.8029870589286066
82,1572436800,394,1226,832,1620,44,2.5563469078736345,1.3044847366321792
82,1572451200,484,752,268,1236,44,0.2849959201560531,0.6627169574923364
82,1572465600,938,975,37,1913,44,-0.6452914524729563,1.7941669222779448
82,1572480000,342,238,0,580,44,-0.7942985208161308,-0.43363633187156164
82,1572494400,60,38,0,98,44,-0.7942985208161308,-1.2391885963127185
82,1572508800,54,276,222,330,44,0.09974388924291702,-0.8514538964157301
82,1572523200,334,1105,771,1439,44,2.3106866060105626,1.0019848199022012
82,1572537600,456,644,188,1100,44,-0.0371815249102705,0.43542420238030877
82,1572552000,874,775,0,1649,44,-0.7942985208161308,1.3529515741193028
82,1572566400,337,271,0,608,44,-0.7942985208161308,-0.38684076464261474
82,1572580800,97,53,0,150,44,-0.7942985208161308,-1.1522825428875314
82,1572595200,56,302,246,358,44,0.1963971227628141,-0.8046583291867833
82,1572609600,329,1028,699,1357,44,2.0207269054508714,0.8649406587317139
82,1572624000,513,746,233,1259,44,0.1440432879395365,0.7011561734303999
82,1572638400,884,978,94,1862,44,-0.41574002286320066,1.7089321391109342
82,1572652800,332,357,25,689,44,-0.6936180692329048,-0.2514678737303042
82,1572667200,119,73,0,192,44,-0.7942985208161308,-1.0820891920441111
82,1572681600,35,105,70,140,44,-0.5123932563830977,-1.1689952454692982
82,1572696000,235,502,267,737,44,0.280968702092724,-0.17124690133782386
82,1572710400,452,837,385,1289,44,0.7561804335655513,0.7512942811757001
82,1572724800,474,768,294,1242,44,0.3897035898026082,0.6727445790413964
82,1572739200,299,478,179,777,44,-0.0734264874802319,-0.10439609101075689
82,1572750000,134,72,0,206,44,-0.7942985208161308,-1.0586914084296377
82,1572764400,34,39,5,73,44,-0.7741624304994856,-1.2809703527671352
82,1572778800,227,347,120,574,44,-0.3110323532166455,-0.4436639534206217
82,1572793200,277,550,273,827,44,0.3051320104726983,-0.020832578101923203
82,1572807600,362,666,304,1028,44,0.4299757704358987,0.31509274379158825
82,1572822000,263,294,31,557,44,-0.6694547608529305,-0.47207554780962513
82,1572836400,75,35,0,110,44,-0.7942985208161308,-1.2191333532145983
82,1572850800,20,131,111,151,44,-0.3472773157866069,-1.1506112726293547
82,1572865200,296,1161,865,1457,44,2.689245103963493,1.0320676845493812
82,1572879600,387,623,236,1010,44,0.15612494212952363,0.2850098791444081
82,1572894000,864,891,27,1755,44,-0.6855636331062467,1.5301062214860301
82,1572908400,389,272,0,661,44,-0.7942985208161308,-0.29826344095925106
82,1572922800,64,51,0,115,45,-0.7775627512927201,-1.1651456347010352
82,1572937200,25,131,106,156,45,-0.35359344709735085,-1.0982328188612758
82,1572951600,315,1244,929,1559,45,2.938168226042167,1.1914910987773166
82,1572966000,430,760,330,1190,45,0.542341686296637,0.589275756219483
82,1572980400,964,987,23,1951,45,-0.6855694117031589,1.8312428990013565
82,1572994800,447,327,0,774,45,-0.7775627512927201,-0.08964452156929427
82,1573009200,92,51,0,143,45,-0.7775627512927201,-1.1194490775421753
82,1573023600,21,135,114,156,45,-0.3215957637618513,-1.0982328188612758
82,1573038000,324,1198,874,1522,45,2.7181841531106072,1.1311063625316802
82,1573052400,443,710,267,1153,45,0.29035993002957794,0.5288910199738466
82,1573066800,901,1096,195,1997,45,0.00238078001008184,1.9063158143337695
82,1573081200,493,374,0,867,45,-0.7775627512927201,0.062133328994062174
82,1573095600,99,62,0,161,45,-0.7775627512927201,-1.0900727193686224
82,1573110000,28,127,99,155,45,-0.38159142001591295,-1.0998648387598067
82,1573124400,346,1238,892,1584,45,2.7901789406154816,1.2322915962405845
82,1573138800,441,689,248,1130,45,0.21436543210776646,0.49135456230764013
82,1573153200,1013,1063,50,2076,45,-0.5775772304458477,2.035245386317696
82,1573167600,464,432,0,896,45,-0.7775627512927201,0.1094619060514529
82,1573182000,107,72,0,179,45,-0.7775627512927201,-1.0606963611950695
82,1573196400,25,124,99,149,45,-0.38159142001591295,-1.109656958150991
82,1573210800,235,767,532,1002,45,1.350283190518001,0.28245601529570863
82,1573225200,469,771,302,1240,45,0.43034979462238854,0.6708767511460187
82,1573239600,866,1016,150,1882,45,-0.1776061887521032,1.7186335260027372
82,1573254000,384,409,25,793,45,-0.6775699908692839,-0.0586361434972107
82,1573268400,114,97,0,211,45,-0.7775627512927201,-1.0084717244420867
82,1573282800,26,49,23,75,45,-0.6855694117031589,-1.2304264306422636
82,1573297200,154,421,267,575,45,0.29035993002957794,-0.41441648137690645
82,1573311600,395,707,312,1102,45,0.470346898791763,0.4456580051487801
82,1573326000,428,760,332,1188,45,0.5503411071305119,0.5860117164224216
82,1573340400,271,428,157,699,45,-0.1496082158335411,-0.21204601395909786
82,1573354800,110,105,0,215,45,-0.7775627512927201,-1.0019436448479637
82,1573369200,20,45,25,65,45,-0.6775699908692839,-1.2467466296275709
82,1573383600,114,298,184,412,45,-0.04161603457623007,-0.680435724837413
82,1573398000,297,508,211,805,45,0.06637614668108097,-0.03905190471484212
82,1573412400,356,600,244,956,45,0.19836659044001667,0.20738309996329576
82,1573426800,213,256,43,469,45,-0.60557520336441,-0.5874105906211622
82,1573441200,65,55,0,120,45,-0.7775627512927201,-1.1569855352083815
82,1573455600,20,124,104,144,45,-0.36159286793122575,-1.1178170576436444
82,1573470000,297,1047,750,1344,45,2.222220061410364,0.840606820593213
82,1573484400,522,731,209,1253,45,0.05837672584720608,0.692093009826918
82,1573498800,808,877,69,1685,45,-0.5015827325240363,1.3971256059921866
82,1573513200,371,296,0,667,45,-0.7775627512927201,-0.2642706507120807
82,1573527600,88,59,0,147,46,-0.7011801297036008,-1.128198228059591
82,1573542000,21,122,101,143,46,-0.33265007020630494,-1.1347816703073859
82,1573556400,288,1272,984,1560,46,2.889251341042331,1.1974027459739098
82,1573570800,433,657,224,1090,46,0.11615386363693651,0.42384828185802487
82,1573585200,936,1016,80,1952,46,-0.40927513208198035,1.842580086257797
82,1573599600,511,352,0,863,46,-0.7011801297036008,0.05023793429567195
82,1573614000,100,61,0,161,46,-0.7011801297036008,-1.1051561801923093
82,1573628400,20,125,105,145,46,-0.3180548203252239,-1.1314899491834884
82,1573642800,309,1253,944,1562,46,2.7432988422315208,1.2006944670978072
82,1573657200,452,667,215,1119,46,0.08331455140450421,0.4715782381545369
82,1573671600,976,1067,91,2043,46,-0.3691381949090075,1.992353397395128
82,1573686000,505,381,0,886,46,-0.7011801297036008,0.08809272722049186
82,1573700400,107,49,0,156,46,-0.7011801297036008,-1.1133854830020529
82,1573714800,21,133,112,154,46,-0.29251313303333215,-1.1166772041259503
82,1573729200,302,1144,842,1446,46,2.3711199702639547,1.009774641911759
82,1573743600,469,736,267,1205,46,0.2730527998585575,0.6131222464821243
82,1573758000,932,975,43,1907,46,-0.5442811934819798,1.7685163609701058
82,1573772400,556,406,0,962,46,-0.7011801297036008,0.2131781299285924
82,1573786800,95,35,0,130,46,-0.7011801297036008,-1.1561778576127189
82,1573801200,155,195,40,350,46,-0.5552276308927906,-0.7940885339840067
82,1573815600,281,1125,844,1406,46,2.3784175952044952,0.9439402194338113
82,1573830000,470,732,262,1202,46,0.25480873750720623,0.6081846647962783
82,1573844400,900,981,81,1881,46,-0.4056263196117101,1.7257239863594398
82,1573858800,448,458,10,906,46,-0.6646920050008982,0.12100993845946567
82,1573873200,129,98,0,227,46,-0.7011801297036008,-0.9965293831036958
82,1573887600,15,56,41,71,46,-0.5515788184225203,-1.2532836307676916
82,1573902000,146,413,267,559,46,0.2730527998585575,-0.4501036765367302
82,1573916400,359,669,310,1028,46,0.4299517360801785,0.32180492701720603
82,1573930800,473,684,211,1157,46,0.06871930152342319,0.5341209395085872
82,1573945200,306,448,142,754,46,-0.18304875892522446,-0.1291608669567354
82,1573959600,120,108,0,228,46,-0.7011801297036008,-0.9948835225417471
82,1573974000,21,30,9,51,46,-0.6683408174711685,-1.2862008420066653
82,1573988400,105,296,191,401,46,-0.004256947881981931,-0.7101496453246234
82,1574002800,258,499,241,757,46,0.17818367563153087,-0.12422328527088933
82,1574017200,280,512,232,792,46,0.14534436339909856,-0.06661816560268513
82,1574031600,178,256,78,434,46,-0.41657275702252083,-0.6558362467803166
82,1574046000,45,41,0,86,46,-0.7011801297036008,-1.2285957223384611
82,1574060400,16,123,107,139,46,-0.31075719538468344,-1.1413651125551805
82,1574074800,284,1124,840,1408,46,2.363822345323414,0.9472319405577088
82,1574089200,436,593,157,1029,46,-0.12831657187117063,0.3234507875791547
82,1574103600,915,854,0,1769,46,-0.7011801297036008,1.5413876034211862
82,1574118000,383,315,0,698,46,-0.7011801297036008,-0.22132905842586212
82,1574132400,67,39,0,106,47,-0.7338561120835172,-1.1727690078972712
82,1574146800,21,140,119,161,47,-0.26857476637840255,-1.0806448058962954
82,1574161200,301,1148,847,1449,47,2.577852289699946,1.0767365064174663
82,1574175600,429,741,312,1170,47,0.4860411976643464,0.6094155544488797
82,1574190000,920,914,0,1834,47,-0.7338561120835172,1.7216059204242975
82,1574204400,506,389,0,895,47,-0.7338561120835172,0.14879454444400045
82,1574218800,92,49,0,141,47,-0.7338561120835172,-1.1141445157148322
82,1574233200,20,129,109,149,47,-0.3076740391267315,-1.1007446317874174
82,1574247600,322,1162,840,1484,47,2.5504827987761156,1.1353609985999056
82,1574262000,465,748,283,1213,47,0.3726533066941924,0.6814399305587335
82,1574276400,920,931,11,1851,47,-0.6908469120603553,1.7500806737700536
82,1574290800,512,374,0,886,47,-0.7338561120835172,0.13371967502565896
82,1574305200,106,51,0,157,47,-0.7338561120835172,-1.087344747860003
82,1574319600,15,146,131,161,47,-0.2216556390804078,-1.0806448058962954
82,1574334000,336,1186,850,1522,47,2.5895820715244446,1.1990104472551253
82,1574348400,416,691,275,1107,47,0.34137388849552924,0.5038914685204892
82,1574362800,910,1027,117,1937,47,-0.2763946209280683,1.8941294259897614
82,1574377200,468,382,0,850,47,-0.7338561120835172,0.07342019735229294
82,1574391600,138,84,0,222,47,-0.7338561120835172,-0.9784706909497586
82,1574406000,26,128,102,154,47,-0.3350435300505618,-1.0923697043327834
82,1574420400,303,1121,818,1424,47,2.464464398729792,1.0348618691442955
82,1574434800,461,725,264,1186,47,0.29836468847236736,0.636215322303709
82,1574449200,862,953,91,1815,47,-0.37805273007372364,1.6897811960966875
82,1574463600,407,473,66,880,47,-0.47580091194454605,0.12366976208009794
82,1574478000,157,90,0,247,47,-0.7338561120835172,-0.9365960536765878
82,1574492400,14,56,42,70,47,-0.5696391665405356,-1.2330684855706373
82,1574506800,163,426,263,589,47,0.2944547611975345,-0.36375101577961066
82,1574521200,345,522,177,867,47,-0.041798984438094586,0.10189495069804912
82,1574535600,467,643,176,1110,47,-0.04570891171292748,0.5089164249932697
82,1574550000,244,402,158,646,47,-0.1160876026599196,-0.26827684279678116
82,1574564400,116,100,0,216,47,-0.7338561120835172,-0.9885206038953196
82,1574578800,16,36,20,52,47,-0.6556575665868593,-1.2632182244073205
82,1574593200,79,268,189,347,47,0.005120142859900168,-0.7690975045839044
82,1574607600,235,374,139,609,47,-0.19037622088174463,-0.330251305961074
82,1574622000,260,427,167,687,47,-0.08089825718642354,-0.19960243766878094
82,1574636400,203,182,0,385,47,-0.7338561120835172,-0.7054480559286848
82,1574650800,49,48,0,97,47,-0.7338561120835172,-1.1878438773156128
82,1574665200,16,122,106,138,47,-0.3194038209512302,-1.1191694721876126
82,1574679600,277,1102,825,1379,47,2.491833889653622,0.9594875220525879
82,1574694000,417,638,221,1055,47,0.13023781565455284,0.41679222299229385
82,1574708400,844,1009,165,1853,47,-0.08871811173608933,1.7534306447519072
82,1574722800,399,359,0,758,47,-0.7338561120835172,-0.08067846781297576
82,1574737200,73,45,0,118,48,-0.8059646581622698,-1.0435762468636451
82,1574751600,19,135,116,154,48,-0.20214183568547783,-0.9661301250781424
82,1574766000,291,1100,809,1391,48,3.4051789916974258,1.6950046707181576
82,1574780400,400,694,294,1094,48,0.7244138746668409,1.0560741659877606
82,1574794800,806,899,93,1705,48,-0.3218653263489797,2.3705069551805975
82,1574809200,365,399,34,764,48,-0.6289821067466583,0.3461513829539862
82,1574823600,82,57,0,139,48,-0.8059646581622698,-0.9983993424887685
82,1574838000,18,122,104,140,48,-0.2646062655968701,-0.9962480613280601
82,1574852400,236,910,674,1146,48,2.7024541551942627,1.1679407863445979
82,1574866800,420,662,242,1082,48,0.45373467838414105,1.0302587920592599
82,1574881200,667,742,75,1409,48,-0.4155619712160681,1.733727731610909
82,1574895600,240,308,68,548,48,-0.4519995553310469,-0.11852534775902984
82,1574910000,82,65,0,147,48,-0.8059646581622698,-0.9811890932031012
82,1574924400,28,39,11,67,48,-0.7487055974101602,-1.1532915860597739
82,1574938800,115,236,121,351,48,-0.17611498988906438,-0.5423277364185861
82,1574953200,214,449,235,663,48,0.4172970942691622,0.12887198572243702
82,1574967600,212,391,179,603,48,0.1257964213493316,-0.0002048839200674208
82,1574982000,158,260,102,418,48,-0.2750170039154355,-0.3981918986511228
82,1574996400,54,60,6,114,48,-0.7747324432065736,-1.0521813715064787
82,1575010800,11,76,65,87,48,-0.467615662808895,-1.1102659628456057
82,1575025200,161,404,243,565,48,0.45894004754342377,-0.0819535680269869
82,1575039600,280,501,221,781,48,0.3444219260392046,0.38272316268602913
82,1575054000,378,580,202,958,48,0.24551991201283346,0.7634999281314173
82,1575068400,231,309,78,540,48,-0.39994586373822005,-0.1357355970446971
82,1575082800,85,95,10,180,48,-0.7539109665694429,-0.9101968148997238
82,1575097200,19,58,39,77,48,-0.6029552609502449,-1.1317787744526897
82,1575111600,160,328,168,488,48,0.06853736059722203,-0.2476022174015343
82,1575126000,283,497,214,780,48,0.30798434192422575,0.38057188152532073
82,1575140400,375,576,201,951,48,0.24031454285355078,0.7484409600064584
82,1575154800,249,378,129,627,48,-0.13447203661480286,0.05142586393693436
82,1575169200,133,109,0,242,48,-0.8059646581622698,-0.7768173829358026
82,1575183600,22,37,15,59,48,-0.7278841207730294,-1.170501835345441
82,1575198000,100,246,146,346,48,-0.04598076090699714,-0.5530841422221282
82,1575212400,209,417,208,626,48,0.27675212696852963,0.049274582776225956
82,1575226800,230,428,198,658,48,0.22469843537570272,0.118115579918895
82,1575241200,150,178,28,328,48,-0.6602143217023545,-0.5918072031148796
82,1575255600,54,39,0,93,48,-0.8059646581622698,-1.0973582758813554
82,1575270000,20,110,90,130,48,-0.33748143382682777,-1.0177608729351442
82,1575284400,279,1104,825,1383,48,3.4884648982459487,1.6777944214324905
82,1575298800,349,596,247,945,48,0.4797615241805545,0.735533273042208
82,1575313200,854,867,13,1721,48,-0.7382948590915949,2.4049274537519323
82,1575327600,413,299,0,712,48,-0.8059646581622698,0.234284762597149
82,1575342000,83,47,0,130,49,-0.8031199633163648,-1.1897237846763091
82,1575356400,20,124,104,144,49,-0.4206902238891456,-1.1675339228038968
82,1575370800,295,1245,950,1540,49,2.690228617989964,1.045112303902357
82,1575385200,424,724,300,1148,49,0.30004274656984437,0.42379617147481297
82,1575399600,915,940,25,1855,49,-0.711189737492514,1.5443841960316336
82,1575414000,523,449,0,972,49,-0.8031199633163648,0.1448379079359156
82,1575428400,107,42,0,149,49,-0.8031199633163648,-1.159608972135178
82,1575442800,18,126,108,144,49,-0.4059813877573295,-1.1675339228038968
82,1575457200,319,1272,953,1591,49,2.701260245088826,1.1259468007232876
82,1575471600,415,699,284,1114,49,0.24120740204257987,0.36990650692752597
82,1575486000,985,1139,154,2124,49,-0.23682977224144408,1.970746542008698
82,1575500400,549,428,0,977,49,-0.8031199633163648,0.1527628586046343
82,1575514800,116,60,0,176,49,-0.8031199633163648,-1.1168142385240973
82,1575529200,19,143,124,162,49,-0.347146043230065,-1.1390041003965097
82,1575543600,315,1197,882,1512,49,2.44017840374909,1.0007325801575324
82,1575558000,429,737,308,1166,49,0.3294604188334766,0.4523259938822002
82,1575572400,1168,1216,48,2384,49,-0.6266139297345713,2.3828439767820693
82,1575586800,576,473,0,1049,49,-0.8031199633163648,0.2668821482341832
82,1575601200,137,60,0,197,49,-0.8031199633163648,-1.083529445715479
82,1575615600,22,124,102,146,49,-0.42804464195505365,-1.1643639425364094
82,1575630000,291,1097,806,1388,49,2.1607105172445835,0.8041938035733093
82,1575644400,481,748,267,1229,49,0.17869484848236136,0.5521803723080555
82,1575658800,892,1045,153,1937,49,-0.24050698127439812,1.6743533869986196
82,1575673200,435,554,119,989,49,-0.36553208839483514,0.1717827402095591
82,1575687600,159,121,0,280,49,-0.8031199633163648,-0.9519752646147489
82,1575702000,25,74,49,99,49,-0.6229367207016173,-1.2388584788223649
82,1575716400,160,453,293,613,49,0.2743022833391662,-0.4241735500780852
82,1575730800,395,759,364,1154,49,0.5353841246789023,0.4333061122772754
82,1575745200,430,833,403,1263,49,0.6787952769641095,0.6060700368553424
82,1575759600,328,618,290,946,49,0.26327065624030405,0.10362816445857852
82,1575774000,167,172,5,339,49,-0.7847339181515947,-0.8584608467238686
82,1575788400,16,30,14,46,49,-0.7516390368550083,-1.322862955910783
82,1575802800,119,307,188,426,49,-0.11180466512100705,-0.7205667050881636
82,1575817200,329,616,287,945,49,0.252239029141442,0.10204317432483478
82,1575831600,337,588,251,925,49,0.11985950395509687,0.07034337164996009
82,1575846000,198,346,148,544,49,-0.2588930264391683,-0.5335378693064029
82,1575860400,71,54,0,125,49,-0.8031199633163648,-1.1976487353450278
82,1575874800,16,134,118,150,49,-0.3692092974277892,-1.1580239820014344
82,1575889200,262,1082,820,1344,49,2.2121914437059402,0.734454237688585
82,1575903600,387,643,256,1030,49,0.13824554911986703,0.23676733569305225
82,1575918000,896,838,0,1734,49,-0.8031199633163648,1.3526003898486416
82,1575932400,433,367,0,800,49,-0.8031199633163648,-0.12778039506800679
82,1575946800,93,49,0,142,50,-0.8721705571740779,-1.175023826121796
82,1575961200,16,130,114,146,50,-0.42970895219956157,-1.1688008892707633
82,1575975600,319,1160,841,1479,50,2.3919540900502043,0.9049928163359094
82,1575990000,432,688,256,1120,50,0.12142743294413413,0.3464842339557177
82,1576004400,934,1045,111,1979,50,-0.4413526786462594,1.6828599227150067
82,1576018800,526,418,0,944,50,-0.8721705571740779,0.07267501251027557
82,1576033200,92,51,0,143,50,-0.8721705571740779,-1.173468091909038
82,1576047600,23,148,125,171,50,-0.38701528856166967,-1.1299075339518085
82,1576062000,335,1197,862,1532,50,2.473460175177089,0.9874467296120937
82,1576076400,449,759,310,1208,50,0.3310145089846945,0.4833888446784388
82,1576090800,976,1087,111,2063,50,-0.4413526786462594,1.813541596586695
82,1576105200,482,452,0,934,50,-0.8721705571740779,0.05711767038269362
82,1576119600,115,69,0,184,50,-0.8721705571740779,-1.1096829891859519
82,1576134000,19,143,124,162,50,-0.3908965307105689,-1.1439091418666323
82,1576148400,339,1284,945,1623,50,2.795603273535728,1.1290185429730895
82,1576162800,497,783,286,1280,50,0.2378646974111121,0.5954017079970287
82,1576177200,967,1249,282,2216,50,0.22233972881551503,2.0515689311386986
82,1576191600,539,496,0,1035,50,-0.8721705571740779,0.21424682587127122
82,1576206000,159,79,0,238,50,-0.8721705571740779,-1.0256733416970094
82,1576220400,28,130,102,158,50,-0.47628385798635275,-1.150132078717665
82,1576234800,270,1096,826,1366,50,2.3337354578167155,0.7291948502942335
82,1576249200,469,762,293,1231,50,0.26503339245340696,0.5191707315718773
82,1576263600,994,1253,259,2247,50,0.13307115939083194,2.099796691734203
82,1576278000,525,609,84,1134,50,-0.5461462166665395,0.36826451293433243
82,1576292400,156,194,38,350,50,-0.7246833555159058,-0.8514311098680918
82,1576306800,18,54,36,72,50,-0.7324458398137043,-1.2839252210148697
82,1576321200,143,441,298,584,50,0.2844396031979033,-0.48738930408267434
82,1576335600,371,688,317,1059,50,0.35818320402698933,0.2515844469774679
82,1576350000,454,799,345,1253,50,0.46685798419616875,0.5533968842525575
82,1576364400,312,547,235,859,50,0.039921347817249556,-0.05956239557417094
82,1576378800,166,206,40,372,50,-0.7169208712181072,-0.8172049571874115
82,1576393200,18,36,18,54,50,-0.8023081984938911,-1.3119284368445172
82,1576407600,108,300,192,408,50,-0.12697206458541888,-0.7611985255281165
82,1576422000,268,635,367,903,50,0.5522453114719527,0.008889909787189605
82,1576436400,393,687,294,1080,50,0.26891463460230625,0.28425486544538997
82,1576450800,237,316,79,553,50,-0.5655524274110358,-0.5356170646781784
82,1576465200,83,50,0,133,50,-0.8721705571740779,-1.1890254340366198
82,1576479600,19,116,97,135,50,-0.4956900687308491,-1.1859139656111035
82,1576494000,283,1049,766,1332,50,2.1008609288827595,0.6762998870604549
82,1576508400,407,696,289,1103,50,0.2495084238578099,0.32003675233882845
82,1576522800,904,1000,96,1904,50,-0.4995713108797484,1.566179856758142
82,1576537200,434,363,0,797,50,-0.8721705571740779,-0.15601791676517898
82,1576551600,100,63,0,163,51,-0.8981823951540207,-1.1044752764898482
82,1576566000,20,139,119,159,51,-0.3876495154793027,-1.1111816465364832
82,1576580400,300,1089,789,1389,51,2.486779302857345,0.9510271428037496
82,1576594800,405,774,369,1179,51,0.6848985510642225,0.5989427153554171
82,1576609200,888,1106,218,1994,51,0.03707951887193328,1.9653656123572787
82,1576623600,533,431,0,964,51,-0.8981823951540207,0.23847532534879104
82,1576638000,118,60,0,178,51,-0.8981823951540207,-1.0793263888149673
82,1576652400,18,127,109,145,51,-0.4305514381410437,-1.1346539416997055
82,1576666800,314,1201,887,1515,51,2.9072181449424064,1.1622777992727489
82,1576681200,451,736,285,1187,51,0.324522400705598,0.6123554554486869
82,1576695600,973,1147,174,2120,51,-0.15168894083972714,2.1766162688262782
82,1576710000,521,442,0,963,51,-0.8981823951540207,0.23679873283713232
82,1576724400,108,76,0,184,51,-0.8981823951540207,-1.069266833745015
82,1576738800,23,118,95,141,51,-0.4906141298674811,-1.1413603117463402
82,1576753200,328,1120,792,1448,51,2.499649879655867,1.0499461009916145
82,1576767600,472,790,318,1262,51,0.4660987454893434,0.7380998938230914
82,1576782000,955,1181,226,2136,51,0.07140105700132608,2.2034417490128178
82,1576796400,518,467,0,985,51,-0.8981823951540207,0.27368376809362427
82,1576810800,112,66,0,178,51,-0.8981823951540207,-1.0793263888149673
82,1576825200,23,127,104,150,51,-0.45200239947191423,-1.1262709791414118
82,1576839600,272,1024,752,1296,51,2.328042189008903,0.795104039219488
82,1576854000,466,797,331,1263,51,0.5218712449496067,0.73977648633475
82,1576868400,815,971,156,1786,51,-0.22891240163086096,1.6166343699322636
82,1576882800,395,444,49,839,51,-0.6879629741114898,0.028901261391450325
82,1576897200,147,190,43,337,51,-0.7137041277085343,-0.81274817946123
82,1576911600,19,59,40,78,51,-0.7265747045070566,-1.24698563998084
82,1576926000,133,386,253,519,51,0.1872362481880268,-0.5076083423393419
82,1576940400,312,577,265,889,51,0.23871855538211603,0.11273088697438662
82,1576954800,406,724,318,1130,51,0.4660987454893434,0.5167896822841396
82,1576969200,274,453,179,727,51,-0.13023797950885665,-0.15887709991432697
82,1576983600,138,144,6,282,51,-0.8724412415569761,-0.9049607676024599
82,1576998000,22,32,10,54,51,-0.8552804724922797,-1.2872238602606494
82,1577012400,115,249,134,364,51,-0.3232966314866912,-0.7674801816464444
82,1577026800,213,488,275,701,51,0.28162047804385704,-0.20246850521745383
82,1577041200,318,569,251,887,51,0.17865586365567862,0.10937770195106916
82,1577055600,224,368,144,592,51,-0.28039470882495016,-0.38521708898825496
82,1577070000,64,70,6,134,51,-0.8724412415569761,-1.1530964593279514
82,1577084400,19,123,104,142,51,-0.45200239947191423,-1.1396837192346816
82,1577098800,209,789,580,998,51,1.5901291192269575,0.2954794707451877
82,1577113200,354,647,293,1001,51,0.3588439388349908,0.3005092482801639
82,1577127600,682,778,96,1460,51,-0.486323937601307,1.070065211131519
82,1577142000,286,309,23,595,51,-0.7995079730320164,-0.3801873114532788
82,1577156400,82,62,0,144,52,-1.1973621828880723,-0.9675529052872817
82,1577170800,16,103,87,119,52,-0.40241018417575314,-1.0356904338286395
82,1577185200,172,544,372,716,52,2.2017429150542576,0.5914337477389863
82,1577199600,312,460,148,772,52,0.15496995285242457,0.7440618116716279
82,1577214000,365,516,151,881,52,0.18238209073905626,1.0411414361119482
82,1577228400,187,273,86,460,52,-0.41154756347129706,-0.10629454452451827
82,1577242800,87,94,7,181,52,-1.133400527819265,-0.8667093630460719
82,1577257200,16,36,20,52,52,-1.0146145969771942,-1.2182990103194786
82,1577271600,80,116,36,196,52,-0.8684165282484919,-0.8258268459212572
82,1577286000,123,267,144,390,52,0.11842043567024897,-0.29707962444032027
82,1577300400,180,354,174,534,52,0.3925418145365659,0.095392539957901
82,1577314800,169,254,85,423,52,-0.42068494276684093,-0.2071380867657279
82,1577329200,49,62,13,111,52,-1.0785762520460016,-1.057494442961874
82,1577343600,13,109,96,122,52,-0.3201737705158581,-1.0275139304036764
82,1577358000,166,564,398,730,52,2.439314776738399,0.6295907637221466
82,1577372400,287,485,198,772,52,0.6118389176296194,0.7440618116716279
82,1577386800,541,744,203,1285,52,0.6575258141073389,2.142243897340291
82,1577401200,269,298,29,567,52,-0.9323781833172992,0.18533407763249338
82,1577415600,83,80,0,163,52,-1.1973621828880723,-0.9157683835958497
82,1577430000,11,119,108,130,52,-0.21052521896933132,-1.0057099212704421
82,1577434186,28,124,96,152,52,-0.3201737705158581,-0.9457488961540471
82,1577444400,156,474,318,630,52,1.708324433094887,0.35704064955671516
82,1577458800,370,579,209,949,52,0.7123500898806023,1.2264755137444414
82,1577473200,575,800,225,1375,52,0.8585481586093047,2.387539000089179
82,1577487600,274,347,73,621,52,-0.5303334943133677,0.33251113928182635
