remote_unit_id,time_stamp,entries,exits,num_people_exited,sum_exit_entry,week_num,z_score_num_people_exited,z_score_sum_exit_entry
81,1546311600,157,132,0,289,1,-0.9414919413009918,-0.9988110238681495
81,1546326000,67,89,22,156,1,-0.8550770655920301,-1.1909509225983472
81,1546340400,91,248,157,339,1,-0.32480396465067496,-0.9265779792327368
81,1546354800,307,583,276,890,1,0.14262195395689,-0.1305698273504889
81,1546369200,521,1003,482,1524,1,0.9517794265044395,0.7853451786265441
81,1546383600,517,762,245,1279,1,0.020855538185171413,0.43140325991302186
81,1546398000,178,87,0,265,1,-0.9414919413009918,-1.0334828852931475
81,1546412400,22,189,167,211,1,-0.285524475692056,-1.1114945734993933
81,1546426800,373,1262,889,1635,1,2.550454627120229,0.9457025377171602
81,1546441200,426,852,426,1278,1,0.7318142883361736,0.4299585990203136
81,1546455600,1178,1239,61,2417,1,-0.7018870586534164,2.0754273558150147
81,1546470000,592,712,120,1304,1,-0.4701380737975649,0.4675197822307282
81,1546484400,203,87,0,290,1,-0.9414919413009918,-0.9973663629754412
81,1546498800,25,160,135,185,1,-0.4112188403596365,-1.1490557567098079
81,1546513200,390,1266,876,1656,1,2.4993912914740246,0.9760404164640336
81,1546527600,444,840,396,1284,1,0.6139758214603168,0.4386265643765631
81,1546542000,1175,1284,109,2459,1,-0.5133455116520457,2.1361031133087613
81,1546556400,623,596,0,1219,1,-0.9414919413009918,0.3447236063505266
81,1546570800,193,98,0,291,1,-0.9414919413009918,-0.9959217020827329
81,1546585200,30,177,147,207,1,-0.36408345360929384,-1.1172732170702262
81,1546599600,398,1180,782,1578,1,2.130164095263007,0.8633568668327898
81,1546614000,489,851,362,1340,1,0.4804255590010126,0.5195275743682254
81,1546628400,1126,1374,248,2500,1,0.03263938487275708,2.1953342099098
81,1546642800,576,808,232,1384,1,-0.03020779746103316,0.5830926536473885
81,1546657200,247,128,0,375,1,-0.9414919413009918,-0.8745701870952396
81,1546671600,31,97,66,128,1,-0.682247314174107,-1.2314014275941783
81,1546686000,196,400,204,596,1,-0.1401903665451661,-0.5553001298067155
81,1546700400,417,765,348,1182,1,0.4254342744589461,0.2912711533203212
81,1546714800,551,1011,460,1562,1,0.8653645507954778,0.8402422925494577
81,1546729200,385,571,186,956,1,-0.21089344667068013,-0.03522220843174413
81,1546743600,190,162,0,352,1,-0.9414919413009918,-0.9077973876275295
81,1546758000,26,70,44,96,1,-0.7686621898830686,-1.2776305761608424
81,1546772400,121,400,279,521,1,0.15440580064447568,-0.6636496967598345
81,1546786800,353,758,405,1111,1,0.6493273615230739,0.1887002299380352
81,1546801200,481,960,479,1441,1,0.9399955798168538,0.665438324531759
81,1546815600,308,330,22,638,1,-0.8550770655920301,-0.49462437231296885
81,1546830000,123,54,0,177,1,-0.9414919413009918,-1.160613043851474
81,1546844400,28,204,176,232,1,-0.25017293562929904,-1.08115669475252
81,1546858800,369,1294,925,1663,1,2.6918607873712572,0.9861530427129913
81,1546873200,328,669,341,997,1,0.39793863218791287,0.024008888169294276
81,1546887600,1154,1015,0,2169,1,-0.9414919413009918,1.717151454423368
81,1546902000,564,436,0,1000,1,-0.9414919413009918,0.028342870847419037
81,1546916400,110,45,0,155,2,-0.7150919744126452,-1.1554119393806417
81,1546930800,31,196,165,227,2,-0.15348276935865832,-1.0504022413233258
81,1546945200,372,1292,920,1664,2,2.416304805282312,1.0454163157372713
81,1546959600,383,698,315,1081,2,0.3570710534176934,0.19512945507872698
81,1546974000,1175,1080,0,2255,2,-0.7150919744126452,1.907370920624406
81,1546988400,638,474,0,1112,2,-0.7150919744126452,0.2403419639645158
81,1547002800,157,61,0,218,2,-0.7150919744126452,-1.0635284535804903
81,1547017200,30,178,148,208,2,-0.21134553593997818,-1.0781131338662286
81,1547031600,393,1369,976,1762,2,2.606911565785483,1.1883461825375068
81,1547046000,405,813,408,1218,2,0.6736144235390314,0.39493957499334204
81,1547060400,1176,1020,0,2196,2,-0.7150919744126452,1.82132130693855
81,1547074800,557,505,0,1062,2,-0.7150919744126452,0.16741856253582418
81,1547089200,141,77,0,218,2,-0.7150919744126452,-1.0635284535804903
81,1547103600,27,176,149,203,2,-0.20794184378813582,-1.0854054740090977
81,1547118000,382,1355,973,1737,2,2.5967004893299563,1.151884481823161
81,1547132400,384,724,340,1108,2,0.442163357213752,0.23450809185022045
81,1547146800,1131,1106,0,2237,2,-0.7150919744126452,1.881118496110077
81,1547161200,665,558,0,1223,2,-0.7150919744126452,0.4022319151362112
81,1547175600,153,82,0,235,2,-0.7150919744126452,-1.0387344970947352
81,1547190000,27,204,177,231,2,-0.11263846353655017,-1.0445683692090304
81,1547204400,347,1264,917,1611,2,2.406093728826785,0.9681175102228581
81,1547218800,435,772,337,1207,2,0.43195228075822495,0.37889642667902984
81,1547233200,1171,1096,0,2267,2,-0.7150919744126452,1.924872536967292
81,1547247600,508,549,41,1057,2,-0.5755405961871091,0.16012622239295501
81,1547262000,199,122,0,321,2,-0.7150919744126452,-0.9133062466373856
81,1547276400,38,74,36,112,2,-0.5925590569463208,-1.2181260646093166
81,1547290800,193,384,191,577,2,-0.06498677341075736,-0.5399384313224845
81,1547305200,339,663,324,1002,2,0.3877042827842745,0.07991048082139424
81,1547319600,536,821,285,1357,2,0.25496028886242306,0.5976666309651048
81,1547334000,430,565,135,995,2,-0.25559353391392864,0.06970120462137741
81,1547348400,206,138,0,344,2,-0.7150919744126452,-0.8797614819801874
81,1547362800,41,63,22,104,2,-0.6402107470721136,-1.2297938088379072
81,1547365164,3,29,26,32,2,-0.6265959784647442,-1.334803506895223
81,1547377200,156,303,147,459,2,-0.2147492280918205,-0.7120376586941968
81,1547391600,307,611,304,918,2,0.3196304397474276,-0.04260083357880769
81,1547406000,482,741,259,1223,2,0.16646429291452208,0.4022319151362112
81,1547420400,298,316,18,614,2,-0.653825515679483,-0.4859751142652527
81,1547434800,102,79,0,181,2,-0.7150919744126452,-1.117491770637722
81,1547449200,31,194,163,225,2,-0.160290153662343,-1.0533191773804735
81,1547463600,396,1326,930,1722,2,2.4503417268007355,1.1300074613945534
81,1547478000,360,688,328,1048,2,0.40131905139164387,0.14700001013579053
81,1547492400,1115,926,0,2041,2,-0.7150919744126452,1.595258762509606
81,1547506800,525,438,0,963,2,-0.7150919744126452,0.02303022770701477
81,1547521200,150,64,0,214,3,-0.7457019322607636,-1.0433499587817112
81,1547535600,22,207,185,229,3,0.02666271064579135,-1.0198052884635271
81,1547550000,389,1275,886,1664,3,2.953298465659278,1.2326348386427486
81,1547564400,378,774,396,1152,3,0.9075758979608352,0.42897675844873234
81,1547578800,1069,1086,17,2155,3,-0.6747278839936748,2.003330380391307
81,1547593200,651,514,0,1165,3,-0.7457019322607636,0.44938213939115856
81,1547607600,175,77,0,252,3,-0.7457019322607636,-0.9837034606423116
81,1547622000,33,201,168,234,3,-0.044311337621297485,-1.0119570650241325
81,1547627102,67,424,357,491,3,0.7447530813481019,-0.6085583802392455
81,1547636400,414,1194,780,1608,3,2.5107543999939006,1.144734736121528
81,1547650800,391,751,360,1142,3,0.7572779133952352,0.413280311569943
81,1547665200,1169,1049,0,2218,3,-0.7457019322607636,2.10221799572768
81,1547679600,627,533,0,1160,3,-0.7457019322607636,0.4415339159517639
81,1547694000,167,65,0,232,3,-0.7457019322607636,-1.0150963543998903
81,1547708400,27,201,174,228,3,-0.019261673527030836,-1.0213749331514062
81,1547722800,370,1305,935,1675,3,3.1578707224291223,1.2499009302094168
81,1547737200,406,771,365,1177,3,0.7781526334737908,0.4682178756457058
81,1547751600,1158,1152,0,2310,3,-0.7457019322607636,2.2466253070125424
81,1547766000,662,549,0,1211,3,-0.7457019322607636,0.5215857950335897
81,1547780400,175,88,0,263,3,-0.7457019322607636,-0.9664373690756434
81,1547794800,36,174,138,210,3,-0.16955965809263074,-1.049628537533227
81,1547797483,23,98,75,121,3,-0.4325811310824305,-1.1893269147544525
81,1547809200,366,1100,734,1466,3,2.3187069752711897,0.9218451904427188
81,1547823600,472,691,219,1163,3,0.168610807179969,0.4462428500154007
81,1547838000,1080,1031,0,2111,3,-0.7457019322607636,1.9342660141246337
81,1547852400,523,584,61,1107,3,-0.49103034730238604,0.35834274749418016
81,1547866800,223,143,0,366,3,-0.7457019322607636,-0.8047639662241127
81,1547881200,27,93,66,120,3,-0.47015562722383053,-1.1908965594423315
81,1547895600,229,358,129,587,3,-0.2071341542340307,-0.45787249020286747
81,1547910000,425,728,303,1153,3,0.519306104499702,0.4305464031366113
81,1547924400,590,793,203,1383,3,0.10181170292859129,0.791564681348767
81,1547938800,467,609,142,1076,3,-0.1528598820297863,0.3096837621699331
81,1547953200,177,113,0,290,3,-0.7457019322607636,-0.924056962502912
81,1547967600,22,54,32,76,3,-0.6121037237580081,-1.2599609257090048
81,1547982000,158,300,142,458,3,-0.1528598820297863,-0.6603566549392504
81,1547996400,349,605,256,954,3,0.32308373576128,0.11818711024870268
81,1548010800,510,765,255,1275,3,0.3189087917455689,0.6220430550578417
81,1548025200,335,346,11,681,3,-0.6997775480879415,-0.3103258895422473
81,1548039600,106,65,0,171,3,-0.7457019322607636,-1.1108446803605057
81,1548054000,18,117,99,135,3,-0.3323824747053639,-1.1673518891241474
81,1548068400,167,380,213,547,3,0.14356114308570236,-0.520658277718025
81,1548082800,328,483,155,811,3,-0.09858560982554189,-0.10627208011798542
81,1548097200,573,554,0,1127,3,-0.7457019322607636,0.3897356412517589
81,1548111600,246,249,3,495,3,-0.7331771002136304,-0.6022798014877297
81,1548126000,78,38,0,116,4,-0.7180141145951516,-1.2762544333888295
81,1548140400,25,209,184,234,4,-0.05893191034389477,-1.0946964515335267
81,1548154800,417,1300,883,1717,4,2.4448640721106085,1.1870873373767619
81,1548169200,353,673,320,1026,4,0.42821580584181684,0.1238961046478277
81,1548183600,1121,1017,0,2138,4,-0.7180141145951516,1.8348492895893256
81,1548198000,546,490,0,1036,4,-0.7180141145951516,0.13928237429658216
81,1548212400,136,62,0,198,4,-0.7180141145951516,-1.150087022269043
81,1548226800,18,172,154,190,4,-0.16639096538486056,-1.1623960379880465
81,1548241200,331,1333,1002,1664,4,2.871118323773106,1.1055401082383631
81,1548255600,356,740,384,1096,4,0.6574617899292106,0.231599992189109
81,1548270000,1083,843,0,1926,4,-0.7180141145951516,1.5086603730357304
81,1548284400,593,494,0,1087,4,-0.7180141145951516,0.21775234950523
81,1548298800,159,63,0,222,4,-0.7180141145951516,-1.113159975112032
81,1548313200,27,188,161,215,4,-0.1413171858753019,-1.1239303638661602
81,1548327600,393,1278,885,1671,4,2.4520280091133393,1.1163104969924913
81,1548342000,403,767,364,1170,4,0.5858224199019,0.3454583875898921
81,1548356400,1145,1109,0,2254,4,-0.7180141145951516,2.0133300175148774
81,1548370800,634,534,0,1168,4,-0.7180141145951516,0.3423811336601412
81,1548385200,140,46,0,186,4,-0.7180141145951516,-1.1685505458475482
81,1548399600,41,182,141,223,4,-0.21295655590261242,-1.1116213481471566
81,1548414000,401,1211,810,1612,4,2.183380371510925,1.02553150606484
81,1548428400,441,711,270,1152,4,0.2491173807735405,0.3177631022221341
81,1548442800,1069,1028,0,2097,4,-0.7180141145951516,1.7717655840294322
81,1548457200,612,675,63,1287,4,-0.49235009900912347,0.5254777424803195
81,1548471600,220,171,0,391,4,-0.7180141145951516,-0.8531320180480815
81,1548486000,29,90,61,119,4,-0.49951403601185457,-1.2716385524942033
81,1548500400,210,344,134,554,4,-0.2380303354121711,-0.6023358227733835
81,1548514800,375,698,323,1073,4,0.43896171134591344,0.19621157199697373
81,1548529200,564,761,197,1325,4,-0.012366319826142929,0.5839455671455865
81,1548543600,482,517,35,999,4,-0.5926452170473583,0.08235317659619061
81,1548558000,195,152,0,347,4,-0.7180141145951516,-0.9208316045026012
81,1548572400,26,60,34,86,4,-0.5962271855487238,-1.322413242335093
81,1548586800,122,300,178,422,4,-0.08042372135208793,-0.8054345821369426
81,1548601200,377,649,272,1026,4,0.25628131777627156,0.1238961046478277
81,1548615600,412,673,261,1085,4,0.21687966426125077,0.2146750955754791
81,1548630000,294,306,12,600,4,-0.6750304925787654,-0.5315589823891129
81,1548644400,96,67,0,163,4,-0.7180141145951516,-1.2039389660396835
81,1548658800,28,180,152,208,4,-0.17355490238759164,-1.1347007526202884
81,1548673200,382,1243,861,1625,4,2.3660607650805665,1.0455336566082207
81,1548687600,381,645,264,1026,4,0.22762556976534734,0.1238961046478277
81,1548702000,1103,835,0,1938,4,-0.7180141145951516,1.5271238966142358
81,1548716400,512,526,14,1038,4,-0.6678665555760342,0.14235962822633308
81,1548730800,123,50,0,173,5,-0.7931282830874515,-1.1407222971192663
81,1548745200,23,197,174,220,5,-0.10606265682135077,-1.0679692119615398
81,1548759600,377,1079,702,1456,5,1.9788261401240583,0.8452821338884591
81,1548774000,398,666,268,1064,5,0.26511072748332437,0.2384904449133785
81,1548788400,1118,943,0,2061,5,-0.7931282830874515,1.7817846130464277
81,1548802800,618,438,0,1056,5,-0.7931282830874515,0.2261069410567442
81,1548817200,139,56,0,195,5,-0.7931282830874515,-1.106667661513522
81,1548831600,30,191,161,221,5,-0.15739514614008246,-1.0664212739794605
81,1548834559,26,194,168,220,5,-0.12975457496845771,-1.0679692119615398
81,1548846000,398,1195,797,1593,5,2.3539481774532516,1.0573496374333213
81,1548860400,374,722,348,1096,5,0.58100296944475,0.2880244603399157
81,1548874800,1220,964,0,2184,5,-0.7931282830874515,1.97218098484218
81,1548889200,580,445,0,1025,5,-0.7931282830874515,0.1781208636122863
81,1548903600,119,62,0,181,5,-0.7931282830874515,-1.1283387932626319
81,1548918000,22,211,189,233,5,-0.046832861453583466,-1.047846018194509
81,1548932400,386,1224,838,1610,5,2.515842951458482,1.0836645831286693
81,1548946800,322,607,285,929,5,0.3322378289001273,0.02951881733267475
81,1548961200,1070,1039,0,2109,5,-0.7931282830874515,1.8560856361862335
81,1548975600,536,475,0,1011,5,-0.7931282830874515,0.1564497318631763
81,1548990000,143,73,0,216,5,-0.7931282830874515,-1.0741609638898568
81,1549004400,22,170,148,192,5,-0.20872763545881412,-1.1113114754597597
81,1549018800,300,1215,915,1515,5,2.819889234346354,0.936610474831137
81,1549033200,367,641,274,1008,5,0.2888026456304313,0.15180591791693843
81,1549047600,1103,1119,16,2222,5,-0.7299498346951664,2.031002628161193
81,1549062000,466,660,194,1126,5,-0.027089596330994364,0.3344625998022943
81,1549076400,195,155,0,350,5,-0.7931282830874515,-0.8667372742912325
81,1549090800,35,88,53,123,5,-0.583849672788007,-1.2181191962232305
81,1549105200,194,360,166,554,5,-0.13765188101749334,-0.550957925947058
81,1549119600,348,707,359,1055,5,0.624438152714446,0.22455900307466492
81,1549134000,558,795,237,1353,5,0.14270248372327193,0.6858445217342924
81,1549148400,398,574,176,972,5,-0.09816535077231514,0.09608015056208409
81,1549162800,209,184,0,393,5,-0.7931282830874515,-0.8001759410618231
81,1549177200,29,60,31,89,5,-0.6707200393273991,-1.2707490876139265
81,1549191600,135,276,141,411,5,-0.23636820663043887,-0.7723130573843959
81,1549206000,275,610,335,885,5,0.5296704801260184,-0.03859045387881388
81,1549220400,490,715,225,1205,5,0.09531864742905807,0.456749700386558
81,1549234800,273,369,96,642,5,-0.41405759273374076,-0.41473938352408063
81,1549249200,90,79,0,169,5,-0.7931282830874515,-1.1469140490475833
81,1549263600,24,190,166,214,5,-0.13765188101749334,-1.0772568398540154
81,1549278000,388,1239,851,1627,5,2.5671754407772136,1.109979528824017
81,1549292400,385,709,324,1094,5,0.48623529685632233,0.28492858437575713
81,1549306800,1168,913,0,2081,5,-0.7931282830874515,1.8127433726880133
81,1549321200,506,488,0,994,5,-0.7931282830874515,0.13013478616782842
81,1549335600,119,70,0,189,6,-0.6991643864280374,-1.1528513435280277
81,1549350000,31,186,155,217,6,-0.12692901357833616,-1.1114024095958084
81,1549364400,407,1127,720,1534,6,1.9589612164867034,0.8381778042875057
81,1549378800,390,748,358,1138,6,0.6225147327990144,0.25197145296040435
81,1549393200,1067,1043,0,2110,6,-0.6991643864280374,1.6908415880360168
81,1549407600,650,553,0,1203,6,-0.6991643864280374,0.34819219244591343
81,1549422000,137,70,0,207,6,-0.6991643864280374,-1.1262056002858867
81,1549436400,26,186,160,212,6,-0.10846980800253936,-1.1188040049408476
81,1549450800,375,1287,912,1662,6,2.6677947105973012,1.027658645120508
81,1549465200,390,778,388,1168,6,0.7332699662537953,0.29638102503063934
81,1549479600,1191,1181,0,2372,6,-0.6991643864280374,2.0786851841160687
81,1549494000,643,511,0,1154,6,-0.6991643864280374,0.27565655806452966
81,1549508400,154,72,0,226,6,-0.6991643864280374,-1.098079537974738
81,1549522800,23,197,174,220,6,-0.056784032390308284,-1.106961452388785
81,1549537200,388,1306,918,1694,6,2.6899457572882572,1.0750288553287586
81,1549551600,373,732,359,1105,6,0.6262065739141738,0.20312092368314594
81,1549566000,1160,1137,0,2297,6,-0.6991643864280374,1.9676612539404812
81,1549580400,640,587,0,1227,6,-0.6991643864280374,0.38371985010210136
81,1549594800,174,85,0,259,6,-0.6991643864280374,-1.0492290086974794
81,1549609200,23,180,157,203,6,-0.11954533134801745,-1.132126876561918
81,1549623600,402,1315,913,1717,6,2.6714865517124604,1.1090761939159388
81,1549638000,428,711,283,1139,6,0.3456266491620622,0.2534517720294122
81,1549652400,1126,1177,51,2303,6,-0.5108804895549098,1.9765431683545283
81,1549666800,578,483,0,1061,6,-0.6991643864280374,0.13798688464680137
81,1549681200,202,149,0,351,6,-0.6991643864280374,-0.913039654348759
81,1549695600,30,94,64,124,6,-0.46288655505783816,-1.2490720830135367
81,1549710000,245,304,59,549,6,-0.481345760633635,-0.6199364786852083
81,1549724400,393,627,234,1020,6,0.16472643451925345,0.07729380281748027
81,1549738800,605,807,202,1412,6,0.046587518834153865,0.6575788778685502
81,1549753200,447,567,120,1014,6,-0.25614345260891386,0.06841188840343328
81,1549767600,200,170,0,370,6,-0.6991643864280374,-0.8849135920376102
81,1549782000,27,53,26,80,6,-0.6031765174338939,-1.3142061220498813
81,1549796400,161,284,123,445,6,-0.24506792926343576,-0.7738896618620228
81,1549810800,357,590,233,947,6,0.1610345934040941,-0.030769489220091425
81,1549825200,491,666,175,1157,6,-0.05309219127514892,0.2800975152715532
81,1549839600,350,371,21,721,6,-0.6216357230096907,-0.36532159881586135
81,1549854000,92,56,0,148,6,-0.6991643864280374,-1.2135444253573489
81,1549868400,27,184,157,211,6,-0.11954533134801745,-1.1202843240098554
81,1549882800,398,1234,836,1632,6,2.3872147858451895,0.9832490730502731
81,1549897200,381,537,156,918,6,-0.12323717246317681,-0.07369874222131853
81,1549911600,1136,819,0,1955,6,-0.6991643864280374,1.4613921323398027
81,1549926000,514,462,0,976,6,-0.6991643864280374,0.012159763781135686
81,1549940400,129,57,0,186,7,-0.8204046111661775,-1.0715000229129696
81,1549954800,27,198,171,225,7,-0.1283508271169073,-1.0118670711077424
81,1549969200,413,1284,871,1697,7,2.7046178795175315,1.2388945970280087
81,1549983600,393,487,94,880,7,-0.4399773848466956,-0.010339290789184757
81,1549998000,1221,897,0,2118,7,-0.8204046111661775,1.8826246665152038
81,1550012400,581,372,0,953,7,-0.8204046111661775,0.10128136258983007
81,1550026800,164,39,0,203,7,-0.8204046111661775,-1.0455061721260757
81,1550041200,26,198,172,224,7,-0.12430372896457237,-1.0133961211540303
81,1550055600,438,1317,879,1755,7,2.736994664736211,1.3275794997127053
81,1550070000,412,750,338,1162,7,0.5475145643230233,0.42085282226399584
81,1550084400,1191,1076,0,2267,7,-0.8204046111661775,2.110453123412097
81,1550098800,656,541,0,1197,7,-0.8204046111661775,0.4743695738840714
81,1550113200,139,58,0,197,7,-0.8204046111661775,-1.054680472403803
81,1550127600,28,203,175,231,7,-0.11216243450756763,-1.0026927708300153
81,1550142000,421,1271,850,1692,7,2.6196288183184984,1.2312493467965693
81,1550156400,431,838,407,1269,7,0.8267643368341322,0.5844611772167984
81,1550170800,1228,1226,0,2454,7,-0.8204046111661775,2.3963854820679296
81,1550185200,628,600,0,1228,7,-0.8204046111661775,0.5217701253189956
81,1550199600,197,105,0,302,7,-0.8204046111661775,-0.8941302175435761
81,1550214000,30,189,159,219,7,-0.17691600494492624,-1.0210413713854698
81,1550228400,434,1169,735,1603,7,2.1542125307999833,1.0951638926769485
81,1550242800,437,685,248,1122,7,0.18327573061288102,0.35969082041248085
81,1550257200,1057,1080,23,2137,7,-0.7273213536624744,1.9116766173946733
81,1550271600,538,758,220,1296,7,0.06995698234750347,0.625745528466571
81,1550286000,232,179,0,411,7,-0.8204046111661775,-0.7274637624981979
81,1550300400,36,72,36,108,7,-0.6747090776821205,-1.1907659265234238
81,1550314800,93,289,196,382,7,-0.02717337330853445,-0.7718062138405463
81,1550329200,203,598,395,801,7,0.7781991590061133,-0.13113424444592683
81,1550343600,373,806,433,1179,7,0.93198888879484,0.4468466730508897
81,1550358000,269,562,293,831,7,0.3653951474679521,-0.0852627430572906
81,1550372400,162,196,34,358,7,-0.6828032739867904,-0.8085034149514552
81,1550386800,22,35,13,57,7,-0.7677923351858236,-1.2687474788841053
81,1550401200,82,284,202,366,7,-0.002890784394524971,-0.7962710145811522
81,1550415600,214,572,358,786,7,0.6284565273697215,-0.15406999514024494
81,1550430000,301,774,473,1075,7,1.0938728148882364,0.28782546823695077
81,1550444400,264,367,103,631,7,-0.40355350147568136,-0.3910727523148655
81,1550458800,112,86,0,198,7,-0.8204046111661775,-1.0531514223575151
81,1550473200,18,77,59,95,7,-0.5816258201784176,-1.2106435771251662
81,1550487600,231,447,216,678,7,0.05376858973816381,-0.3192074001393354
81,1550502000,318,538,220,856,7,0.06995698234750347,-0.04703649190009374
81,1550516400,522,586,64,1108,7,-0.5613903294167429,0.3382841197644506
81,1550530800,315,392,77,707,7,-0.5087780534363892,-0.27486494879698703
81,1550545200,88,62,0,150,8,-0.7643389909830229,-1.1099403619757613
81,1550559600,24,200,176,224,8,-0.06355973473156143,-1.0093342356214732
81,1550574000,407,1131,724,1538,8,2.1184120404150346,0.7771042782911547
81,1550588400,373,756,383,1129,8,0.760652231427828,0.22105149884650874
81,1550602800,1079,1126,47,2205,8,-0.5771990759613258,1.6839189577277778
81,1550617200,616,541,0,1157,8,-0.7643389909830229,0.2591186817913745
81,1550631600,134,67,0,201,8,-0.7643389909830229,-1.0406037073261842
81,1550646000,27,197,170,224,8,-0.08744993664922489,-1.0093342356214732
81,1550660400,468,1182,714,1650,8,2.0785950372189292,0.9293730100706177
81,1550662183,29,80,51,109,8,-0.5612722746828835,-1.165681594145029
81,1550662233,0,0,0,0,8,-0.7643389909830229,-1.3138716991803991
81,1550662282,0,0,0,0,8,-0.7643389909830229,-1.3138716991803991
81,1550674800,487,688,201,1175,8,0.03598277325870299,0.28359044225593105
81,1550689200,1054,888,0,1942,8,-0.7643389909830229,1.326359346495646
81,1550703600,529,526,0,1055,8,-0.7643389909830229,0.12044537249222072
81,1550718000,142,74,0,216,8,-0.7643389909830229,-1.0202105736057205
81,1550732400,27,204,177,231,8,-0.05957803441195085,-0.9998174398852567
81,1550746800,391,1152,761,1543,8,2.265734952240626,0.7839019895313093
81,1550761200,427,775,348,1202,8,0.6212927202414578,0.32029808295276585
81,1550775600,1078,1151,73,2229,8,-0.47367486765145084,1.7165479716805199
81,1550790000,609,688,79,1297,8,-0.4497846657337874,0.4494545965157032
81,1550804400,149,86,0,235,8,-0.7643389909830229,-0.994379270893133
81,1550818800,21,204,183,225,8,-0.03568783249428739,-1.0079746933734424
81,1550833200,451,1176,725,1627,8,2.1223937407346454,0.8981035383659065
81,1550847600,448,777,329,1225,8,0.5456404141688569,0.351567554657477
81,1550862000,1063,1105,42,2168,8,-0.5971075775593787,1.6336158945506338
81,1550876400,569,567,0,1136,8,-0.7643389909830229,0.23056829458272518
81,1551495600,9796,9584,0,19380,9,-0.9456558967787837,4.219184216521001
81,1551510000,19,78,59,97,9,-0.5271480956382324,-0.34837289432904844
81,1551524400,78,261,183,339,9,0.3524276220130958,-0.29105044342277286
81,1551538800,185,387,202,572,9,0.4872013206854767,-0.23585981920309432
81,1551553200,311,462,151,773,9,0.12544034003855947,-0.1882490232024274
81,1551567600,253,353,100,606,9,-0.23632064060835778,-0.22780625172039443
81,1551582000,172,95,0,267,9,-0.9456558967787837,-0.30810505691554907
81,1551596400,17,55,38,72,9,-0.6761084994340218,-0.3542946351251513
81,1551610800,59,252,193,311,9,0.4233611476301384,-0.29768279311440804
81,1551625200,113,385,272,498,9,0.9837360000047749,-0.25338817195955876
81,1551639600,324,449,125,773,9,-0.05898682656575128,-0.1882490232024274
81,1551654000,211,198,0,409,9,-0.9456558967787837,-0.27446956919368487
81,1551668400,72,38,0,110,9,-0.9456558967787837,-0.34529358911507496
81,1551682800,19,205,186,224,9,0.37370767969820856,-0.318290451084846
81,1551686618,28,219,191,247,9,0.40917444250672985,-0.31284244955243135
81,1551697200,354,960,606,1314,9,3.352915755613998,-0.06010255237476175
81,1551711600,415,608,193,1023,9,0.4233611476301384,-0.12903161524139892
81,1551726000,905,934,29,1839,9,-0.7399486724893602,0.06425400434339808
81,1551740400,464,469,5,933,9,-0.9101891339702625,-0.15034988210736916
81,1551754800,131,38,0,169,10,-0.668727050696532,-1.113514080627169
81,1551769200,20,195,175,215,10,-0.0527170466083618,-1.0467985436994356
81,1551777543,188,912,724,1100,10,1.8797943376453838,0.23675037327978254
81,1551783600,425,1031,606,1456,10,1.464427592031646,0.7530706155900669
81,1551798000,459,645,186,1104,10,-0.013996417779962527,0.24255172431697675
81,1551812400,1041,1240,199,2281,10,0.031764325380872975,1.949599267011372
81,1551826800,566,544,0,1110,10,-0.668727050696532,0.2512537508727681
81,1551841200,144,52,0,196,10,-0.668727050696532,-1.074354961126108
81,1551855600,23,182,159,205,10,-0.10903796126785165,-1.0613019212924213
81,1551870000,436,1375,939,1811,10,2.6366066283822787,1.2679405201410527
81,1551884400,409,838,429,1247,10,0.8413774736110397,0.44995002389666966
81,1551898800,1128,1042,0,2170,10,-0.668727050696532,1.7886117757292328
81,1551913200,550,586,36,1136,10,-0.5420049927126799,0.2889625326145304
81,1551927600,132,63,0,195,10,-0.668727050696532,-1.0758052988854068
81,1551942000,23,177,154,200,10,-0.12663824709894222,-1.068553610088914
81,1551956400,352,1360,1008,1712,10,2.8794905728513287,1.1243570819704962
81,1551970800,394,740,346,1134,10,0.549212728814936,0.2860618570959333
81,1551985200,1130,1124,0,2254,10,-0.668727050696532,1.9104401475103112
81,1551999600,568,604,36,1172,10,-0.5420049927126799,0.3411746919492783
81,1552014000,163,72,0,235,10,-0.668727050696532,-1.0177917885134646
81,1552028400,21,186,165,207,10,-0.08791761827054295,-1.058401245773824
81,1552042800,331,1280,949,1611,10,2.67180720004446,0.9778729682813425
81,1552057200,401,748,347,1149,10,0.552732785981154,0.30781692348541156
81,1552071600,1162,1201,39,2363,10,-0.5314448212140256,2.0685269632738534
81,1552086000,608,554,0,1162,10,-0.668727050696532,0.32667131435629276
81,1552100400,231,53,0,284,10,-0.668727050696532,-0.9467252383078356
81,1552114800,31,85,54,116,10,-0.4786439637207538,-1.1903819818699923
81,1552129200,269,297,28,566,10,-0.5701654500424248,-0.537729990185644
81,1552143600,397,352,0,749,10,-0.668727050696532,-0.2723181802340091
81,1552158000,598,412,0,1010,10,-0.668727050696532,0.1062199749429129
81,1552172400,470,230,0,700,10,-0.668727050696532,-0.34338473043963813
81,1552190400,220,66,0,286,10,-0.668727050696532,-0.9438245627892385
81,1552204800,31,95,64,126,10,-0.44344339205857264,-1.1758786042770069
81,1552219200,251,300,49,551,10,-0.4962442495518444,-0.5594850565751224
81,1552233600,326,412,86,738,10,-0.3660021344017741,-0.2882718955862932
81,1552248000,474,274,0,748,10,-0.668727050696532,-0.27376851799330765
81,1552262400,332,92,0,424,10,-0.668727050696532,-0.7436779520060384
81,1552276800,40,11,0,51,10,-0.668727050696532,-1.2846539362243983
81,1552291200,69,361,292,430,10,0.35912964183915774,-0.734975925450247
81,1552305600,488,1155,667,1643,10,1.6791510791709512,1.0242837765788961
81,1552320000,447,689,242,1136,10,0.18312678352825196,0.2889625326145304
81,1552334400,1129,1063,0,2192,10,-0.668727050696532,1.820519206433801
81,1552348800,412,476,64,888,11,-0.5495601980110101,-0.16294033882724238
81,1552363200,67,46,0,113,11,-0.8380229615832802,-1.3237431466247334
81,1552377600,84,405,321,489,11,0.608798086958887,-0.7605665585836281
81,1552392000,492,1115,623,1607,11,1.9699817525655365,0.9139851047939138
81,1552406400,481,787,306,1268,11,0.5411896267466363,0.4062274895121726
81,1552420800,1157,1145,0,2302,11,-0.8380229615832802,1.9549631066252124
81,1552435200,504,452,0,956,11,-0.8380229615832802,-0.06108925375597864
81,1552449600,72,51,0,123,11,-0.8380229615832802,-1.3087650458789593
81,1552464000,82,446,364,528,11,0.802609006234006,-0.7021519656751092
81,1552478400,548,1196,648,1744,11,2.0826625195859543,1.1191850850110188
81,1552492800,475,851,376,1326,11,0.8566957744038067,0.49310047383766226
81,1552507200,1196,1158,0,2354,11,-0.8380229615832802,2.0328492305032375
81,1552521600,499,381,0,880,11,-0.8380229615832802,-0.17492281942386162
81,1552536000,82,23,0,105,11,-0.8380229615832802,-1.3357256272213527
81,1552550400,86,415,329,501,11,0.6448559324054208,-0.7425928376886992
81,1552564800,481,1149,668,1630,11,2.172807133202289,0.9484347365091942
81,1552579200,467,875,408,1342,11,1.0009271561899418,0.5170654350309007
81,1552593600,1123,1221,98,2344,11,-0.39631435486324157,2.0178711297574634
81,1552608000,559,473,0,1032,11,-0.8380229615832802,0.05274431191190436
81,1552622400,96,45,0,141,11,-0.8380229615832802,-1.281804464536566
81,1552636800,75,389,314,464,11,0.57724747219317,-0.7980118104480632
81,1552651200,453,1154,701,1607,11,2.3215457456692405,0.9139851047939138
81,1552665600,510,824,314,1334,11,0.57724747219317,0.5050829544342815
81,1552680000,1076,1204,128,2280,11,-0.26109743443873995,1.9220112849845095
81,1552694400,547,422,0,969,11,-0.8380229615832802,-0.041617722786472335
81,1552708800,143,59,0,202,11,-0.8380229615832802,-1.1904380499873441
81,1552723200,39,119,80,158,11,-0.4774445071179425,-1.2563416932687501
81,1552737600,311,315,4,626,11,-0.8199940388600133,-0.5553665783665233
81,1552752000,480,544,64,1024,11,-0.5495601980110101,0.040761831315285095
81,1552766400,606,644,38,1250,11,-0.6667481957122448,0.37926690816977926
81,1552780800,533,347,0,880,11,-0.8380229615832802,-0.17492281942386162
81,1552795200,157,102,0,259,11,-0.8380229615832802,-1.1050628757364318
81,1552809600,62,106,44,168,11,-0.6397048116273445,-1.241363592522976
81,1552824000,362,401,39,763,11,-0.662240965031428,-0.35016659814941836
81,1552838400,368,711,343,1079,11,0.7079571619368549,0.12314138541704253
81,1552852800,500,711,211,1211,11,0.11300271206904783,0.32085231526126035
81,1552867200,336,332,0,668,11,-0.8380229615832802,-0.49245855523427207
81,1552881600,47,42,0,89,11,-0.8380229615832802,-1.3596905884145911
81,1552896000,67,432,365,499,11,0.8071162369148227,-0.745588457837854
81,1552910400,449,1052,603,1501,11,1.8798371389492021,0.7552172368887086
81,1552924800,367,723,356,1090,11,0.7665511607874723,0.13961729623739402
81,1552939200,1069,1002,0,2071,11,-0.8380229615832802,1.6089689793978312
81,1552953600,421,377,0,798,12,-1.0350444058578985,-0.26788527048234023
81,1552968000,61,30,0,91,12,-1.0350444058578985,-1.312479521526675
81,1552982400,66,398,332,464,12,0.3384480946448172,-0.7613710977083767
81,1552996800,456,1128,672,1584,12,1.7450367999789236,0.8934316762232427
81,1553011200,471,760,289,1231,12,0.16055599367609194,0.37187330193943763
81,1553025600,1100,1191,91,2291,12,-0.6585750759008289,1.9380259272675775
81,1553040000,531,383,0,914,12,-1.0350444058578985,-0.09649498318227966
81,1553054400,75,42,0,117,12,-1.0350444058578985,-1.2740644571318338
81,1553068800,76,412,336,488,12,0.35499619706051255,-0.7259110382669849
81,1553083200,444,1147,703,1591,12,1.8732845937005627,0.9037741935603153
81,1553097600,458,778,320,1236,12,0.28880378739773105,0.3792608143230609
81,1553112000,1186,1132,0,2318,12,-1.0350444058578985,1.9779184941391432
81,1553126400,573,393,0,966,12,-1.0350444058578985,-0.01966485439259733
81,1553140800,92,31,0,123,12,-1.0350444058578985,-1.2651994422714858
81,1553155200,86,441,355,527,12,0.43359968353506556,-0.6682884416747231
81,1553169600,431,1159,728,1590,12,1.9767102337986588,0.9022966910835907
81,1553184000,494,846,352,1340,12,0.421188606723294,0.5329210719024255
81,1553198400,1148,1248,100,2396,12,-0.6213418454655143,2.093163687323667
81,1553212800,646,422,0,1068,12,-1.0350444058578985,0.131040398233318
81,1553227200,104,50,0,154,12,-1.0350444058578985,-1.2193968654930214
81,1553241600,71,383,312,454,12,0.2557075825663403,-0.7761461224756233
81,1553256000,425,1116,691,1541,12,1.8236402864534766,0.8298990697240823
81,1553270400,502,780,278,1282,12,0.11504871203292966,0.4472259282523953
81,1553284800,1102,1287,185,2389,12,-0.2696946691319877,2.082821169986594
81,1553299200,468,498,30,966,12,-0.9109336377401833,-0.01966485439259733
81,1553313600,116,133,17,249,12,-0.9647149705911933,-1.0790341302041786
81,1553328000,30,156,126,186,12,-0.5137791797634944,-1.1721167862378323
81,1553342400,146,408,262,554,12,0.04885630237014818,-0.6283958748031573
81,1553356800,216,894,678,1110,12,1.7698589536024667,0.19309550225575375
81,1553371200,332,978,646,1310,12,1.6374741342769037,0.4885959976006858
81,1553385600,422,536,114,958,12,-0.5634234870105805,-0.031484874206394606
81,1553400000,89,109,20,198,12,-0.9523038937794217,-1.1543867565171364
81,1553414400,31,113,82,144,12,-0.6958083063361434,-1.234171890260268
81,1553428800,89,372,283,461,12,0.13573384005254888,-0.7658036051385507
81,1553443200,167,706,539,873,12,1.1948123946570526,-0.15707258472799074
81,1553457600,333,844,511,1177,12,1.078975677747185,0.29208816819630595
81,1553472000,221,437,216,658,12,-0.1414468754103486,-0.47473561722379265
81,1553486400,50,51,1,101,12,-1.0309073802539748,-1.2977044967594284
81,1553500800,75,399,324,474,12,0.3053518898134264,-0.7465960729411302
81,1553515200,428,1057,629,1485,12,1.5671446990101985,0.7471589310275013
81,1553529600,396,682,286,1078,12,0.1481449168643204,0.1458154230005646
81,1553544000,1110,1086,0,2196,12,-1.0350444058578985,1.7976631919787347
81,1553558400,381,368,0,749,13,-0.7773851798714064,-0.2912103109349751
81,1553572800,60,66,6,126,13,-0.7503866868549243,-1.207052738329754
81,1553587200,77,455,378,532,13,0.9235198801669685,-0.6102116058702352
81,1553601600,480,1137,657,1617,13,2.1789498054333882,0.9847948688060651
81,1553616000,426,694,268,1120,13,0.42854750819812926,0.25417899976079206
81,1553630400,1137,1133,0,2270,13,-0.7773851798714064,1.944738857712631
81,1553644800,551,456,0,1007,13,-0.7773851798714064,0.08806311806639397
81,1553659200,80,47,0,127,13,-0.7773851798714064,-1.205582686279361
81,1553673600,87,430,343,517,13,0.766028670904156,-0.6322623866261288
81,1553688000,502,1161,659,1663,13,2.187949303105549,1.0524172631241386
81,1553702400,488,807,319,1295,13,0.6580346988382274,0.5114381085795502
81,1553716800,1194,1097,0,2291,13,-0.7773851798714064,1.975609950770882
81,1553731200,543,537,0,1080,13,-0.7773851798714064,0.19537691774507593
81,1553745600,69,44,0,113,13,-0.7773851798714064,-1.2261634149848617
81,1553760000,117,388,271,505,13,0.44204675470637034,-0.6499030112308436
81,1553774400,476,1205,729,1681,13,2.5029317216311737,1.078878200031211
81,1553788800,451,764,313,1215,13,0.6310362058217454,0.3938339445481179
81,1553803200,1172,1346,174,2518,13,0.005571117606575692,2.309311766210071
81,1553817600,576,497,0,1073,13,-0.7773851798714064,0.1850865533923256
81,1553832000,96,55,0,151,13,-0.7773851798714064,-1.1703014370699314
81,1553846400,90,378,288,468,13,0.5185424849197364,-0.704294937095381
81,1553860800,548,1130,582,1678,13,1.8414686427273614,1.0744680438800323
81,1553875200,464,834,370,1298,13,0.8875218894783257,0.5158482647307289
81,1553889600,1120,1167,47,2287,13,-0.5658969845756296,1.9697297425693105
81,1553904000,537,332,0,869,13,-0.7773851798714064,-0.11480406488782671
81,1553918400,153,27,0,180,13,-0.7773851798714064,-1.1276699276085371
81,1553932800,42,167,125,209,13,-0.2149165753613618,-1.085038418147143
81,1553947200,268,377,109,645,13,-0.2869125567386475,-0.4440957241758371
81,1553961600,415,388,0,803,13,-0.7773851798714064,-0.21182750021375835
81,1553976000,593,416,0,1009,13,-0.7773851798714064,0.09100322216717978
81,1553990400,478,196,0,674,13,-0.7773851798714064,-0.4014642147144429
81,1554004800,163,22,0,185,13,-0.7773851798714064,-1.1203196673565727
81,1554019200,33,97,64,130,13,-0.48940125436226356,-1.2011725301281824
81,1554033600,195,364,169,559,13,-0.016927626573826092,-0.5705202005096268
81,1554048000,339,402,63,741,13,-0.49390100319834396,-0.30297072733811836
81,1554062400,466,253,0,719,13,-0.7773851798714064,-0.33531187244676225
81,1554076800,325,110,0,435,13,-0.7773851798714064,-0.7528066547583468
81,1554091200,52,18,0,70,13,-0.7773851798714064,-1.2893756531517566
81,1554105600,72,409,337,481,13,0.7390301778876739,-0.6851842604402733
81,1554120000,428,1109,681,1537,13,2.286943777499317,0.8671907047746328
81,1554134400,388,692,304,1080,13,0.5905384662970221,0.19537691774507593
81,1554148800,1101,970,0,2071,13,-0.7773851798714064,1.6521984996844432
81,1554163200,441,370,0,811,14,-1.0903684888361134,-0.41705365791812815
81,1554177600,91,41,0,132,14,-1.0903684888361134,-1.3460775116020822
81,1554192000,89,435,346,524,14,-0.06783445940631858,-0.8097338434958818
81,1554206400,530,1125,595,1655,14,0.6680354057035626,0.7377270968819561
81,1554220800,445,695,250,1140,14,-0.35154332306314023,0.03309192067100423
81,1554235200,1234,1194,0,2428,14,-1.0903684888361134,1.795363973019948
81,1554249600,637,394,0,1031,14,-1.0903684888361134,-0.11604445642995452
81,1554264000,107,37,0,144,14,-1.0903684888361134,-1.3296588278845454
81,1554278400,95,412,317,507,14,-0.15353817863598346,-0.832993645429059
81,1554292800,428,1117,689,1545,14,0.9458336680342004,0.5872224961378693
81,1554307200,429,804,375,1233,14,0.017869259823346292,0.160336719481914
81,1554321600,1238,1255,17,2493,14,-1.040128377563551,1.8842985098232718
81,1554336000,673,497,0,1170,14,-1.0903684888361134,0.07413862996484609
81,1554350400,102,53,0,155,14,-1.0903684888361134,-1.3146083678101368
81,1554364800,105,416,311,521,14,-0.1712699826145348,-0.8138385144252661
81,1554379200,468,1121,653,1589,14,0.8394428441628923,0.647424336435504
81,1554393600,473,936,463,1409,14,0.2779357181754328,0.4011440806724529
81,1554408000,1153,1402,249,2555,14,-0.35449862372623214,1.9691283756972118
81,1554422400,718,560,0,1278,14,-1.0903684888361134,0.22190678342267678
81,1554436800,133,51,0,184,14,-1.0903684888361134,-1.2749298821594228
81,1554451200,89,388,299,477,14,-0.2067335905716375,-0.8740403547229008
81,1554465600,456,1230,774,1686,14,1.1970342243970113,0.780142029818926
81,1554480000,556,928,372,1484,14,0.009003357834070616,0.5037608539070575
81,1554494400,1251,1185,0,2436,14,-1.0903684888361134,1.8063097621649724
81,1554508800,476,595,119,1071,14,-0.7386877099281781,-0.061315510704832044
81,1554523200,88,131,43,219,14,-0.9632905603231618,-1.2270420546499408
81,1554537600,36,189,153,225,14,-0.6382074873830538,-1.2188327127911724
81,1554552000,143,878,735,1021,14,1.0817774985364275,-0.12972669286123514
81,1554566400,209,1107,898,1316,14,1.5634915066204058,0.2738992818615431
81,1554580800,311,1277,966,1588,14,1.7644519517106545,0.646056112792376
81,1554595200,327,986,659,1313,14,0.8571746481414436,0.26979461093215895
81,1554609600,86,276,190,362,14,-0.5288613628486537,-1.031386073682628
81,1554624000,26,186,160,212,14,-0.6175203827414105,-1.2366196201518371
81,1554638400,82,795,713,877,14,1.016760883948406,-0.32675089747167607
81,1554652800,185,1147,962,1332,14,1.752630749058287,0.2957908601515921
81,1554667200,246,1045,799,1291,14,1.2709167409743085,0.23969369078334157
81,1554681600,240,532,292,772,14,-0.22742069521328076,-0.47041438000012253
81,1554696000,43,54,11,97,14,-1.0578601815421025,-1.3939653391115643
81,1554710400,75,671,596,746,14,0.6709907063666545,-0.5059881947214522
81,1554713672,89,389,300,478,14,-0.20377828990854563,-0.8726721310797727
81,1554724800,413,1655,1242,2068,14,2.580114934724017,1.3028034614938457
81,1554739200,413,1259,846,1672,14,1.4098158721396274,0.7609868988151332
81,1554753600,1131,1602,471,2733,14,0.30157812348016794,2.2126721841740067
81,1554768000,426,690,264,1116,15,-0.744113921572291,-0.33513478966461807
81,1554782400,92,226,134,318,15,-1.0947838690765812,-1.249451241467576
81,1554796800,93,694,601,787,15,0.16493048080421557,-0.7120898180395218
81,1554811200,407,1552,1145,1959,15,1.6323493380529381,0.6307408605482812
81,1554825600,405,1132,727,1537,15,0.5048105837699124,0.14723015545949888
81,1554840000,1219,1889,670,3108,15,0.3510552990949543,1.9472190599487809
81,1554854400,590,704,114,1294,15,-1.148733091769549,-0.13118951595418382
81,1554868800,103,121,18,224,15,-1.407689360695794,-1.35715267814612
81,1554883200,92,695,603,787,15,0.17032540307351235,-0.7120898180395218
81,1554897600,431,1397,966,1828,15,1.1495037949508768,0.48064630517711887
81,1554912000,424,1289,865,1713,15,0.8770602203513898,0.34888390924060236
81,1554926400,1247,1999,752,3246,15,0.572247112136122,2.1053339350726006
81,1554940800,563,705,142,1268,15,-1.073204179999394,-0.1609792750354832
81,1554955200,100,90,0,190,15,-1.4562436611194651,-1.3961085169447423
81,1554969600,87,539,452,626,15,-0.2369912282583941,-0.8965571723506449
81,1554984000,479,1477,998,1956,15,1.2358225512596253,0.627303580654285
81,1554998400,450,1233,783,1683,15,0.655868407310222,0.31451111030064155
81,1555012800,1237,1807,570,3044,15,0.08130918563011558,1.8738904222101977
81,1555027200,643,826,183,1469,15,-0.9626082734788103,0.06931847786225433
81,1555041600,116,118,2,234,15,-1.4508487388501683,-1.3456950784994663
81,1555056000,105,551,446,656,15,-0.2531759950662844,-0.8621843734106841
81,1555070400,428,1438,1010,1866,15,1.268192084875406,0.5241851838344026
81,1555084800,587,1256,669,1843,15,0.3483578379603059,0.4978327046470993
81,1555099200,1160,1906,746,3066,15,0.5560623453282317,1.8990971414328357
81,1555113600,572,868,296,1440,15,-0.6577951652635425,0.03609143888695887
81,1555128000,122,163,41,285,15,-1.3456477545988812,-1.287261320301533
81,1555142400,43,277,234,320,15,-0.8250377556117425,-1.2471597215382453
81,1555156800,331,864,533,1195,15,-0.018496876351874744,-0.24461975245605455
81,1555171200,408,1516,1108,1924,15,1.5325432760709479,0.5906392617849935
81,1555185600,570,1834,1264,2404,15,1.9533472130760963,1.1406040448243668
81,1555200000,616,1110,494,1726,15,-0.12369786060316185,0.3637787887812521
81,1555214400,190,282,92,472,15,-1.2080772367318136,-1.0730042069091106
81,1555228800,75,168,93,243,15,-1.2053797755971651,-1.335383238817478
81,1555243200,253,739,486,992,15,-0.14527754968034895,-0.4772090252831228
81,1555257600,403,1566,1163,1969,15,1.6809036384766092,0.6421984601949348
81,1555272000,505,1508,1003,2013,15,1.2493098569328673,0.6926118986402107
81,1555286400,427,720,293,1147,15,-0.6658875486674877,-0.2996162307599919
81,1555300800,81,70,0,151,15,-1.4562436611194651,-1.4407931555666913
81,1555315200,87,587,500,674,15,-0.10751309379527152,-0.8415606940467075
81,1555329600,480,1469,989,1949,15,1.2115454010477897,0.6192832609016276
81,1555344000,421,1211,790,1632,15,0.6747506352527608,0.25607735210270816
81,1555358400,1184,1619,435,2803,15,-0.2828480675474167,1.5977622707258456
81,1555372800,434,724,290,1158,16,-0.5599251035114992,-0.20177824142016093
81,1555387200,68,64,0,132,16,-1.398058046951349,-1.3629732172852222
81,1555401600,95,575,480,670,16,-0.01080351987849397,-0.754081504794576
81,1555416000,548,1418,870,1966,16,1.1163407833682009,0.7126910962981329
81,1555430400,491,1280,789,1771,16,0.8822415819246565,0.4919961447448318
81,1555444800,1152,2091,939,3243,16,1.3157586216349237,2.157960086726674
81,1555459200,570,754,184,1324,16,-0.8662771449067547,-0.013904590354273843
81,1555473600,65,86,21,151,16,-1.3373656613919116,-1.3414696066210543
81,1555488000,92,594,502,686,16,0.052778979279011894,-0.7359732010773821
81,1555502400,546,1453,907,1999,16,1.2232749864967334,0.7500394727148454
81,1555516800,471,1414,943,1885,16,1.3273190760271976,0.6210178087298386
81,1555531200,1245,1917,672,3162,16,0.5440982909506481,2.0662867991583798
81,1555545600,579,842,263,1421,16,-0.6379581706593472,0.0958770009312144
81,1555560000,79,56,0,135,16,-1.398058046951349,-1.3595779103382484
81,1555574400,80,517,437,597,16,-0.13507840459543724,-0.8367006405042734
81,1555588800,523,1451,928,1974,16,1.2839673720561708,0.7217452481567298
81,1555603200,578,1377,799,1955,16,0.911142717905341,0.7002416374925621
81,1555617600,1167,1821,654,2988,16,0.492076246185416,1.8693589962338957
81,1555632000,631,958,327,1589,16,-0.4529909003829665,0.28601418996175076
81,1555646400,113,101,0,214,16,-1.398058046951349,-1.2701681607346031
81,1555660800,61,370,309,431,16,-0.5050129451481986,-1.0245742915701606
81,1555675200,509,1191,682,1700,16,0.5729994269313325,0.4116405469997837
81,1555689600,512,1205,693,1717,16,0.6047906765100856,0.43088061969930225
81,1555704000,650,2153,1503,2803,16,2.9457826909455287,1.6599817345038408
81,1555718400,587,882,295,1469,16,-0.5454745355211569,0.1502019120827962
81,1555732800,137,132,0,269,16,-1.398058046951349,-1.2079208667067491
81,1555747200,38,186,148,224,16,-0.9703212344372187,-1.258850470911357
81,1555761600,352,548,196,900,16,-0.8315957817299333,-0.4937746388599132
81,1555776000,466,1135,669,1601,16,0.5354279501564427,0.2995954177496462
81,1555790400,552,1215,663,1767,16,0.518087268568032,0.4874690688155333
81,1555804800,590,981,391,1571,16,-0.26802363010658586,0.26564234827990757
81,1555819200,126,198,72,324,16,-1.189969867890421,-1.145673572678895
81,1555833600,25,118,93,143,16,-1.1292774823309835,-1.3505237584796512
81,1555848000,259,677,418,936,16,-0.18999056295873776,-0.4530309554962268
81,1555862400,338,1070,732,1408,16,0.717505106834755,0.08116400416099433
81,1555876800,540,1092,552,1632,16,0.1972846591824343,0.33468025620170944
81,1555891200,425,570,145,995,16,-0.9789915752314241,-0.38625658553907416
81,1555905600,71,58,0,129,16,-1.398058046951349,-1.366368524232196
81,1555920000,60,536,476,596,16,-0.02236397427076776,-0.837832409486598
81,1555934400,455,1281,826,1736,16,0.9891757850531891,0.45238423036347003
81,1555948800,478,1345,867,1823,16,1.1076704425739954,0.550848131825712
81,1555963200,1174,1756,582,2930,16,0.28398806712448776,1.8037163952590676
81,1555977600,382,701,319,1083,17,-0.5006959652993698,-0.2463866375085494
81,1555992000,55,76,21,131,17,-1.3872019352649818,-1.3247057393191704
81,1556006400,92,548,456,640,17,-0.0931412072950447,-0.7481674800527774
81,1556020800,436,1491,1055,1927,17,1.6887952893807998,0.7096021460294382
81,1556035200,464,1293,829,1757,17,1.0164786812860738,0.5170451635632558
81,1556049600,1096,2150,1054,3246,17,1.6858204371325929,2.203617792340582
81,1556064000,541,875,334,1416,17,-0.45607318157626847,0.13079851049873717
81,1556078400,68,59,0,127,17,-1.4496738324773237,-1.3292364918477864
81,1556092800,107,554,447,661,17,-0.11991487752890548,-0.7243810292775431
81,1556107200,571,1429,858,2000,17,1.1027493964840698,0.7922883796766812
81,1556121600,458,1475,1017,1933,17,1.575750903948943,0.7163982748223623
81,1556136000,1144,1848,704,2992,17,0.6446221502602298,1.9159150067734627
81,1556150400,512,865,353,1377,17,-0.3995509888603402,0.08662367334473063
81,1556164800,92,95,3,187,17,-1.4407492757327034,-1.2612752039185455
81,1556179200,99,514,415,613,17,-0.21511014947152154,-0.7787500596209358
81,1556193600,514,1359,845,1873,17,1.064076317257382,0.6484369868931215
81,1556208000,476,1480,1004,1956,17,1.5370778247222554,0.7424501018619045
81,1556222400,1190,1933,743,3123,17,0.7606413879402932,2.0642971520856386
81,1556236800,555,857,302,1412,17,-0.5512684535188845,0.1262677579701211
81,1556251200,73,95,22,168,17,-1.384227083016775,-1.282796278429472
81,1556265600,97,389,292,486,17,-0.581016976000952,-0.9226014524044955
81,1556280000,429,1444,1015,1873,17,1.5698011994525296,0.6484369868931215
81,1556294400,488,1413,925,1901,17,1.3020644971139221,0.6801522545934338
81,1556308800,1107,1863,756,2970,17,0.799314467166981,1.8909958678660743
81,1556323200,527,845,318,1372,17,-0.5036708175475765,0.08096023268396058
81,1556337600,98,138,40,236,17,-1.3306797425490535,-1.205773485442999
81,1556352000,34,207,173,241,17,-0.9350243935375556,-1.2001100447822288
81,1556366400,339,600,261,939,17,-0.6732373956953613,-0.40949372853872734
81,1556380800,391,1067,676,1458,17,0.5613262873104408,0.17837141204920576
81,1556395200,526,1118,592,1644,17,0.3114386984610736,0.38905140462985227
81,1556409600,520,770,250,1290,17,-0.7059607704256357,-0.011920194152668552
81,1556424000,149,237,88,386,17,-1.1878868346351295,-1.0358702656198968
81,1556438400,31,103,72,134,17,-1.2354844706064376,-1.3213076749227084
81,1556452800,255,520,265,775,17,-0.6613379867025344,-0.5952545822119856
81,1556467200,314,834,520,1148,17,0.09724933659018745,-0.1727619089185385
81,1556481600,494,933,439,1427,17,-0.14371369551455948,0.1432580799524313
81,1556496000,285,607,322,892,17,-0.4917714085547495,-0.46273007074996597
81,1556510400,45,68,23,113,17,-1.3812522307685684,-1.3450941256979427
81,1556524800,112,441,329,553,17,-0.4709474428173022,-0.8467113475501766
81,1556539200,420,1376,956,1796,17,1.3942849168083313,0.5612200007172624
81,1556553600,386,1192,806,1578,17,0.9480570795773186,0.31429398790768737
81,1556568000,1110,1678,568,2788,17,0.24004224450411155,1.684846627814044
81,1556582400,380,624,244,1004,18,-0.7996149485339589,-0.26623699864920475
81,1556596800,58,58,0,116,18,-1.5680371158797963,-1.2987393488229328
81,1556611200,97,551,454,648,18,-0.13826800122811522,-0.6801681210161498
81,1556625600,445,1473,1028,1918,18,1.6694136547411909,0.7964962761917723
81,1556640000,456,1175,719,1631,18,0.6962888608483065,0.4627933769802182
81,1556654400,1212,1837,625,3049,18,0.40025737014950036,2.111541499217095
81,1556668800,447,693,246,1140,18,-0.7933164061786652,-0.10810600808205716
81,1556683200,109,88,0,197,18,-1.5680371158797963,-1.2045583912057347
81,1556697600,90,492,402,582,18,-0.30203010246575274,-0.7569081605560891
81,1556712000,493,1495,1002,1988,18,1.587532604122372,0.8778872272189806
81,1556726400,436,1384,948,1820,18,1.4174719605294408,0.6825489447536807
81,1556740800,1264,1712,448,2976,18,-0.1571636282939965,2.026662364574435
81,1556755200,454,721,267,1175,18,-0.7271817114480807,-0.06741053256845302
81,1556769600,64,74,10,138,18,-1.5365444041033276,-1.2731593356429531
81,1556784000,95,493,398,588,18,-0.3146271871763402,-0.7499317933251854
81,1556798400,464,1351,887,1815,18,1.2253664186929816,0.6767353053945944
81,1556812800,500,1350,850,1850,18,1.1088433851200472,0.7174307809081985
81,1556827200,1193,1794,601,2987,18,0.32467486188597533,2.039452371164425
81,1556841600,567,792,225,1359,18,-0.8594511009092495,0.1465313958459231
81,1556856000,92,104,12,196,18,-1.530245861748034,-1.205721119077552
81,1556870400,73,509,436,582,18,-0.19495488242575898,-0.7569081605560891
81,1556884800,465,1347,882,1812,18,1.209620062804747,0.6732471217791426
81,1556899200,567,1457,890,2024,18,1.2348142322259221,0.919745430604402
81,1556913600,1132,1861,729,2993,18,0.7277815726247753,2.0464287383953286
81,1556928000,381,893,512,1274,18,0.0443897270754035,0.047699526741455875
81,1556942400,103,164,61,267,18,-1.3759315740433369,-1.1231674401785265
81,1556956800,36,279,243,315,18,-0.8027642197116058,-1.0673565023312979
81,1556971200,118,712,594,830,18,0.3026299636424472,-0.46855164834540824
81,1556985600,171,939,768,1110,18,0.8506031485530035,-0.142987844236575
81,1557000000,283,1168,885,1451,18,1.2190678763376877,0.25350236005311116
81,1557014400,288,821,533,1109,18,0.11052442180598787,-0.14415057210839227
81,1557028800,93,203,110,296,18,-1.22161728633864,-1.089448331895826
81,1557043200,25,147,122,172,18,-1.1838260322068777,-1.2336265880011663
81,1557057600,103,597,494,700,18,-0.012297154122240245,-0.6197062716816523
81,1557072000,177,1098,921,1275,18,1.3324416387329752,0.04886225461327314
81,1557086400,272,900,628,1172,18,0.40970518368244097,-0.0708987161839048
81,1557100800,165,447,282,612,18,-0.6799426437833777,-0.7220263244015712
81,1557115200,30,48,18,78,18,-1.5113502346821526,-1.342923007951989
81,1557129600,84,457,373,541,18,-0.3933589666175121,-0.8045800033005968
81,1557144000,385,1284,899,1669,18,1.263157672824744,0.5069770361092741
81,1557158400,403,1202,799,1605,18,0.9482305550600565,0.4325624523129694
81,1557172800,1177,1544,367,2721,18,-0.41225459368339334,1.7301667572610333
81,1557187200,349,607,258,956,19,-0.6093203854983257,-0.33593334373274875
81,1557201600,57,78,21,135,19,-1.3335203994983653,-1.2950832616422165
81,1557216000,94,526,432,620,19,-0.07762923597930912,-0.7284721651914348
81,1557230400,442,1418,976,1860,19,1.5846695303330183,0.7201830092394302
81,1557244800,430,1185,755,1615,19,0.9093606565186353,0.43395678525913833
81,1557259200,1185,1963,778,3148,19,0.9796416705355168,2.2249151581643933
81,1557273600,520,719,199,1239,19,-0.7896064649329347,-0.005312848277962645
81,1557288000,61,84,23,145,19,-1.3274090069751583,-1.283400558622613
81,1557302400,91,559,468,650,19,0.03237582943841843,-0.6934240561326235
81,1557316800,431,1470,1039,1901,19,1.7771783948140416,0.7680820916198056
81,1557331200,474,1327,853,1801,19,1.2088188901557826,0.6512550614237681
81,1557345600,1202,1809,607,3011,19,0.45711760980131094,2.064862126795822
81,1557360000,498,722,224,1220,19,-0.7132140583928461,-0.02750998401520977
81,1557374400,84,97,13,181,19,-1.3579659695911936,-1.2413428277520393
81,1557388800,76,501,425,577,19,-0.09901910981053393,-0.7787077881757309
81,1557403200,408,1349,941,1757,19,1.4777201611768944,0.5998511681375116
81,1557417600,447,1383,936,1830,19,1.4624416798688766,0.685134900180619
81,1557432000,1204,1734,530,2938,19,0.2218289976578381,1.9795783947527146
81,1557446400,443,762,319,1205,19,-0.4229229135405095,-0.04503403854461539
81,1557460800,98,84,0,182,19,-1.3976900209920398,-1.240174557450079
81,1557475200,82,467,385,549,19,-0.22124696027467566,-0.8114193566306214
81,1557489600,424,1263,839,1687,19,1.166039142493333,0.5180722470002853
81,1557504000,523,1380,857,1903,19,1.2210416752021966,0.7704186322237263
81,1557518400,1059,2046,987,3105,19,1.6182821892106574,2.174679535180097
81,1557532800,489,831,342,1320,19,-0.352641899523628,0.08931704618082772
81,1557547200,131,192,61,323,19,-1.2112925490342237,-1.075448444873666
81,1557561600,41,167,126,208,19,-1.0126722920299933,-1.2097995295991093
81,1557576000,277,566,289,843,19,-0.5145938013886158,-0.46794788785427116
81,1557590400,357,1040,683,1397,19,0.6893505256831802,0.1792738594317766
81,1557604800,495,1148,653,1643,19,0.5976796378350739,0.46666835371402887
81,1557619200,481,888,407,1369,19,-0.1540216425193977,0.1465622909768861
81,1557633600,128,147,19,275,19,-1.3396317920215723,-1.1315254193677642
81,1557648000,31,121,90,152,19,-1.122677357447721,-1.2752226665088902
81,1557662400,193,489,296,682,19,-0.493203927557391,-0.6560394064698916
81,1557676800,367,1013,646,1380,19,0.5762897640038491,0.15941326429845024
81,1557691200,410,848,438,1258,19,-0.059295058409687865,0.01688428745928448
81,1557705600,301,424,123,725,19,-1.0218393808148039,-0.6058037834855954
81,1557720000,36,53,17,89,19,-1.3457431845447796,-1.3488236955323938
81,1557734400,75,483,408,558,19,-0.15096594625779416,-0.8009049239129781
81,1557748800,399,1352,953,1751,19,1.5143885163161368,0.5928415463257494
81,1557763200,439,1104,665,1543,19,0.6343479929743164,0.34984132351799135
81,1557777600,1184,1314,130,2498,19,-1.0004495069835793,1.4655394618901494
81,1557792000,340,538,198,878,20,-0.40749741933142203,-0.31816661505505867
81,1557806400,59,75,16,134,20,-0.8957278697027996,-1.1228016415393962
81,1557820800,79,555,476,634,20,0.3382611806863966,-0.582052295783793
81,1557835200,490,1373,883,1863,20,1.4300732317916203,0.7471095960834796
81,1557849600,481,1449,968,1930,20,1.6580929476244064,0.8195700084147304
81,1557864000,1299,1753,454,3052,20,0.2792443130590872,2.033011540290304
81,1557878400,455,536,81,991,20,-0.721359851713022,-0.19595726291429236
81,1557892800,62,55,0,117,20,-0.9386492279772065,-1.1411871192950866
81,1557907200,83,494,411,577,20,0.16389316269661885,-0.6436977211999317
81,1557921600,398,1352,954,1750,20,1.6205367591343005,0.6249002439427133
81,1557936000,480,1335,855,1815,20,1.3549608548114083,0.6951976588909416
81,1557950400,1135,1902,767,3037,20,1.1188933843021707,2.016789059917636
81,1557964800,483,791,308,1274,20,-0.11241308119487507,0.11010686678337905
81,1557979200,90,60,0,150,20,-0.9386492279772065,-1.1054976624752169
81,1557993600,99,501,402,600,20,0.13974989866726503,-0.618823251295174
81,1558008000,403,1392,989,1795,20,1.7144272303595653,0.6735676850607176
81,1558022400,502,1328,826,1830,20,1.277165892939046,0.7114201392636098
81,1558036800,1149,1789,640,2938,20,0.7782051029990665,1.9097206894580265
81,1558051200,1304,718,0,2022,20,-0.9386492279772065,0.9190678880337614
81,1558065600,102,68,0,170,20,-0.9386492279772065,-1.0838676886449927
81,1558080000,79,459,380,538,20,0.08073303103995563,-0.6858761701688688
81,1558094400,464,1421,957,1885,20,1.6285845138107518,0.7709025672967261
81,1558108800,508,1326,818,1834,20,1.2557052138018425,0.7157461340296546
81,1558123200,1132,1890,758,3022,20,1.094750120272817,2.0005665795449676
81,1558137600,508,532,24,1040,20,-0.8742671905655962,-0.14296382703024324
81,1558152000,145,24,0,169,20,-0.9386492279772065,-1.084949187336504
81,1558166400,46,138,92,184,20,-0.6918514178993672,-1.068726706963836
81,1558180800,283,316,33,599,20,-0.8501239265362424,-0.6199047499866852
81,1558195200,346,393,47,739,20,-0.8125677380461365,-0.46849493317511637
81,1558209600,513,394,0,907,20,-0.9386492279772065,-0.28680315300123366
81,1558224000,460,170,0,630,20,-0.9386492279772065,-0.5863782905498378
81,1558238400,126,32,0,158,20,-0.9386492279772065,-1.0968456729431273
81,1558252800,52,94,42,146,20,-0.8259806625068885,-1.1098236572412616
81,1558267200,236,331,95,567,20,-0.683803663222916,-0.6545127081150438
81,1558281600,366,404,38,770,20,-0.8367110020754903,-0.43496847373826897
81,1558296000,518,269,0,787,20,-0.9386492279772065,-0.4165829959825784
81,1558310400,248,98,0,346,20,-0.9386492279772065,-0.8935239189390205
81,1558324800,52,16,0,68,20,-0.9386492279772065,-1.1941805551791358
81,1558339200,84,511,427,595,20,0.20681452097102568,-0.6242307447527301
81,1558353600,493,1416,923,1909,20,1.5373766274776373,0.796858535892995
81,1558368000,436,1270,834,1706,20,1.2986265720762493,0.5773143015162202
81,1558382400,1538,1538,0,3076,20,-0.9386492279772065,2.058967508886573
81,1558396800,400,613,213,1013,21,-0.7228719212506839,-0.21927558246698664
81,1558411200,81,70,0,151,21,-1.3527628856437022,-1.342968205129966
81,1558425600,78,553,475,631,21,0.05192353729847454,-0.7172460950624137
81,1558440000,431,1455,1024,1886,21,1.6754453187621692,0.9187565052183742
81,1558454400,475,1282,807,1757,21,1.0337254160706906,0.7505936881377194
81,1558468800,979,1481,502,2460,21,0.13176887081308247,1.667015861840822
81,1558483200,431,789,358,1220,21,-0.29407290793149315,0.05056707749964528
81,1558497600,78,113,35,191,21,-1.2492596755321732,-1.29082469595767
81,1558512000,91,436,345,527,21,-0.33251695740148957,-0.8528192189103834
81,1558526400,389,1442,1053,1831,21,1.7612051214260074,0.8470591801064671
81,1558540800,467,1300,833,1767,21,1.1106135150106835,0.7636295654307934
81,1558550875,839,266,0,1105,21,-1.3527628856437022,-0.0993455113707058
81,1558555200,900,1762,862,2662,21,1.1963733176745217,1.930340583160917
81,1558569600,461,824,363,1285,21,-0.2792867350584176,0.1353002799046263
81,1558584000,79,106,27,185,21,-1.272917552129094,-1.2986462223335145
81,1558598400,102,505,403,607,21,-0.16099735207381327,-0.7485322005657913
81,1558612800,422,1558,1136,1980,21,2.0066555911190616,1.0412937517732697
81,1558627200,473,1411,938,1884,21,1.42112314534527,0.9161493297597593
81,1558641600,1090,1854,764,2944,21,0.906564329362241,2.297952322825604
81,1558656000,434,795,361,1229,21,-0.28520120420764783,0.06229936706341188
81,1558670400,84,72,0,156,21,-1.3527628856437022,-1.336450266483429
81,1558684800,101,455,354,556,21,-0.3059018462299536,-0.8150151747604687
81,1558699200,459,1396,937,1855,21,1.4181659107706548,0.8783452856098447
81,1558713600,790,1455,665,2245,21,0.6137981064753452,1.386744500039731
81,1558728000,728,1751,1023,2479,21,1.672488084187554,1.6917840286976626
81,1558742400,490,870,380,1360,21,-0.2290137472899608,0.23306935960268135
81,1558756800,118,203,85,321,21,-1.101397946801418,-1.1213582911477078
81,1558771200,36,164,128,200,21,-0.9742368600929682,-1.2790924063939033
81,1558785600,265,596,331,861,21,-0.3739182414461011,-0.41742091732171155
81,1558800000,372,1041,669,1413,21,0.6256270447738056,0.3021595092559736
81,1558814400,521,1315,794,1836,21,0.9952813666006942,0.853577118753004
81,1558828800,479,801,322,1280,21,-0.40053335261763706,0.12878234125808932
81,1558843200,137,191,54,328,21,-1.1930722186144862,-1.112233177042556
81,1558857600,51,129,78,180,21,-1.1220985888237236,-1.3051641609800513
81,1558872000,230,472,242,702,21,-0.6371121185868458,-0.6246913662815883
81,1558886400,359,1086,727,1445,21,0.7971466501014819,0.3438743165938104
81,1558900800,477,1138,661,1615,21,0.6019691681768847,0.5654842305760686
81,1558915200,388,651,263,1039,21,-0.5750101925199285,-0.18538230150499424
81,1558929600,65,123,58,188,21,-1.1812432803160258,-1.2947354591455922
81,1558944000,46,135,89,181,21,-1.0895690085029575,-1.303860573250744
81,1558958400,258,479,221,737,21,-0.699214044653763,-0.5790657957558293
81,1558972800,332,803,471,1135,21,0.04009459900001411,-0.06023787949148378
81,1558987200,373,992,619,1365,21,0.47776531604305017,0.23958729824921837
81,1559001600,333,672,339,1005,22,-0.044560857212107716,-0.12486814402844655
81,1559016000,58,65,7,123,22,-0.9817502885328172,-1.1405939954535187
81,1559030400,78,495,417,573,22,0.17562220195360112,-0.6223665202366451
81,1559044800,408,1372,964,1780,22,1.719726475846457,0.7676347299561689
81,1559059200,407,1199,792,1606,22,1.2341946017887397,0.5672534395389778
81,1559073600,1089,1602,513,2691,22,0.44661673631139664,1.8167574631174395
81,1559088000,447,693,246,1140,22,-0.3070868123712221,0.0306000985366155
81,1559102400,55,48,0,103,22,-1.001510306663073,-1.1636263276853795
81,1559116800,109,485,376,594,22,0.05988495290495929,-0.598182571393191
81,1559131200,423,1387,964,1810,22,1.719726475846457,0.8021832283039605
81,1559145600,466,1298,832,1764,22,1.347108991104488,0.7492088641706801
81,1559160000,1266,1641,375,2907,22,0.05706209317206559,2.065506651221539
81,1559174400,420,685,265,1105,22,-0.2534524774462418,-0.009706482869141327
81,1559188800,68,88,20,156,22,-0.945053112005199,-1.102590647270948
81,1559203200,81,461,380,542,22,0.07117639183653411,-0.6580666351960297
81,1559217600,451,1479,1028,1930,22,1.9003894987516539,0.9403772216951267
81,1559232000,471,1343,872,1814,22,1.4600233804202363,0.8067896947503327
81,1559246400,1253,1703,450,2956,22,0.2687765731390933,2.1219358651895983
81,1559260800,444,645,201,1089,22,-0.43411550035143875,-0.028132348654630164
81,1559275200,69,80,11,149,22,-0.9704588496012423,-1.1106519635520993
81,1559289600,85,482,397,567,22,0.11916500729572706,-0.6292762199062034
81,1559304000,456,1262,806,1718,22,1.2737146380492517,0.6962345000373997
81,1559318400,529,1331,802,1860,22,1.2624231991176769,0.8597640588836131
81,1559332800,1001,1892,891,2893,22,1.5136577153452166,2.0493840186592363
81,1559347200,719,505,0,1224,22,-1.001510306663073,0.12733589391043187
81,1559361600,122,27,0,149,22,-1.001510306663073,-1.1106519635520993
81,1559376000,34,126,92,160,22,-0.7418072112368523,-1.0979841808245756
81,1559390400,304,344,40,648,22,-0.8885959173473249,-0.5359952743671662
81,1559404800,367,334,0,701,22,-1.001510306663073,-0.4749595939527344
81,1559419200,461,322,0,783,22,-1.001510306663073,-0.3805270318021041
81,1559433600,458,162,0,620,22,-1.001510306663073,-0.5682405394917717
81,1559448000,114,32,0,146,22,-1.001510306663073,-1.1141068133868783
81,1559462400,96,112,16,208,22,-0.9563445509367738,-1.042706583468109
81,1559476800,216,349,133,565,22,-0.6260699621882105,-0.6315794531293896
81,1559491200,304,369,65,673,22,-0.8180244240249823,-0.5072048590773399
81,1559505600,429,231,0,660,22,-1.001510306663073,-0.5221758750280495
81,1559520000,314,106,0,420,22,-1.001510306663073,-0.7985638618103821
81,1559534400,60,23,0,83,22,-1.001510306663073,-1.1866586599172406
81,1559548800,153,434,281,587,22,-0.2082867217199425,-0.6062438876743423
81,1559563200,420,1340,920,1760,22,1.595520647599134,0.7446023977243079
81,1559577600,408,1209,801,1617,22,1.2596003393847832,0.5799212222665014
81,1559592000,1140,1745,605,2885,22,0.7063198317376173,2.0401710857664916
81,1559606400,411,730,319,1141,23,-0.5710927547439969,-0.19991910570186935
81,1559620800,83,87,4,170,23,-1.5297981405152288,-1.3315084143394318
81,1559635200,91,557,466,648,23,-0.12369690805075538,-0.774454151179025
81,1559649600,396,1455,1059,1851,23,1.6811040245281035,0.6275045906242576
81,1559664000,465,1235,770,1700,23,0.8015298769475128,0.4515313819689827
81,1559678400,1237,1830,593,3067,23,0.26282875541891587,2.044613343768723
81,1559692800,490,823,333,1313,23,-0.5284836264874977,0.0005271981968543524
81,1559707200,71,76,5,147,23,-1.5267546313540503,-1.358312280558447
81,1559721600,85,540,455,625,23,-0.15717550882371903,-0.8012580173980405
81,1559736000,427,1489,1062,1916,23,1.690234552011639,0.7032546473301706
81,1559750400,421,1311,890,1732,23,1.1667509762889345,0.4888237175780476
81,1559764800,1133,1853,720,2986,23,0.6493544188885871,1.9502171192582773
81,1559779200,513,864,351,1377,23,-0.4737004615862845,0.0751118694149841
81,1559793600,75,87,12,162,23,-1.5054500672258007,-1.340831498241698
81,1559808000,84,478,394,562,23,-0.34282956765560835,-0.874677303128387
81,1559822400,493,1505,1012,1998,23,1.5380590939527132,0.7988162573283993
81,1559836800,464,1374,910,1838,23,1.2276211595125046,0.612354579283075
81,1559851200,1213,1818,605,3031,23,0.29935086535305805,2.002659466208525
81,1559865600,522,819,297,1341,23,-0.6380499562899242,0.03315799185478612
81,1559880000,97,117,20,214,23,-1.4811019939363725,-1.2802314528769674
81,1559894400,85,505,420,590,23,-0.263698329464967,-0.8420465094704552
81,1559908800,457,1460,1003,1917,23,1.5106675115021064,0.7044200328179538
81,1559923200,578,1457,879,2035,23,1.1332723755159708,0.8419355203763806
81,1559937600,1075,2024,949,3099,23,1.3463180167984667,2.0819056793777877
81,1559952000,477,967,490,1444,23,-0.05065268818247105,0.1531926970964637
81,1559966400,124,231,107,355,23,-1.216316696913842,-1.1159120990995253
81,1559980800,32,176,144,208,23,-1.1037068579502367,-1.2872237658036672
81,1559995200,247,609,362,856,23,-0.4402218608133208,-0.5320539697201034
81,1560009600,424,1158,734,1582,23,0.6919635471450863,0.31401589441055594
81,1560024000,541,1415,874,1956,23,1.1180548297100783,0.7498700668415017
81,1560038400,534,991,457,1525,23,-0.151088490501362,0.24758892160690915
81,1560052800,127,283,156,410,23,-1.0671847480160948,-1.051815897271445
81,1560067200,43,127,84,170,23,-1.2863174076209476,-1.3315084143394318
81,1560081600,234,498,264,732,23,-0.7384857586088152,-0.6765617702052298
81,1560096000,313,1049,736,1362,23,0.6980505654674434,0.057631087098234945
81,1560110400,412,996,584,1408,23,0.23543717296830924,0.1112388195362657
81,1560124800,389,706,317,1095,23,-0.5771797730663539,-0.2535268381399001
81,1560139200,60,74,14,134,23,-1.4993630489034435,-1.3734622918996298
81,1560153600,93,532,439,625,23,-0.20587165540257527,-0.8012580173980405
81,1560168000,371,1372,1001,1743,23,1.5045804931797495,0.5016429579436636
81,1560182400,422,1075,653,1497,23,0.4454393050896267,0.2149581279489774
81,1560196800,1115,1450,335,2565,23,-0.5223966081651407,1.4595898289015177
81,1560211200,332,555,223,887,24,-0.7922859989455058,-0.5472475877836637
81,1560225600,68,36,0,104,24,-1.452874044802547,-1.3908798002225977
81,1560240000,76,525,449,601,24,-0.12281111839083626,-0.8553942196579103
81,1560254400,468,1335,867,1803,24,1.1154211828120482,0.43968358283455294
81,1560268800,493,1169,676,1662,24,0.5496260403963761,0.28776513844899776
81,1560283200,1114,1939,825,3053,24,0.9910054970452511,1.786478302564652
81,1560297600,469,627,158,1096,24,-0.9848340840607869,-0.3220635106447911
81,1560312000,78,60,0,138,24,-1.452874044802547,-1.354246983845939
81,1560326400,104,589,485,693,24,-0.016169102019295983,-0.756270128285775
81,1560340800,443,1406,963,1849,24,1.3997998931361555,0.4892456285206206
81,1560355200,454,1270,816,1724,24,0.9643449929523661,0.35456615654761064
81,1560369600,1173,1743,570,2916,24,0.2356245477468408,1.6388696012822332
81,1560384000,498,641,143,1139,24,-1.0292682575489287,-0.2757337722860757
81,1560398400,75,59,0,134,24,-1.452874044802547,-1.3585567269490755
81,1560412800,156,524,368,680,24,-0.36275565522680187,-0.7702767933709681
81,1560427200,456,1362,906,1818,24,1.2309500338812167,0.4558451194713141
81,1560441600,465,1138,673,1603,24,0.5407392056987477,0.2241964276777371
81,1560456000,1219,1711,492,2930,24,0.0045668456085035175,1.6539537021432102
81,1560470400,516,652,136,1168,24,-1.0500042051767282,-0.2444881347883374
81,1560484800,92,71,0,163,24,-1.452874044802547,-1.3273110894513371
81,1560499200,80,459,379,539,24,-0.33017059466883125,-0.9221952377565232
81,1560513600,458,1359,901,1817,24,1.2161386427185028,0.45476768369553006
81,1560528000,556,1308,752,1864,24,0.7747591860696278,0.5054071651573818
81,1560542400,1054,2043,989,3097,24,1.476819127182268,1.8338854766991515
81,1561161600,9716,9540,0,19256,25,-1.3475678989191737,4.0670992956794
81,1561176000,129,235,106,364,25,-0.9977502729140331,-0.4039304588627908
81,1561190400,73,181,108,254,25,-0.9911499403478983,-0.4299633443698647
81,1561204800,285,545,260,830,25,-0.48952466532165895,-0.2936456893510048
81,1561219200,370,1056,686,1426,25,0.9163461712650381,-0.1525947824217678
81,1561233600,475,1219,744,1694,25,1.1077558156829452,-0.08916920682271491
81,1561248000,450,918,468,1368,25,0.19690992155635278,-0.16632121296186134
81,1561262400,138,235,97,373,25,-1.0274517694616394,-0.40180049550312114
81,1561276800,50,124,74,174,25,-1.1033555939721886,-0.44889635201137307
81,1561291200,234,503,269,737,25,-0.45982316877405266,-0.31565531073425823
81,1561305600,304,945,641,1249,25,0.7678386885270068,-0.19448406182860498
81,1561320000,417,959,542,1376,25,0.4411222265033377,-0.1644279121977105
81,1561334400,271,688,417,959,25,0.028601441119917217,-0.26311621452907263
81,1561348800,73,90,17,163,25,-1.2914650721070284,-0.4514996405620805
81,1561363200,86,537,451,623,25,0.1408070947442076,-0.3426348466234076
81,1561377600,384,1429,1045,1813,25,2.101105866886222,-0.06100635795597128
81,1561392000,434,1294,860,1728,25,1.4905751045187596,-0.08112267857507387
81,1561406400,1161,1726,565,2887,25,0.5170260510138871,0.19316926963127798
81,1561420800,363,765,402,1128,26,-0.4585848465162015,-0.29880221469581464
81,1561435200,92,69,0,161,26,-1.4960693096784081,-1.3861199413919727
81,1561449600,82,490,408,572,26,-0.44310000378243725,-0.9239817969533781
81,1561464000,381,1517,1136,1898,26,1.4357275812476284,0.5670040413083649
81,1561478400,441,1361,920,1802,26,0.8782732428321145,0.45905936523511653
81,1561492800,1236,1765,529,3001,26,-0.13082234198485762,1.8072433924416247
81,1561507200,485,714,229,1199,26,-0.9050644786730715,-0.21896813134997473
81,1561521600,77,58,0,135,26,-1.4960693096784081,-1.4153549578284774
81,1561536000,83,578,495,661,26,-0.2185697841428552,-0.8239080868438041
81,1561550400,425,1702,1277,2127,26,1.7996213854910892,0.8244970706914261
81,1561564800,489,1522,1033,2011,26,1.1699044476513418,0.694063920436251
81,1561579200,1237,1858,621,3095,26,0.10661191326619465,1.9129392210966805
81,1561593600,622,787,165,1409,26,-1.0702361344998905,0.017160847560256064
81,1561608000,107,149,42,256,26,-1.3876754105420581,-1.2792996890278205
81,1561622400,104,557,453,661,26,-0.32696368327920516,-0.8239080868438041
81,1561636800,406,1556,1150,1962,26,1.4718588809597453,0.6389671586905304
81,1561651200,471,1483,1012,1954,26,1.1157074980831667,0.6299717690177598
81,1561665600,1198,2218,1020,3416,26,1.1363539550615191,2.2738792317166046
81,1561680000,511,940,429,1451,26,-0.38890305421426224,0.06438664334230222
81,1561694400,120,133,13,253,26,-1.4625188170885857,-1.2826729601551097
81,1561708800,83,517,434,600,26,-0.37599901860279206,-0.8924979330986806
81,1561723200,409,1426,1017,1835,26,1.128611533694637,0.4961653476352957
81,1561737600,573,1453,880,2026,26,0.7750409579403527,0.710930276072696
81,1561752000,1087,1714,627,2801,26,0.12209675599995892,1.5823586506223573
81,1561766400,471,1033,562,1504,26,-0.04565570694915409,0.12398109992440809
81,1561780800,136,309,173,445,26,-1.049589677521538,-1.0667836080086128
81,1561795200,32,248,216,280,26,-0.9386149712628942,-1.2523135200095086
81,1561809600,214,615,401,829,26,-0.46116565363849554,-0.6350049037156195
81,1561824000,422,1188,766,1610,26,0.48082894599883136,0.24317001308861982
81,1561838400,517,1201,684,1718,26,0.2692027619707196,0.3646077736710242
81,1561852800,411,985,574,1396,26,-0.014686021481625533,0.0025433393420036805
81,1561867200,167,320,153,487,26,-1.101205819967419,-1.0195578122265667
81,1561881600,61,118,57,179,26,-1.3489633037076476,-1.3658803146282386
81,1561896000,343,557,214,900,26,-0.9437765855074822,-0.5551708203697795
81,1561910400,490,1551,1061,2041,26,1.242167047075575,0.7277966317091411
81,1561924800,381,1841,1460,2222,26,2.2719090888708995,0.9313173230555781
81,1561939200,296,919,623,1215,26,0.11177352751078275,-0.20097735200443334
81,1561953600,86,156,70,242,26,-1.315412811117825,-1.2950416209551694
81,1561968000,69,578,509,647,26,-0.18243848443073854,-0.8396500187711528
81,1561982400,386,1390,1004,1776,26,1.0950610411048145,0.42982434879861176
81,1561996800,424,1230,806,1654,26,0.5840612308905933,0.29264465628885866
81,1562011200,1128,1850,722,2978,26,0.36727343261789336,1.7813816471324089
81,1562025600,375,727,352,1102,27,-0.3004348863284797,-0.06504632930353554
81,1562040000,73,94,21,167,27,-1.3363093381485502,-1.2739291271027966
81,1562054400,78,487,409,565,27,-0.12205167257094487,-0.7593458613016139
81,1562068800,420,1469,1049,1889,27,1.8808475696189197,0.9524838972932756
81,1562083200,439,1347,908,1786,27,1.4395838303239652,0.8193128511185976
81,1562097600,1175,1950,775,3125,27,1.0233563315563838,2.5505364513894113
81,1562112000,453,699,246,1152,27,-0.632165073316176,-0.0004001903837889634
81,1562126400,79,93,14,172,27,-1.358216048610002,-1.267464513210822
81,1562140800,62,468,406,530,27,-0.13144026276870985,-0.8045981585454365
81,1562155200,425,1190,765,1615,27,0.9920610308971672,0.5982230560130644
81,1562169600,757,1416,659,2173,27,0.6603308439094709,1.3196739663574362
81,1562184000,755,1746,991,2501,27,1.6993348257954632,1.7437526376709738
81,1562198400,509,877,368,1386,27,-0.25036240527373305,0.30214373976062503
81,1562212800,104,131,27,235,27,-1.3175321577530203,-1.1860103781719413
81,1562227200,31,154,123,185,27,-1.0170972714245405,-1.250656517091688
81,1562241600,266,437,171,703,27,-0.8668798282603007,-0.5809225178831132
81,1562256000,381,883,502,1264,27,0.16899462355976982,0.1444071607964434
81,1562270400,506,937,431,1443,27,-0.053202011120668274,0.37584033812913614
81,1562284800,316,912,596,1228,27,0.4631704497564062,0.09786194077422584
81,1562299200,78,194,116,272,27,-1.0390039818859922,-1.1381722353713288
81,1562313600,58,367,309,425,27,-0.4350046791631112,-0.9403550502769042
81,1562328000,312,1081,769,1393,27,1.004579151160854,0.31119419920938957
81,1562342400,494,1264,770,1758,27,1.0077086812267755,0.7831110133235396
81,1562356800,647,1814,1167,2461,27,2.250132117397676,1.6920357265351766
81,1562371200,551,991,440,1542,27,-0.025036240527373306,0.5038396931902344
81,1562385600,157,180,23,337,27,-1.330050278016707,-1.0541322547756582
81,1562400000,46,141,95,187,27,-1.1047241132703471,-1.248070671534898
81,1562414400,307,441,134,748,27,-0.9826724406994023,-0.5227409928553414
81,1562428800,367,1047,680,1414,27,0.7260509752938259,0.3383455775556831
81,1562443200,537,1231,694,1768,27,0.7698643962167292,0.7960402411074889
81,1562457600,401,754,353,1155,27,-0.297305356262558,0.0034785779513958315
81,1562472000,176,223,47,399,27,-1.254941556434587,-0.9739710425151725
81,1562486400,50,127,77,177,27,-1.161055654456937,-1.2609998993188474
81,1562500800,240,495,255,735,27,-0.603999302722881,-0.5395489889744755
81,1562515200,357,833,476,1190,27,0.08762684184580657,0.04873087519521844
81,1562529600,419,948,529,1367,27,0.25349193533965475,0.27757820697112134
81,1562544000,305,635,330,940,27,-0.36928454777875624,-0.2744998194035145
81,1562558400,75,74,0,149,27,-1.4020294695329052,-1.2972017371139053
81,1562572800,64,516,452,580,27,0.012518120263686653,-0.7399520196256899
81,1562587200,409,1424,1015,1833,27,1.774443547377583,0.8800802217031595
81,1562601600,371,1115,744,1486,27,0.9263408995128124,0.4314360176001182
81,1562616000,1166,1694,528,2860,27,0.25036240527373305,2.2079119151147544
81,1562630400,298,722,424,1020,28,-0.23552272880099137,-0.24736151176564683
81,1562644800,61,65,4,126,28,-1.5287852651785845,-1.281630734660469
81,1562659200,65,534,469,599,28,-0.0969588856176778,-0.7344167050975485
81,1562673600,398,1497,1099,1895,28,1.8429349189487119,0.7649265978909183
81,1562688000,411,1282,871,1693,28,1.14087811348659,0.5312326571473456
81,1562702400,1140,1778,638,2918,28,0.42342532544854417,1.9484360106665368
81,1562716800,439,784,345,1223,28,-0.47877925350058625,-0.012510670325323712
81,1562731200,63,88,25,151,28,-1.4641221383597047,-1.2527082172417099
81,1562745047,43,346,303,389,28,-0.6081055071383455,-0.9773658514151241
81,1562745600,113,578,465,691,28,-0.10927567167841679,-0.6279818409965153
81,1562760000,436,1393,957,1829,28,1.405689013792478,0.6885711519053946
81,1562774400,435,1285,850,1720,28,1.0762149866677102,0.5624689759596053
81,1562788800,1198,1961,763,3159,28,0.8083248898466374,2.2272490785833736
81,1562803200,456,840,384,1296,28,-0.35869058940838117,0.07194308053745259
81,1562817600,69,75,6,144,28,-1.522626872148215,-1.2608065221189624
81,1562832000,79,565,486,644,28,-0.04461254485953713,-0.6823561737437823
81,1562846400,445,1436,991,1881,28,1.5103816953087594,0.7487299881364133
81,1562860800,448,1309,861,1757,28,1.1100861483347424,0.6052743017393687
81,1562875200,1120,2105,985,3225,28,1.4919065162176508,2.3036045245688976
81,1562889600,417,689,272,1106,28,-0.7035605991090726,-0.14786805184511587
81,1562904000,77,54,0,131,28,-1.5411020512393234,-1.2758462311767171
81,1562918400,73,549,476,622,28,-0.0754045100113846,-0.7078079890722903
81,1562932800,402,1384,982,1786,28,1.4826689266720967,0.6388244219451291
81,1562947200,508,1271,763,1779,28,0.8083248898466374,0.6307261170678766
81,1562961600,1004,1907,903,2911,28,1.2394124019725017,1.9403377057892843
81,1562976000,458,947,489,1405,28,-0.0353749553139829,0.19804525648324184
81,1562990400,115,152,37,267,28,-1.427171780177488,-1.1185077364186682
81,1563004800,36,182,146,218,28,-1.0915393600223506,-1.1751958705594356
81,1563019200,267,458,191,725,28,-0.952975516839037,-0.5886472173070031
81,1563033600,384,1029,645,1413,28,0.4449797010548374,0.20730046205724473
81,1563048000,425,978,553,1403,28,0.16169362165784082,0.19573145508974113
81,1563062400,367,669,302,1036,28,-0.6111847036535303,-0.22885110061764108
81,1563076800,86,194,108,280,28,-1.208548827599371,-1.1034680273609134
81,1563091200,29,112,83,141,28,-1.2855287404789897,-1.2642772242092135
81,1563105600,242,552,310,794,28,-0.5865511315320524,-0.5088210692312283
81,1563120000,307,1075,768,1382,28,0.8237208724225611,0.17143654045798357
81,1563134400,471,939,468,1410,28,-0.10003808213286255,0.20382975996699365
81,1563148800,299,690,391,989,28,-0.33713621380208797,-0.283225433364908
81,1563163200,58,89,31,147,28,-1.4456469592685963,-1.2573358200287112
81,1563177600,65,550,485,615,28,-0.04769174137472188,-0.7159062939495427
81,1563192000,400,1353,953,1753,28,1.393372227731739,0.6006466989523672
81,1563206400,386,1156,770,1542,28,0.8298792654529306,0.3565406519380412
81,1563220800,1185,1654,469,2839,28,-0.0969588856176778,1.8570408556232585
81,1563235200,409,707,298,1116,29,-0.5667853936149977,-0.19006023020366664
81,1563249600,70,95,25,165,29,-1.4014580526426834,-1.2479456419643762
81,1563264000,75,505,430,580,29,-0.1632074046345781,-0.7863026915114902
81,1563278400,428,1480,1052,1908,29,1.7385009979852777,0.6909547499377444
81,1563292800,393,1210,817,1603,29,1.0200098812398337,0.3516749911711657
81,1563307200,1227,1861,634,3088,29,0.4605040328806157,2.0035780789363113
81,1563321600,491,793,302,1284,29,-0.554555757585288,-0.0031782647191248956
81,1563336000,85,81,0,166,29,-1.477893277828369,-1.2468332493126824
81,1563350400,77,530,453,607,29,-0.09288699746374744,-0.7562680899157603
81,1563364800,471,1436,965,1907,29,1.472506414339092,0.6898423572860507
81,1563379200,448,1484,1036,1932,29,1.6895824538664388,0.7176521735783933
81,1563393600,1270,2037,767,3307,29,0.8671394308684627,2.247192069657232
81,1563408000,532,715,183,1247,29,-0.9183874294691511,-0.04433679283179182
81,1563422400,64,43,0,107,29,-1.477893277828369,-1.3124644157626109
81,1563436800,85,482,397,567,29,-0.264101901879683,-0.8007637959835083
81,1563451200,469,1364,895,1833,29,1.2584877838191726,0.6075253010607169
81,1563465600,457,1254,797,1711,29,0.9588617010912853,0.47181339755408536
81,1563480000,1244,1945,701,3189,29,0.6653504363782529,2.115929736757375
81,1563494400,486,833,347,1319,29,-0.41697235225105406,0.035755478090154634
81,1563508800,101,86,0,187,29,-1.477893277828369,-1.2234730036271146
81,1563523200,73,552,479,625,29,-0.013394363270634497,-0.7362450221852738
81,1563537600,453,1446,993,1899,29,1.5581138665470597,0.6809432160725011
81,1563552000,553,1308,755,1861,29,0.8304505227793336,0.6386722953081405
81,1563566400,1187,2146,959,3333,29,1.4541619602945275,2.276114278601268
81,1563580800,536,889,353,1425,29,-0.39862789820648953,0.1536690991696869
81,1563595200,117,232,115,349,29,-1.1262912419742157,-1.0432653940527352
81,1563609600,36,159,123,195,29,-1.1018319699147963,-1.2145738624135651
81,1563624000,242,601,359,843,29,-0.380283444161925,-0.49374342411604694
81,1563638400,351,1001,650,1352,29,0.5094225769994545,0.07246443559604676
81,1563652800,417,1145,728,1562,29,0.7479004795787932,0.3060668924517239
81,1563667200,435,819,384,1254,29,-0.3038482189762395,-0.03655004426993592
81,1563681600,138,204,66,342,29,-1.2761042833381593,-1.0510521426145911
81,1563696000,48,107,59,155,29,-1.2975061463901512,-1.2590695684813131
81,1563710400,238,528,290,766,29,-0.591244665674417,-0.579397658296462
81,1563724800,272,952,680,1224,29,0.6011448472222771,-0.06992182382074695
81,1563739200,453,830,377,1283,29,-0.3252500820282314,-0.004290657370818596
81,1563753600,298,633,335,931,29,-0.45366126034018306,-0.39585287076700126
81,1563768000,65,73,8,138,29,-1.4534340057689497,-1.277980243560106
81,1563782400,80,525,445,605,29,-0.1173462695231668,-0.7584928752191478
81,1563796800,375,1380,1005,1755,29,1.5948027746361888,0.5207586742286082
81,1563811200,406,1130,724,1536,29,0.7356708435490836,0.27714468350768773
81,1563825600,1238,1554,316,2792,29,-0.5117520314813041,1.674309854034976
81,1563840000,295,543,248,838,30,-0.734058773590379,-0.4678682729243309
81,1563854400,77,56,0,133,30,-1.4658374450153941,-1.260207292748142
81,1563868800,71,552,481,623,30,-0.04654090890478005,-0.7095035768422308
81,1563883200,409,1468,1059,1877,30,1.6589755107873925,0.6998483818231012
81,1563897600,416,1167,751,1583,30,0.7501536124047122,0.3694261522795545
81,1563912000,1208,1951,743,3159,30,0.7265478488103569,2.1406691242544853
81,1563926400,447,711,264,1158,30,-0.6868472464016683,-0.10822502988373585
81,1563940800,58,75,17,133,30,-1.4156751973773891,-1.260207292748142
81,1563955200,72,564,492,636,30,-0.01408298396254147,-0.6948930700937066
81,1563969600,429,1415,986,1844,30,1.4435729179889,0.6627601723845399
81,1563984000,471,1278,807,1749,30,0.9153939575651996,0.5559910846068632
81,1563998400,1253,1769,516,3022,30,0.056734306820524515,1.9866968608277304
81,1564012800,515,841,326,1356,30,-0.5039025785454145,0.11430422674763235
81,1564027200,83,70,0,153,30,-1.4658374450153941,-1.2377295900581047
81,1564041600,83,499,416,582,30,-0.2383377381089171,-0.755582867356807
81,1564056000,440,1569,1129,2009,30,1.8655259422380015,0.8482012195773467
81,1564070400,461,1333,872,1794,30,1.1071907867693367,0.6065659156594468
81,1564084800,1161,2027,866,3188,30,1.0894864640735702,2.173261793155039
81,1564099200,481,1006,525,1487,30,0.08329079086417426,0.26153317936737597
81,1564113600,115,98,0,213,30,-1.4658374450153941,-1.170296481987993
81,1564127372,59,241,182,300,30,-0.9288063232438104,-1.0725184752863315
81,1564128000,42,484,442,526,30,-0.16161900642726226,-0.8185204348889111
81,1564129115,28,65,37,93,30,-1.3566607883915007,-1.3051626981282163
81,1564142400,400,1329,929,1729,30,1.2753818523791183,0.533513381916826
81,1564156800,544,1352,808,1896,30,0.9183446780144939,0.7212021993786365
81,1564171200,1057,2035,978,3092,30,1.4199671543945447,2.0653688202428606
81,1564185600,509,1050,541,1559,30,0.13050231805288492,0.3424529090515099
81,1564200000,148,234,86,382,30,-1.2120754863760743,-0.9803598942571788
81,1564214400,46,167,121,213,30,-1.1088002706507698,-1.170296481987993
81,1564228800,340,615,275,955,30,-0.6543893214594297,-0.33637371218761336
81,1564243200,406,1165,759,1571,30,0.7737593759990676,0.3559395306655322
81,1564257600,523,1144,621,1667,30,0.3665599539964382,0.4638325035777107
81,1564272000,495,1010,515,1505,30,0.0537835863712301,0.28176311178840946
81,1564286400,151,179,28,330,30,-1.3832172724351506,-1.0388019212512756
81,1564300800,46,116,70,162,30,-1.259287013564785,-1.227614623847588
81,1564315200,270,503,233,773,30,-0.7783195803297952,-0.5409208066669517
81,1564329600,351,1116,765,1467,30,0.7914636986948341,0.23905547667733879
81,1564344000,438,1135,697,1573,30,0.5908147081428138,0.3581873009345359
81,1564358400,297,691,394,988,30,-0.30325358799339425,-0.29928550274905197
81,1564372800,49,63,14,112,30,-1.4245273587252723,-1.283808880572681
81,1564387200,81,521,440,602,30,-0.1675204473258511,-0.7331051646667698
81,1564401600,375,1362,987,1737,30,1.4465236384381945,0.5425044629928408
81,1564416000,397,1243,846,1640,30,1.0304720550876818,0.4334876049461605
81,1564430400,1094,1686,592,2780,30,0.28098906096690013,1.7147166582782805
81,1564444800,343,860,517,1203,31,-0.2268715007102413,-0.2717111339222277
81,1564459200,75,89,14,164,31,-1.6292231425812258,-1.3264105167809865
81,1564473600,70,524,454,594,31,-0.40251395287300873,-0.8899131783505089
81,1564488000,425,1394,969,1819,31,1.0332933941718363,0.353596681131666
81,1564502400,413,1328,915,1741,31,0.8827427208894641,0.27441809416055607
81,1564516800,1167,2052,885,3219,31,0.799103457954813,1.7747508062541515
81,1564531200,449,827,378,1276,31,-0.6144000856407917,-0.19760809739798377
81,1564545600,80,77,0,157,31,-1.6682547986173963,-1.333516287406599
81,1564560000,81,559,478,640,31,-0.3356025425252878,-0.8432181142393415
81,1564574400,470,1560,1090,2030,31,1.3706384213415959,0.567784909989412
81,1564588800,447,1299,852,1746,31,0.7071002687266967,0.2794936446074221
81,1564603200,1281,2019,738,3300,31,0.3892710695750223,1.856974723493381
81,1564617600,396,706,310,1102,31,-0.8039824149593343,-0.3742372529489213
81,1564632000,79,59,0,138,31,-1.6682547986173963,-1.3528033791046898
81,1564646400,75,516,441,591,31,-0.4387576334780242,-0.8929585086186285
81,1564660800,416,1430,1014,1846,31,1.158752288573813,0.3810046535447425
81,1564675200,419,1309,890,1728,31,0.8130433351105882,0.2612216629987044
81,1564689600,1199,1898,699,3097,31,0.2805400277599758,1.6509073753506207
81,1564704000,461,864,403,1325,31,-0.5447006998619157,-0.14786770301869678
81,1564718400,80,117,37,197,31,-1.56509970766466,-1.2929118838316709
81,1564732800,75,470,395,545,31,-0.567004503311156,-0.9396535727297959
81,1564747200,435,1351,916,1786,31,0.8855306963206192,0.3200980481823502
81,1564761600,555,1286,731,1841,31,0.369755241556937,0.37592910309787647
81,1564776000,988,2223,1235,3211,31,1.7748948588590765,1.766629925539166
81,1565395200,9428,7475,0,16903,32,-1.171648612922571,4.36436417342487
81,1565409600,130,225,95,355,32,-0.9109773758554883,-0.38679715312894675
81,1565424000,38,214,176,252,32,-0.688720847408818,-0.41636988799932645
81,1565438400,245,631,386,876,32,-0.11250021810263561,-0.237210795192366
81,1565452800,363,1319,956,1682,32,1.4515272042998595,-0.005796966983375387
81,1565467200,476,1469,993,1945,32,1.5530517913680917,0.06971399681186596
81,1565481600,425,1038,613,1463,32,0.5103668430997615,-0.06867491782427979
81,1565496000,106,236,130,342,32,-0.8149406043044579,-0.39052963422909176
81,1565510400,34,144,110,178,32,-0.8698187594764754,-0.437616318877075
81,1565524800,245,592,347,837,32,-0.21951262068806948,-0.24840823849280103
81,1565539200,319,1080,761,1399,32,0.9164651913726901,-0.08705020939422445
81,1565553600,377,1214,837,1591,32,1.1250021810263562,-0.03192433468439045
81,1565568000,307,792,485,1099,32,0.15914664999885036,-0.17318438862834004
81,1565582400,54,98,44,152,32,-1.0509166715441327,-0.445081281077365
81,1565582764,1,1,0,2,32,-1.171648612922571,-0.4881483706944228
81,1565582847,1,1,0,2,32,-1.171648612922571,-0.4881483706944228
81,1565582944,0,0,0,0,32,-1.171648612922571,-0.48872259855598355
81,1565596800,52,488,436,540,32,0.024695169827407815,-0.33368107593457547
81,1565611200,392,1431,1039,1823,32,1.6792715482637315,0.03468609725665895
81,1565625600,369,1182,813,1551,32,1.0591483948199352,-0.04340889191560587
81,1565640000,1004,1750,746,2754,32,0.875306574993677,0.3019891668131977
81,1565654400,316,868,552,1184,33,-0.035802141434683216,-0.10134021442473126
81,1565668800,76,82,6,158,33,-1.6519728252538899,-1.3649260130331002
81,1565683200,72,549,477,621,33,-0.25780360899226656,-0.7947113690217212
81,1565697600,349,1500,1151,1849,33,1.737249579458549,0.7176505809695819
81,1565712000,356,1301,945,1657,33,1.1274855485670534,0.4811900806452088
81,1565726400,1116,1873,757,2989,33,0.571001869889378,2.1216348016455475
81,1565740800,383,722,339,1105,33,-0.6662863092982199,-0.19863385778736398
81,1565755200,83,87,4,170,33,-1.6578928643887587,-1.350147231762827
81,1565769600,80,505,425,585,33,-0.41172462649885766,-0.8390477128325412
81,1565784000,396,1469,1073,1865,33,1.5063680531986623,0.7373556226632797
81,1565798400,412,1242,830,1654,33,0.7870832983120923,0.47749538532764046
81,1565812800,1107,1948,841,3055,33,0.8196435135538712,2.202918098632051
81,1565827200,398,781,383,1179,33,-0.5360454483311043,-0.10749803995401182
81,1565841600,89,81,0,170,33,-1.6697329426584966,-1.350147231762827
81,1565856000,63,472,409,535,33,-0.45908493957780877,-0.9006259681253467
81,1565870400,383,1344,961,1727,33,1.1748458616460047,0.5673996380551365
81,1565884800,401,1163,762,1564,33,0.5858019677265501,0.36665452580059055
81,1565899200,978,2021,1043,2999,33,1.417567466175629,2.1339504527041084
81,1565913600,395,944,549,1339,33,-0.04468220013698655,0.0895523769829658
81,1565928000,93,139,46,232,33,-1.5335720425565122,-1.2737901951997481
81,1565942400,49,448,399,497,33,-0.48868513525215324,-0.9474254421478789
81,1565956800,363,1391,1028,1754,33,1.3731671726641124,0.6006518959132515
81,1565971200,466,1294,828,1760,33,0.7811632591772235,0.6080412865483882
81,1565985600,699,1584,885,2283,33,0.9498843745209868,1.2521498369111337
81,1566000000,436,937,501,1373,33,-0.1867631393738399,0.13142559058207354
81,1566014400,127,251,124,378,33,-1.3026905162966256,-1.093981689744756
81,1566028800,42,213,171,255,33,-1.1635695966272066,-1.2454641977650576
81,1566043200,290,622,332,912,33,-0.687006446270261,-0.4363259232175932
81,1566057600,391,1244,853,1635,33,0.8551637483630846,0.4540956483163744
81,1566072000,509,1252,743,1761,33,0.5295615959452957,0.6092728516542443
81,1566086400,487,1058,571,1545,33,0.020438230346571228,0.34325478878932447
81,1566100800,121,250,129,371,33,-1.2878904184594533,-1.1026026454857487
81,1566115200,38,160,122,198,33,-1.3086105554314944,-1.315663408798856
81,1566129600,220,553,333,773,33,-0.6840464267028266,-0.6075134729315925
81,1566144000,297,1132,835,1429,33,0.8018833961492646,0.2003932365100157
81,1566158400,441,1276,835,1717,33,0.8018833961492646,0.5550839869965755
81,1566172800,286,722,436,1008,33,-0.3791644112570788,-0.31809567305540665
81,1566187200,67,112,45,179,33,-1.5365320621239467,-1.3390631458101219
81,1566201600,71,515,444,586,33,-0.3554842547176032,-0.8378161477266851
81,1566216000,393,1350,957,1743,33,1.1630057833762668,0.5871046797488343
81,1566230400,422,1292,870,1714,33,0.9054840810094701,0.5513892916790071
81,1566244800,989,1687,698,2676,33,0.3963607154107457,1.736154923512585
81,1566259200,299,804,505,1103,34,-0.17447846930468647,-0.22181689878227345
81,1566273600,58,75,17,133,34,-1.5514945289384376,-1.3718322279232535
81,1566288000,50,357,307,407,34,-0.7331858049757576,-1.0469825370112653
81,1566302400,387,1490,1103,1877,34,1.512930554590771,0.6958241989034158
81,1566316800,364,1234,870,1598,34,0.855461821200066,0.3650465939236906
81,1566331200,979,1881,902,2860,34,0.9457579562580168,1.8612521046205122
81,1566345600,381,794,413,1175,34,-0.4340798575962953,-0.1364549362068605
81,1566360000,84,83,0,167,34,-1.599464350687974,-1.331522412262642
81,1566374400,53,516,463,569,34,-0.292992146568247,-0.8549181212165862
81,1566388800,402,1433,1031,1835,34,1.3097642507103813,0.6460297207344249
81,1566403200,713,1498,785,2211,34,0.6156127124523838,1.0918088586282482
81,1566417600,1113,1855,742,2968,34,0.49427728096826234,1.9892950484836316
81,1566432000,390,699,309,1089,34,-0.7275422965346356,-0.2384150581719371
81,1566446400,73,90,17,163,34,-1.5514945289384376,-1.3362647435168316
81,1566460800,63,495,432,558,34,-0.38046652740563697,-0.8679595321656076
81,1566475200,443,1408,965,1851,34,1.1235284721533576,0.6649990457511834
81,1566489600,461,1395,934,1856,34,1.0360540913159677,0.6709269598189204
81,1566504000,1005,1885,880,2890,34,0.8836793634056755,1.8968195890269341
81,1566518400,454,772,318,1226,34,-0.702146508549587,-0.07599021271594299
81,1566532800,80,76,0,156,34,-1.599464350687974,-1.3445638232116632
81,1566547200,51,442,391,493,34,-0.49615845044863655,-0.9450224150461888
81,1566561600,392,1199,807,1591,34,0.6776913053047251,0.3567475142288588
81,1566576000,504,1325,821,1829,34,0.7171958643925787,0.6389162238531405
81,1566590400,845,1780,935,2625,34,1.0388758455365288,1.5826401434368726
81,1566604800,428,1009,581,1437,34,0.0399748514579469,0.17416776094255887
81,1566619200,130,243,113,373,34,-1.280606123764585,-1.087292352671877
81,1566633600,46,195,149,241,34,-1.17902297182439,-1.2437892840601341
81,1566648000,305,670,365,975,34,-0.5695240601832217,-0.37357149891634095
81,1566662400,402,1142,740,1544,34,0.4886337725271404,0.3010251219921309
81,1566676800,436,1456,1020,1892,34,1.2787249542842107,0.7136079411066268
81,1566691200,376,1072,696,1448,34,0.3644765868224579,0.1872091718915803
81,1566705600,117,237,120,354,34,-1.2608538442206583,-1.1098184261292776
81,1566720000,43,153,110,196,34,-1.2890713864262677,-1.2971405106697673
81,1566734400,254,537,283,791,34,-0.8009079062692208,-0.5917187366090629
81,1566748800,347,1104,757,1451,34,0.5366035942766768,0.1907659203322225
81,1566763200,375,1291,916,1666,34,0.9852625153458703,0.44566622524491395
81,1566777600,297,900,603,1197,34,0.10205344431028815,-0.11037211430881766
81,1566792000,65,95,30,160,34,-1.5148117240711452,-1.3398214919574738
81,1566806400,52,512,460,564,34,-0.3014574092299299,-0.8608460352843232
81,1566820800,388,1403,1015,1791,34,1.264616183181406,0.5938640769383392
81,1566835200,415,1676,1261,2091,34,1.9587677214394035,0.9495389210025599
81,1566849600,1071,1712,641,2783,34,0.20928010469160482,1.7699622279773621
81,1566864000,306,715,409,1021,35,-0.25327640335319673,-0.11873975444397877
81,1566878400,61,73,12,134,35,-1.355346014394742,-1.2518162944173357
81,1566892800,63,473,410,536,35,-0.2505004093707243,-0.7382911883640216
81,1566907200,347,1599,1252,1946,35,2.086886523871042,1.0628789597334225
81,1566921600,415,1290,875,1705,35,1.0403367924789446,0.755019381228824
81,1566936000,1032,1759,727,2791,35,0.6294896830730285,2.1423036229549406
81,1566950400,384,680,296,1064,35,-0.5669637233725786,-0.06381045205519147
81,1566964800,72,70,0,142,35,-1.388657942184411,-1.2415968893217473
81,1566979200,50,452,402,502,35,-0.27270836123050357,-0.781723660020272
81,1566993600,392,1486,1094,1878,35,1.648279474640402,0.9760140164209218
81,1567008000,396,1452,1056,1848,35,1.5427917033064504,0.9376912473124654
81,1567022400,1048,1702,654,2750,35,0.4268421223525429,2.0899291718400503
81,1567036800,336,644,308,980,35,-0.5336517955829098,-0.171114205558869
81,1567051200,76,88,12,164,35,-1.355346014394742,-1.2134935253088792
81,1567065600,61,405,344,466,35,-0.4337160122139031,-0.8277109829504196
81,1567080000,377,1574,1197,1951,35,1.9342068548350597,1.0692660879181652
81,1567094400,442,1256,814,1698,35,0.8710011595481278,0.7460774017701842
81,1567108800,1046,1729,683,2775,35,0.5073459478442427,2.121864812763764
81,1567123200,376,790,414,1166,35,-0.23939643344083467,0.06648696291355982
81,1567137600,95,134,39,229,35,-1.2803941768679872,-1.130460858907224
81,1567152000,58,446,388,504,35,-0.31157227698511725,-0.7791688087463751
81,1567166400,381,1292,911,1673,35,1.1402725758479513,0.7141417608464706
81,1567180800,605,1331,726,1936,35,0.6267136890905561,1.0501047033639372
81,1567195200,693,1856,1163,2549,35,1.8398230594309979,1.8331666188133935
81,1567209600,367,775,408,1142,35,-0.2560523973356691,0.03582874762679481
81,1567224000,115,174,59,289,35,-1.224874297218539,-1.0538153206903116
81,1567238400,34,149,115,183,35,-1.0694186342000842,-1.189222438206857
81,1567252800,223,444,221,667,35,-0.7751632720580092,-0.5709484299237627
81,1567267200,271,1016,745,1287,35,0.6794575747575319,0.2210554649843334
81,1567281600,383,1319,936,1702,35,1.2096724254097615,0.7511871043179783
81,1567296000,307,850,543,1157,35,0.11870679029810575,0.05499013218102294
81,1567310400,122,189,67,311,35,-1.2026663453587596,-1.0257119566774435
81,1567324800,32,116,84,148,35,-1.1554744476567287,-1.233932335500056
81,1567339200,157,427,270,584,35,-0.6391395669168612,-0.6769747577904917
81,1567353600,307,1096,789,1403,35,0.8016013099863177,0.3692368388703643
81,1567368000,354,1052,698,1406,35,0.5489858575813288,0.3730691157812099
81,1567382400,302,710,408,1012,35,-0.2560523973356691,-0.13023658517651565
81,1567396800,83,143,60,226,35,-1.2220983032360666,-1.1342931358180697
81,1567411200,31,143,112,174,35,-1.0777466161475013,-1.200719268939394
81,1567425600,172,432,260,604,35,-0.6668995067415853,-0.6514262450515208
81,1567440000,268,711,443,979,35,-0.1588926079491349,-0.17239163119581755
81,1567454400,249,855,606,1104,35,0.29359441119386737,-0.01271342657724979
81,1567468800,204,495,291,699,36,-0.7373230586719688,-0.5928017903390799
81,1567483200,62,48,0,110,36,-1.5845929367359783,-1.2869573659051199
81,1567497600,61,476,415,537,36,-0.3762870968852431,-0.7837240369293998
81,1567512000,348,1428,1080,1776,36,1.5599138272129227,0.6764775897706399
81,1567526400,357,1242,885,1599,36,0.9921556614999267,0.4678773573849199
81,1567540800,1061,1693,632,2754,36,0.2555258362415268,1.8290822636307198
81,1567555200,360,671,311,1031,36,-0.6790914519321744,-0.20152903806755998
81,1567569600,86,74,0,160,36,-1.5845929367359783,-1.2280307465871199
81,1567584000,69,533,464,602,36,-0.23361966037274667,-0.7071194318159999
81,1567598400,402,1552,1150,1954,36,1.7637244508022034,0.8862563545427199
81,1567612800,447,1361,914,1808,36,1.0765914912726287,0.7141906261341598
81,1567627200,1057,1695,638,2752,36,0.2729953182634652,1.8267251988579998
81,1567641600,345,722,377,1067,36,-0.4869271496908526,-0.15910187215859997
81,1567656000,73,83,10,156,36,-1.555477133366081,-1.23274487613256
81,1567670400,69,491,422,560,36,-0.35590603452631503,-0.7566177920431199
81,1567684800,399,1503,1104,1902,36,1.6297917553006762,0.8249726704519998
81,1567699200,437,1386,949,1823,36,1.1784968030672691,0.7318686119295599
81,1567713600,1147,1918,771,3065,36,0.6602355030830983,2.1956058357886796
81,1567728000,399,861,462,1260,36,-0.23944282104672612,0.06835487840888
81,1567742400,88,108,20,196,36,-1.5263613299961838,-1.1856035806781597
81,1567756800,67,478,411,545,36,-0.387933418233202,-0.7742957778385199
81,1567771200,375,1401,1026,1776,36,1.4026884890154778,0.6764775897706399
81,1567785600,509,1387,878,1896,36,0.9717745991409987,0.8179014761338399
81,1567800000,1143,2025,882,3168,36,0.9834209204889576,2.3169946715837595
81,1567814400,356,753,397,1109,36,-0.4286955429510581,-0.10960351193147998
81,1567828800,96,138,42,234,36,-1.4623065625824099,-1.1408193499964798
81,1567843200,36,216,180,252,36,-1.060508476077828,-1.1196057670419999
81,1567857600,115,720,605,835,36,0.17691316714280428,-0.4325213857941199
81,1567872000,222,1061,839,1283,36,0.8582229659983995,0.09546112329515999
81,1567886400,303,1114,811,1417,36,0.7766987165626873,0.2533844630674
81,1567900800,295,782,487,1077,36,-0.16665331262198305,-0.147316548295
81,1567915200,108,201,93,309,36,-1.313815965395934,-1.0524294210194798
81,1567929600,25,152,127,177,36,-1.2148222339382835,-1.2079956960189997
81,1567944000,77,545,468,622,36,-0.22197333902478777,-0.6835487840887999
81,1567958400,156,979,823,1135,36,0.8116376806065639,-0.07896166988611998
81,1567972800,255,948,693,1203,36,0.4331322367978999,0.00117853238636
81,1567987200,227,538,311,765,36,-0.6790914519321744,-0.5150186528393199
81,1568001600,52,82,30,134,36,-1.4972455266262865,-1.2586725886324799
81,1568016000,70,529,459,599,36,-0.24817756205769528,-0.7106550289750799
81,1568030400,413,1426,1013,1839,36,1.3648379446346113,0.7507251301113199
81,1568044800,405,1236,831,1641,36,0.8349303233024817,0.5173757176120399
81,1568059200,1050,1607,557,2657,36,0.037157310967297574,1.7147646221537998
81,1568073600,320,661,341,981,37,-0.6347429122082244,-0.3335865972130232
81,1568088000,81,55,0,136,37,-1.5855626997457406,-1.2975950928640443
81,1568102400,80,548,468,628,37,-0.2806252787265102,-0.7363025723193077
81,1568116800,412,1401,989,1813,37,1.1720935168953253,0.6155909985049054
81,1568131200,426,1317,891,1743,37,0.8988373902716402,0.5357323065574835
81,1568145600,1125,1765,640,2890,37,0.19896710677628382,1.8442740160388105
81,1568160000,409,777,368,1186,37,-0.5594580609955765,-0.09971471365271625
81,1568174400,116,46,0,162,37,-1.5855626997457406,-1.267933292997859
81,1568188800,86,553,467,639,37,-0.2834136065492009,-0.7237533492989986
81,1568203200,402,1452,1050,1854,37,1.3421815140794557,0.6623653752169668
81,1568217600,501,1356,855,1857,37,0.7984575886547763,0.665787890586142
81,1568232000,1193,1748,555,2941,37,-0.03804075815242253,1.9024567773147893
81,1568246400,400,727,327,1127,37,-0.6737795017258937,-0.16702418257982898
81,1568260800,113,37,0,150,37,-1.5855626997457406,-1.2816233544745599
81,1568275200,82,579,497,661,37,-0.199763771868481,-0.6986549032583803
81,1568289600,378,1359,981,1737,37,1.1497868943137999,0.5288872758191331
81,1568304000,437,1363,926,1800,37,0.9964288640658134,0.6007600985718128
81,1568318400,1217,1918,701,3135,37,0.3690551039604143,2.123779437854787
81,1568332800,478,749,271,1227,37,-0.8299258597965709,-0.052940336940654864
81,1568347200,84,118,34,202,37,-1.490759553774258,-1.2222997547421894
81,1568361600,68,491,423,559,37,-0.40610003074759005,-0.8150204258103378
81,1568376000,472,1649,1177,2121,37,1.69629914756117,0.9669692430735617
81,1568390400,532,1499,967,2031,37,1.1107503047961307,0.864293781998305
81,1568404800,1094,2126,1032,3220,37,1.2919916132710239,2.220750706648085
81,1568419200,438,986,548,1424,37,-0.057559052911257166,0.17180483896851811
81,1568433600,116,191,75,307,37,-1.3764381130439407,-1.1025117168210568
81,1568448000,35,216,181,251,37,-1.0808753638387305,-1.1663986703789941
81,1568462400,104,625,521,729,37,-0.13284390412390507,-0.6210778882237419
81,1568476800,200,1142,942,1342,37,1.041042109228864,0.07825608554439535
81,1568491200,310,1378,1068,1688,37,1.3923714148878876,0.4729861914559378
81,1568505600,314,914,600,1228,37,0.08743399386865731,-0.05179949848426312
81,1568520000,105,253,148,358,37,-1.1728901819875224,-1.0443289555450779
81,1568534400,33,156,123,189,37,-1.242598377554789,-1.237130654675282
81,1568548800,82,564,482,646,37,-0.24158868920884094,-0.7157674801042564
81,1568563200,146,1069,923,1215,37,0.9880638805977415,-0.06663039841735575
81,1568577600,270,1112,842,1382,37,0.7622093269597978,0.123889623800065
81,1568592000,237,578,341,815,37,-0.6347429122082244,-0.5229657809740522
81,1568606400,58,65,7,123,37,-1.5660444049869058,-1.312425992797137
81,1568620800,60,507,447,567,37,-0.3391801630030141,-0.805893718159204
81,1568635200,362,1527,1165,1889,37,1.6628392136888819,0.7022947211906777
81,1568649600,423,1290,867,1713,37,0.8319175225270643,0.5015071528657313
81,1568664000,1087,1730,643,2817,37,0.2073320902443558,1.7609928087222135
81,1568678400,303,637,334,940,38,-0.5995495648967755,-0.4254858307359134
81,1568692800,80,82,2,162,38,-1.5149244836442448,-1.323797842438873
81,1568707200,79,502,423,581,38,-0.3541629149915804,-0.8400025559304668
81,1568721600,401,1667,1266,2068,38,1.9701173756834696,0.8769511219645216
81,1568736000,437,1314,877,1751,38,0.8975847148618866,0.5109293896896654
81,1568750400,1147,1809,662,2956,38,0.30479674037180865,1.9022738294095451
81,1568764800,452,687,235,1139,38,-0.8725077484991834,-0.19571193571163453
81,1568779200,85,109,24,194,38,-1.4542671095103763,-1.2868492764048183
81,1568793600,77,556,479,633,38,-0.19976232628718799,-0.7799611361251276
81,1568808000,418,1516,1098,1934,38,1.5069156095702925,0.7222290016969168
81,1568822400,470,1481,1011,1951,38,1.26704326640454,0.7418579274025084
81,1568836800,1081,1888,807,2969,38,0.7045839789813961,1.9172841843608799
81,1568851200,468,814,346,1282,38,-0.5664637244601199,-0.03059803124695171
81,1568865600,89,87,0,176,38,-1.5204387903836873,-1.307632844798974
81,1568880000,75,475,400,550,38,-0.41757744249517015,-0.8757964792759575
81,1568894400,395,1430,1035,1825,38,1.333214947277851,0.5963729486434173
81,1568908800,477,1411,934,1888,38,1.0547424569360004,0.6691154380229629
81,1568923200,1126,1838,712,2964,38,0.44265440885787327,1.9115109709180589
81,1568937600,419,892,473,1311,38,-0.21630524650551575,0.002886606721410539
81,1568952000,102,146,44,248,38,-1.3991240421159505,-1.2244985712223506
81,1568966400,63,493,430,556,38,-0.33486284140353134,-0.8688686231445721
81,1568980800,381,1434,1053,1815,38,1.3828437079328342,0.5848265217577752
81,1568995200,471,1350,879,1821,38,0.9030990216013293,0.5917543778891604
81,1569009600,1090,2000,910,3090,38,0.9885707760626893,2.05699594967715
81,1569024000,438,878,440,1316,38,-0.3072913077063184,0.008659820164231617
81,1569038400,103,251,148,354,38,-1.112380091664936,-1.1021064462345438
81,1569052800,32,164,132,196,38,-1.1564945455804767,-1.2845399910276898
81,1569067200,297,619,322,916,38,-0.632635405333431,-0.4531972552614546
81,1569081600,375,1067,692,1442,38,0.3875113414634474,0.15414479892332278
81,1569096000,525,1504,979,2029,38,1.1788143585734585,0.8319200571105173
81,1569110400,407,993,586,1400,38,0.09525308427299035,0.10564980600362572
81,1569124800,169,278,109,447,38,-1.2199090730840665,-0.9947246761980717
81,1569139200,33,116,83,149,38,-1.29159506069682,-1.338808197390208
81,1569153600,237,537,300,774,38,-0.6932927794672995,-0.6171565170375732
81,1569168000,342,1056,714,1398,38,0.44816871559731586,0.10334052062649729
81,1569182400,391,1183,792,1574,38,0.6632266784355767,0.3065576338137992
81,1569196800,288,656,368,944,38,-0.5058063503262515,-0.4208672599816565
81,1569211200,54,86,32,140,38,-1.432209882552606,-1.3491999815872857
81,1569225600,64,524,460,588,38,-0.2521482403118926,-0.8319200571105173
81,1569240000,383,1615,1232,1998,38,1.8763741611129456,0.7961261337650266
81,1569254400,424,1263,839,1687,38,0.7928128868124775,0.43703225762155556
81,1569268800,1151,1650,499,2801,38,-0.14461925889276214,1.7233042126820917
81,1569283200,315,460,145,775,39,-0.38957673277893695,-0.18528240045697483
81,1569297600,62,36,0,98,39,-0.7564776277518553,-0.9046693670046027
81,1569312000,74,481,407,555,39,0.2733752291721294,-0.4190565993350813
81,1569326400,361,1524,1163,1885,39,2.1863205850309315,0.9942146938825626
81,1569340800,491,1334,843,1825,39,1.376608265090698,0.9304580941885335
81,1569355200,1146,2034,888,3180,39,1.4904740600822932,2.3702946372786893
81,1569369600,490,583,93,1073,39,-0.521154984769225,0.13137537802336946
81,1569384000,74,29,0,103,39,-0.7564776277518553,-0.8993563170301002
81,1569398400,67,489,422,556,39,0.3113304941693279,-0.4179939893401809
81,1569412800,386,1525,1139,1911,39,2.125592161035414,1.0218425537499751
81,1569427200,453,1143,690,1596,39,0.9894645621192737,0.6871204053563227
81,1569441600,1148,1838,690,2986,39,0.9894645621192737,2.1641482982679956
81,1569456000,445,504,59,949,39,-0.6071869187628748,-0.0003882613442905894
81,1569470400,81,17,0,98,39,-0.7564776277518553,-0.9046693670046027
81,1569484800,72,491,419,563,39,0.3037394411698882,-0.4105557193758775
81,1569499200,385,1625,1240,2010,39,2.3811576120165503,1.127040943245123
81,1569513600,502,1336,834,1838,39,1.3538351060923788,0.9442720241222399
81,1569527089,804,242,0,1046,39,-0.7564776277518553,0.10268490816105638
81,1569527169,3,0,0,3,39,-0.7564776277518553,-1.0056173165201485
81,1569527250,5,3,0,8,39,-0.7564776277518553,-1.0003042665456463
81,1569527330,2,11,9,13,39,-0.7337044687535363,-0.9949912165711438
81,1569527411,6,2,0,8,39,-0.7564776277518553,-1.0003042665456463
81,1569527492,1,1,0,2,39,-0.7564776277518553,-1.006679926515049
81,1569527572,1,0,0,1,39,-0.7564776277518553,-1.0077425365099495
81,1569527653,3,5,2,8,39,-0.751416925752229,-1.0003042665456463
81,1569527734,4,0,0,4,39,-0.7564776277518553,-1.004554706525248
81,1569527814,5,3,0,8,39,-0.7564776277518553,-1.0003042665456463
81,1569528000,1225,2057,832,3282,39,1.3487744040927523,2.478680856758539
81,1569542400,465,562,97,1027,39,-0.5110335807699721,0.08249531825794718
81,1569556800,85,20,0,105,39,-0.7564776277518553,-0.8972310970402992
81,1569571200,71,455,384,526,39,0.21517715617642513,-0.4498722891871954
81,1569585600,364,1474,1110,1838,39,2.0522119820408307,0.9442720241222399
81,1569600000,457,1305,848,1762,39,1.389260020089764,0.863513664509803
81,1569614400,1088,1939,851,3027,39,1.3968510730892036,2.2077153080589156
81,1569628800,475,550,75,1025,39,-0.5667013027658631,0.08037009826814621
81,1569643200,107,41,0,148,39,-0.7564776277518553,-0.8515388672595784
81,1569657600,48,181,133,229,39,-0.41994094477669575,-0.7654674576726392
81,1569672000,334,348,14,682,39,-0.7210527137544701,-0.28410512998271986
81,1569686400,431,424,0,855,39,-0.7564776277518553,-0.1002736008649361
81,1569700800,509,412,0,921,39,-0.7564776277518553,-0.030141341201504145
81,1569715200,446,203,0,649,39,-0.7564776277518553,-0.31917125981443584
81,1569729600,143,44,0,187,39,-0.7564776277518553,-0.8100970774584595
81,1569744000,40,128,88,168,39,-0.5338067397682911,-0.8302866673615688
81,1569758400,283,400,117,683,39,-0.4604265607737074,-0.2830425199878194
81,1569772800,401,451,50,852,39,-0.6299600777611939,-0.10346143084963755
81,1569787200,428,327,0,755,39,-0.7564776277518553,-0.20653460035498453
81,1569801600,307,113,0,420,39,-0.7564776277518553,-0.5625089486466467
81,1569816000,41,29,0,70,39,-0.7564776277518553,-0.9344224468618162
81,1569830400,76,455,379,531,39,0.20252540117735895,-0.44455923921269297
81,1569844800,490,1377,887,1867,39,1.48794370908248,0.9750877139743539
81,1569859200,557,1173,616,1730,39,0.8022185881330945,0.8295101446729876
81,1569873600,1452,1474,22,2926,39,-0.7008099057559644,2.1003916985739663
81,1569888000,358,639,281,997,40,-0.496656652751571,-0.24163584238360333
81,1569902400,45,37,0,82,40,-1.2677092462498663,-1.1946392724741077
81,1569916800,67,530,463,597,40,0.0027439594074672433,-0.6582493637346435
81,1569931200,538,1567,1029,2105,40,1.5558249840339269,0.912383611758778
81,1569945600,615,1326,711,1941,40,0.6832458924593435,0.7415720680048515
81,1569960000,1368,2043,675,3411,40,0.5844633537905228,2.2726267589699245
81,1569974400,601,730,129,1331,40,-0.913738482686592,0.10623644794451526
81,1569988800,59,59,0,118,40,-1.2677092462498663,-1.157144055552514
81,1570003200,84,495,411,579,40,-0.1399419297808294,-0.6769969721954403
81,1570017600,562,1622,1060,2184,40,1.6408877256654115,0.9946647822256085
81,1570032000,631,1430,799,2061,40,0.924714320316461,0.8665561244101636
81,1570046400,1183,1938,755,3121,40,0.8039801063879023,1.9705819559904203
81,1570060800,398,747,349,1145,40,-0.3100674130437985,-0.08748883948371844
81,1570075200,68,99,31,167,40,-1.1826465046183818,-1.1061088991870118
81,1570089600,72,547,475,619,40,0.03567147229707416,-0.6353356200603363
81,1570104000,376,1628,1252,2004,40,2.167727931899122,0.8071886976176404
81,1570118400,436,1353,917,1789,40,1.2485015303975957,0.5832589298914563
81,1570132800,1194,1805,611,2999,40,0.40884995171261923,1.843514831978353
81,1570147200,466,852,386,1318,40,-0.20854091496751048,0.09269650850060644
81,1570161600,72,79,7,151,40,-1.2485015303975957,-1.1227734400410534
81,1570176000,65,445,380,510,40,-0.22500467141231395,-0.7488628046284947
81,1570190400,409,1471,1062,1880,40,1.646375644480346,0.678038505998818
81,1570204800,510,1438,928,1948,40,1.2786850838797352,0.7488628046284947
81,1570219200,1139,2194,1055,3333,40,1.6271679286280751,2.1913871223064714
81,1570233600,417,861,444,1278,40,-0.049391269334410376,0.051035156365502425
81,1570248000,80,157,77,237,40,-1.0564243718748887,-1.0332015329505797
81,1570262400,24,122,98,146,40,-0.9988012243180765,-1.1279811090579415
81,1570276800,210,379,169,589,40,-0.8039801063879023,-0.6665816341616644
81,1570291200,331,657,326,988,40,-0.37317847941554505,-0.2510096466140017
81,1570305600,352,781,429,1133,40,-0.09055066044641903,-0.09998724512424965
81,1570320000,325,436,111,761,40,-0.9631297520210024,-0.48743781998071706
81,1570334400,89,183,94,272,40,-1.0097770619479456,-0.9967478498323638
81,1570348800,20,65,45,85,40,-1.1442310729138403,-1.191514671063975
81,1570363200,166,341,175,507,40,-0.7875163499430988,-0.7519874060386276
81,1570377600,230,574,344,804,40,-0.3237872100811347,-0.4426518664354802
81,1570392000,338,603,265,941,40,-0.5405600032710469,-0.29996173537274895
81,1570406400,159,277,118,436,40,-0.9439220361687316,-0.8259363060784373
81,1570420800,26,59,33,85,40,-1.1771585858034472,-1.191514671063975
81,1570435200,56,487,431,543,40,-0.08506274163148454,-0.7144921891170339
81,1570449600,380,1450,1070,1830,40,1.6683273197400839,0.6259618158299379
81,1570464000,440,1337,897,1777,40,1.1936223422482508,0.570760524250925
81,1570478400,1152,1664,512,2816,40,0.13719797037336215,1.652914145960252
81,1570492800,178,494,316,672,41,-0.23571407091399532,-0.4757025224927212
81,1570507200,0,3,3,3,41,-1.0027183224574068,-1.2022892520535213
81,1570521600,83,506,423,589,41,0.026488660444295476,-0.5658470644262734
81,1570536000,405,1561,1156,1966,41,1.822699894889409,0.9296834686159118
81,1570550400,468,1347,879,1815,41,1.1439133847375722,0.7656855670259554
81,1570564800,1133,1926,793,3059,41,0.9331710025243665,2.116767617210762
81,1570579200,222,589,367,811,41,-0.11073893727593148,-0.3247375667244832
81,1570593600,3,12,9,15,41,-0.988015365558811,-1.1892563062318031
81,1570608000,96,474,378,570,41,-0.08378351629517261,-0.5864825619773275
81,1570622400,421,1407,986,1828,41,1.406116116095863,0.7798045916661502
81,1570636800,385,1314,929,1699,41,1.2664380255592034,0.6397004240826776
81,1570651200,1038,1658,620,2696,41,0.5092357452815225,1.7225210061037803
81,1570665600,191,426,235,617,41,-0.4342039890450379,-0.5354368575089304
81,1570680000,0,1,1,1,41,-1.007619308090272,-1.2044614096904744
81,1570694400,64,434,370,498,41,-0.10338745882663361,-0.6646802369076379
81,1570708800,405,1485,1080,1890,41,1.6364624408405297,0.8471414784116953
81,1570723200,499,1356,857,1855,41,1.0900025427760545,0.8091287197650167
81,1570737600,1125,2010,885,3135,41,1.158616341636168,2.1993096074149783
81,1570752000,1149,541,0,1690,41,-1.0100698009067046,0.6299257147163888
81,1570766400,1,1,0,2,41,-1.0100698009067046,-1.2033753308719979
81,1570780800,58,428,370,486,41,-0.10338745882663361,-0.6777131827293562
81,1570795200,476,1324,848,1800,41,1.0679481074281607,0.7493943847488074
81,1570809600,507,1548,1041,2055,41,1.5408932209996573,1.0263444834603233
81,1570824000,1036,2116,1080,3152,41,1.6364624408405297,2.2177729473290793
81,1570838400,398,549,151,947,41,-0.6400453856253783,-0.1770308474116748
81,1570852800,88,35,0,123,41,-1.0100698009067046,-1.0719597938363374
81,1570867200,30,140,110,170,41,-0.7405155910991159,-1.0209140893679405
81,1570881600,298,233,0,531,41,-1.0100698009067046,-0.6288396358979123
81,1570896000,467,730,263,1197,41,-0.3655901901849244,0.09448885720745832
81,1570910400,607,391,0,998,41,-1.0100698009067046,-0.12164082766937163
81,1570924800,438,191,0,629,41,-1.0100698009067046,-0.5224039116872121
81,1570939200,111,39,0,150,41,-1.0100698009067046,-1.0426356657374711
81,1570953600,42,91,49,133,41,-0.889995652901506,-1.0610990056515721
81,1570968000,241,370,129,611,41,-0.693956227586896,-0.5419533304197897
81,1570982400,348,387,39,735,41,-0.9145005810658322,-0.40727955692869966
81,1570996800,427,295,0,722,41,-1.0100698009067046,-0.4213985815688946
81,1571011200,283,122,0,405,41,-1.0100698009067046,-0.7656855670259554
81,1571025600,70,22,0,92,41,-1.0100698009067046,-1.10562823720911
81,1571040000,73,341,268,414,41,-0.35333772610276126,-0.7559108576596666
81,1571054400,343,1390,1047,1733,41,1.5555961778982532,0.6766271039108797
81,1571068800,419,1314,895,1733,41,1.183121269800494,0.6766271039108797
81,1571083200,829,1564,735,2393,41,0.7910424191712743,1.3934391241053912
81,1571097600,292,700,408,992,42,-0.4007226545394537,-0.2710574323781917
81,1571112000,25,43,18,68,42,-1.402529290888088,-1.2379863157729045
81,1571126400,83,527,444,610,42,-0.3082481957995798,-0.6708050876344475
81,1571140800,399,1445,1046,1844,42,1.2381302531283123,0.6205263432195306
81,1571155200,393,1208,815,1601,42,0.644752476214121,0.3662366044046873
81,1571169600,1181,1853,672,3034,42,0.2774233762196218,1.8658135415309034
81,1571184000,242,510,268,752,42,-0.7603455496389635,-0.5222077917014938
81,1571198400,1,2,1,3,42,-1.4461977852930286,-1.306006204756299
81,1571212800,59,458,399,517,42,-0.4238412692244222,-0.768125851872227
81,1571227200,439,1556,1117,1995,42,1.4205104356430636,0.7785417776271082
81,1571241600,475,1380,905,1855,42,0.8759386230638059,0.6320374013551819
81,1571256000,1194,1839,645,3033,42,0.20806753216471635,1.8647670817003896
81,1571270400,180,376,196,556,42,-0.9452944671187113,-0.7273139184821904
81,1571284800,0,4,4,4,42,-1.438491580398039,-1.3049597449257853
81,1571299200,60,490,430,550,42,-0.34421048530953074,-0.733592677465273
81,1571313600,444,1508,1064,1952,42,1.2843674824982492,0.7335440049150166
81,1571328000,443,1408,965,1851,42,1.0300627209635957,0.627851562033127
81,1571342400,1192,1929,737,3121,42,0.4443911489443942,1.9568555467856004
81,1571356800,208,552,344,760,42,-0.5651216922992296,-0.5138361130573836
81,1571371200,0,1,1,1,42,-1.4461977852930286,-1.3080991244173266
81,1571385600,55,393,338,448,42,-0.5805341020892086,-0.8403315801776764
81,1571400000,428,1429,1001,1857,42,1.1225371797034698,0.6341303210162095
81,1571414400,519,1376,857,1895,42,0.752639344743974,0.6738957945757323
81,1571428800,1122,2129,1007,3251,42,1.1379495894934488,2.092895324752389
81,1571443200,416,1067,651,1483,42,0.22347994195469534,0.24275434440406377
81,1571457600,78,203,125,281,42,-1.1276746496334626,-1.015090371873474
81,1571472000,37,206,169,243,42,-1.0146503111736167,-1.0548558454329968
81,1571486400,234,667,433,901,42,-0.3365042804145413,-0.36628527695494373
81,1571500800,343,1399,1056,1742,42,1.263817602778277,0.5137874405071272
81,1571515200,469,2076,1607,2545,42,2.6791905684913475,1.3540946844096753
81,1571529600,372,1096,724,1468,42,0.4109975943994397,0.2270574469463574
81,1571544000,107,215,108,322,42,-1.1713431440384032,-0.97218551882241
81,1571558400,36,130,94,166,42,-1.2073054335483542,-1.1354332523825563
81,1571572800,164,676,512,840,42,-0.1335742181798179,-0.430119326616283
81,1571587200,315,1375,1060,1690,42,1.2740925426382632,0.4593715293204118
81,1571601600,438,1084,646,1522,42,0.21063626712971287,0.2835662777941004
81,1571616000,241,564,323,805,42,-0.6190651265641561,-0.46674542068426456
81,1571630400,41,69,28,110,42,-1.376841941238123,-1.1940350028913267
81,1571644800,59,457,398,516,42,-0.4264100041894187,-0.7691723117027408
81,1571646723,39,175,136,214,42,-1.0994185650185013,-1.0852031805178959
81,1571659200,395,1361,966,1756,42,1.0326314559285923,0.5284378781343199
81,1571673600,415,1212,797,1627,42,0.5985152468441841,0.393444559998045
81,1571688000,1138,1875,737,3013,42,0.4443911489443942,1.8438378850901145
81,1571702400,185,474,289,659,43,-0.6347367735277818,-0.6080616248047676
81,1571716800,1,2,1,3,43,-1.4480605036752445,-1.2861687197056402
81,1571731200,66,432,366,498,43,-0.4172856373425227,-0.774487299010622
81,1571745600,466,1576,1110,2042,43,1.6838006655384223,0.8215452536219195
81,1571760000,499,1296,797,1795,43,0.7998759171489925,0.5662213931943044
81,1571774400,1380,1972,592,3352,43,0.22094756756486114,2.1756920437440885
81,1571788800,214,369,155,583,43,-1.0131582313047263,-0.6866228126286491
81,1571803200,3,4,1,7,43,-1.4480605036752445,-1.2820339203464886
81,1571817600,74,438,364,512,43,-0.42293371880188013,-0.7600155012535912
81,1571832000,448,1437,989,1885,43,1.342091737247301,0.6592543787752169
81,1571846400,888,1530,642,2418,43,0.36214960404879565,1.2102163933821757
81,1571860800,1234,1912,678,3146,43,0.46381507031722846,1.9627498767477782
81,1571875200,200,468,268,668,43,-0.6940416288510344,-0.5987583262466764
81,1571889600,2,9,7,11,43,-1.4311162592971722,-1.2778991209873367
81,1571904000,68,428,360,496,43,-0.43422988172059485,-0.7765546986901978
81,1571918400,411,1523,1112,1934,43,1.6894487469977797,0.7099056709248247
81,1571932800,470,1419,949,1889,43,1.2291301080601533,0.6633891781343685
81,1571947200,1159,2163,1004,3322,43,1.3844523481924813,2.144681048550451
81,1571961600,225,472,247,697,43,-0.7533464841742868,-0.5687810308928267
81,1571976000,0,4,4,4,43,-1.4395883814862085,-1.2851350198658522
81,1571990400,66,405,339,471,43,-0.49353473704384737,-0.8023971946848957
81,1572004800,408,1411,1003,1819,43,1.3816283074628026,0.5910301893492144
81,1572019200,544,1321,777,1865,43,0.7433951025554187,0.6385803819794585
81,1572033600,1191,1908,717,3099,43,0.5739526587746974,1.9141659842777463
81,1572048000,417,923,506,1340,43,-0.021919935187506172,0.09588796609080288
81,1572062400,118,170,52,288,43,-1.3040344264616313,-0.9915642653660842
81,1572076800,32,186,154,218,43,-1.015982272034405,-1.0639232541512382
81,1572091200,193,722,529,915,43,0.04303300159510369,-0.3434344658190612
81,1572105600,335,1230,895,1565,43,1.076631908657504,0.32847043004308385
81,1572120000,462,1513,1051,1975,43,1.5171822624873796,0.7522873643561292
81,1572134400,394,1008,614,1402,43,0.2830764636177923,0.15997735615765366
81,1572148800,103,195,92,298,43,-1.1910727972744837,-0.9812272669682051
81,1572163200,44,126,82,170,43,-1.2193132045712707,-1.1135408464610583
81,1572177600,202,541,339,743,43,-0.49353473704384737,-0.5212308382625827
81,1572192000,258,1168,910,1426,43,1.1189925196026844,0.18478615231256362
81,1572206400,391,1043,652,1434,43,0.39039001134558254,0.19305575103086695
81,1572220800,273,627,354,900,43,-0.451174126098667,-0.3589399634158799
81,1572235200,35,38,3,73,43,-1.4424124222158872,-1.213809730920486
81,1572249600,82,419,337,501,43,-0.49918281850320473,-0.7713861994912582
81,1572264000,402,1379,977,1781,43,1.3082032484911568,0.5517495954372736
81,1572278400,406,1192,786,1598,43,0.768811469122527,0.3625825247560851
81,1572292800,1054,1528,474,2582,43,-0.11228923853722424,1.3797431671073939
81,1572307200,352,632,280,984,44,-0.7450638549373773,-0.370281844690158
81,1572321600,51,61,10,112,44,-1.5707789519040583,-1.3905705019874954
81,1572336000,77,506,429,583,44,-0.28939144957428287,-0.8394742203509749
81,1572350400,376,1505,1129,1881,44,1.8513513944134088,0.6792582075985022
81,1572364800,460,1295,835,1755,44,0.9522393999385783,0.5318311768422356
81,1572379200,1213,1882,669,3095,44,0.4445775255072114,2.0997059483771348
81,1572393600,375,749,374,1124,44,-0.45759267303045864,-0.2064740327387506
81,1572408000,51,63,12,114,44,-1.5646625437783792,-1.3882303903881896
81,1572422400,86,492,406,578,44,-0.3597301430195927,-0.8453244993492395
81,1572436800,444,1586,1142,2030,44,1.891108047230323,0.8535965217467858
81,1572451200,470,1510,1040,1980,44,1.579171232820688,0.7950937317641403
81,1572465600,1285,1943,658,3228,44,0.41093728081597625,2.255323369730972
81,1572480000,393,734,341,1127,44,-0.5585134071041641,-0.20296386533979185
81,1572494400,67,89,22,156,44,-1.5340805031499836,-1.3390880468027675
81,1572508800,60,530,470,590,44,-0.16400508299786093,-0.8312838297534045
81,1572523200,394,1395,1001,1789,44,1.459901274369945,0.5716130740304345
81,1572537600,439,1208,769,1647,44,0.7503979317911673,0.4054651504797213
81,1572552000,1155,1536,381,2691,44,-0.4361852445905817,1.6270034053173592
81,1572566400,380,1180,800,1560,44,0.8452022577391937,0.3036702959099182
81,1572580800,119,204,85,323,44,-1.3414136471910914,-1.1436887282607315
81,1572595200,78,452,374,530,44,-0.45759267303045864,-0.9014871777325791
81,1572609600,402,1382,980,1784,44,1.3956789890503143,0.56576279503217
81,1572624000,528,1261,733,1789,44,0.6403025855289433,0.5716130740304345
81,1572638400,1138,1730,592,2868,44,0.2090958126685653,1.8341032818559244
81,1572652800,492,911,419,1403,44,-0.31997349020267846,0.11997153536441128
81,1572667200,101,236,135,337,44,-1.1885034440491133,-1.1273079470655907
81,1572681600,33,226,193,259,44,-1.011127608404419,-1.2185722994385177
81,1572696000,236,729,493,965,44,-0.09366638955255106,-0.3925129048835633
81,1572710400,451,1221,770,1672,44,0.753456135854007,0.43471654547104405
81,1572724800,566,1512,946,2078,44,1.2917000509137693,0.9097592001301255
81,1572739200,448,935,487,1383,44,-0.11201561392958842,0.09657041937135309
81,1572750000,129,296,167,425,44,-1.0906409140382474,-1.0243430366961346
81,1572764400,41,131,90,172,44,-1.3261226268768935,-1.3203671540083208
81,1572778800,227,502,275,729,44,-0.7603548752515751,-0.6686460736016501
81,1572793200,294,1053,759,1347,44,0.7198158911627718,0.054448410583848326
81,1572807600,493,1169,676,1662,44,0.46598495394708833,0.42301598747451497
81,1572822000,341,682,341,1023,44,-0.5585134071041641,-0.3246496685036945
81,1572836400,89,110,21,199,44,-1.537138707212823,-1.2887756474176923
81,1572850800,27,268,241,295,44,-0.8643338133881201,-1.176450290651013
81,1572865200,395,1423,1028,1818,44,1.5424727840666133,0.6055446922203689
81,1572879600,414,1217,803,1631,44,0.8543768699277123,0.38674425768527476
81,1572894000,1095,1684,589,2779,44,0.19992120048004663,1.7299683156868153
81,1572908400,437,988,551,1425,44,0.08370944609214338,0.1457127629567753
81,1572922800,135,128,0,263,45,-1.5173038662821972,-1.202903167927118
81,1572937200,22,225,203,247,45,-0.9100119329462656,-1.2221642937574417
81,1572951600,398,1493,1095,1891,45,1.7584826706776304,0.7569163853083144
81,1572966000,415,1161,746,1576,45,0.7144191990803885,0.3777129705238173
81,1572980400,1124,1608,484,2732,45,-0.06937630108716838,1.7693293117647018
81,1572994800,514,943,429,1457,45,-0.23391352440478527,0.2344583471607851
81,1573009200,162,123,0,285,45,-1.5173038662821972,-1.176419119910423
81,1573023600,23,231,208,254,45,-0.895054003553755,-1.213737551206675
81,1573038000,366,1354,988,1720,45,1.4383829816779028,0.5510631029967302
81,1573052400,418,1363,945,1781,45,1.3097447889023115,0.6244961452248392
81,1573066800,1115,1720,605,2835,45,0.29260559021158883,1.8933228092974101
81,1573081200,489,1006,517,1495,45,0.02934603290340176,0.28020352100780377
81,1573095600,149,161,12,310,45,-1.4814048357401717,-1.1463236108005423
81,1573110000,26,228,202,254,45,-0.9130035188247677,-1.213737551206675
81,1573124400,347,1470,1123,1817,45,1.8422470752756899,0.6678336783430674
81,1573138800,431,1290,859,1721,45,1.0524684033511287,0.5522669233611255
81,1573153200,1168,1865,697,3033,45,0.5678314910337844,2.1316792414476655
81,1573167600,561,1156,595,1717,45,0.26268973142656754,0.5474516419035446
81,1573182000,140,196,56,336,45,-1.349775057086078,-1.1150242813262663
81,1573196400,28,213,185,241,45,-0.9638604787593039,-1.229387215943813
81,1573210800,344,1264,920,1608,45,1.2349551419397584,0.4162352221844646
81,1573225200,464,1224,760,1688,45,0.7563014013794183,0.512540851336083
81,1573239600,1074,1765,691,2839,45,0.5498819757627716,1.8981380907549912
81,1573254000,481,1297,816,1778,45,0.9238302105755373,0.6208846841316535
81,1573268400,185,281,96,466,45,-1.230111621945993,-0.9585276339548866
81,1573282800,25,141,116,166,45,-1.1702799043759506,-1.319673743273455
81,1573297200,225,585,360,810,45,-0.4403329500214319,-0.5444134286029279
81,1573311600,348,1050,702,1398,45,0.582789420426295,0.1634329456614666
81,1573326000,565,1267,702,1832,45,0.582789420426295,0.6858909838089958
81,1573340400,469,916,447,1385,45,-0.18006497859174703,0.14778328092432863
81,1573354800,258,330,72,588,45,-1.301909683030044,-0.8116615494986686
81,1573369200,21,107,86,128,45,-1.2600274807310143,-1.3654189171204738
81,1573383600,128,514,386,642,45,-0.36255171718037665,-0.7466552498213264
81,1573398000,342,1088,746,1430,45,0.7144191990803885,0.20195519732211392
81,1573412400,467,1317,850,1784,45,1.0255441304446096,0.6281076063180249
81,1573426800,339,842,503,1181,45,-0.012536169395627995,-0.09779607341229804
81,1573441200,102,128,26,230,45,-1.439522633441142,-1.2426292399521606
81,1573455600,24,192,168,216,45,-1.01471743869384,-1.2594827250536937
81,1573470000,350,1257,907,1607,45,1.1960645255192306,0.41503140182006937
81,1573484400,410,1211,801,1621,45,0.8789564223980054,0.4318848869216026
81,1573498800,868,1537,669,2405,45,0.4840670864357248,1.375680052607462
81,1573513200,359,888,529,1247,45,0.06524506344542727,-0.018343929362212946
81,1573527600,112,144,32,256,46,-1.3920185560001064,-1.1629364710853034
81,1573542000,24,228,204,252,46,-0.8361959798037341,-1.1677786770717793
81,1573556400,353,1362,1009,1715,46,1.76518293785952,0.6032581624817932
81,1573570800,364,1152,788,1516,46,1.0510155579792977,0.36235841465461555
81,1573585200,1100,1801,701,2901,46,0.7698727432753186,2.0389722374719073
81,1573599600,505,872,367,1377,46,-0.30945714305949745,0.1940917566245769
81,1573614000,136,195,59,331,46,-1.3047673376436992,-1.0721451088388796
81,1573628400,24,233,209,257,46,-0.8200383467747697,-1.1617259195886844
81,1573642800,373,1336,963,1709,46,1.6165327139930488,0.5959948535020794
81,1573657200,401,1138,737,1539,46,0.8862077010838617,0.3902010990768522
81,1573671600,1209,1576,367,2785,46,-0.30945714305949745,1.8985482638641054
81,1573686000,504,941,437,1445,46,-0.08325028065399707,0.27640925839466773
81,1573700400,154,148,0,302,46,-1.495427407385478,-1.10725110224083
81,1573714800,23,234,211,257,46,-0.813575293563184,-1.1617259195886844
81,1573729200,364,1298,934,1662,46,1.5228184424250557,0.5390989331609871
81,1573743600,442,1242,800,1684,46,1.089793877248812,0.5657310660866047
81,1573758000,1120,1661,541,2781,46,0.2528284863484606,1.8937060578776295
81,1573772400,586,1082,496,1668,46,0.10740978908778183,0.5463622421407011
81,1573786800,161,196,35,357,46,-1.3823239761827277,-1.040670769926786
81,1573801200,22,207,185,229,46,-0.8975949853137984,-1.1956213614940159
81,1573815600,403,1282,879,1685,46,1.3450844791064482,0.5669416175832237
81,1573830000,480,1295,815,1775,46,1.138266776335705,0.6758912522789322
81,1573844400,1146,1798,652,2944,46,0.6115279395914683,2.0910259518265235
81,1573858800,541,1234,693,1775,46,0.7440205304289758,0.6758912522789322
81,1573873200,191,342,151,533,46,-1.0074668899107557,-0.827613706521845
81,1573887600,26,109,83,135,46,-1.2272106991046705,-1.3094132021762004
81,1573902000,196,573,377,769,46,-0.27714187700156884,-0.5419235533197649
81,1573916400,362,976,614,1338,46,0.4887299285713396,0.14688024825643653
81,1573930800,513,1248,735,1761,46,0.879744647872276,0.6589435313262665
81,1573945200,422,1115,693,1537,46,0.7440205304289758,0.3877799960836142
81,1573959600,155,285,130,440,46,-1.0753289486324058,-0.9401949957074104
81,1573974000,28,67,39,95,46,-1.3693978697595564,-1.3578352620409597
81,1573988400,167,372,205,539,46,-0.8329644531979412,-0.820350397542131
81,1574002800,266,807,541,1073,46,0.2528284863484606,-0.17391589834759402
81,1574017200,391,1165,774,1556,46,1.0057741854981976,0.4107804745193749
81,1574031600,258,675,417,933,46,-0.14788081276985432,-0.34339310787425165
81,1574046000,98,102,4,200,46,-1.4825013009623065,-1.2307273548959663
81,1574060400,19,198,179,217,46,-0.9169841449485556,-1.2101479794534438
81,1574074800,369,1257,888,1626,46,1.374168218558584,0.4955190792827037
81,1574089200,336,1132,796,1468,46,1.0768677708256407,0.3042519428169044
81,1574103600,1071,1420,349,2491,46,-0.367624621963769,1.5426461238581242
81,1574118000,420,767,347,1187,46,-0.3740876751753547,-0.03591302773302993
81,1574132400,118,109,0,227,47,-1.502670303875827,-1.1596236050871849
81,1574146800,20,201,181,221,47,-0.9574864993324015,-1.1669353722828566
81,1574149193,27,105,78,132,47,-1.2677292168350136,-1.2753932523519864
81,1574161200,379,1311,932,1690,47,1.3045744797400427,0.6232289627907589
81,1574175600,374,1117,743,1491,47,0.7352941534488416,0.38072201746764833
81,1574190000,1024,1533,509,2557,47,0.030470892326402335,1.6797793225653161
81,1574204400,490,903,413,1393,47,-0.2586873686469061,0.261296486605011
81,1574218800,139,157,18,296,47,-1.4484531299433314,-1.0755382823369606
81,1574233200,18,201,183,219,47,-0.9514623688954575,-1.1693726280147472
81,1574247600,390,1302,912,1692,47,1.2443331753706035,0.6256662185226495
81,1574262000,406,1236,830,1642,47,0.9973438274559024,0.5647348252253855
81,1574276400,1157,1779,622,2936,47,0.37083426201373415,2.141639283758577
81,1574290800,476,1004,528,1480,47,0.08770013147736963,0.3673171109422503
81,1574305200,145,166,21,311,47,-1.4394169342879155,-1.0572588643477814
81,1574319600,23,207,184,230,47,-0.9484503036769856,-1.155967721489349
81,1574334000,372,1261,889,1633,47,1.1750556753457482,0.5537671744318781
81,1574348400,445,1250,805,1695,47,0.9220421969941034,0.6293221021204853
81,1574362800,1098,1737,639,2835,47,0.42203937072775755,2.0185578692981037
81,1574377200,501,1009,508,1510,47,0.027458827107930375,0.40387594692060863
81,1574391600,183,219,36,402,47,-1.3942359560108362,-0.946363728546761
81,1574406000,29,205,176,234,47,-0.9725468254247613,-1.151093210025568
81,1574420400,373,1251,878,1624,47,1.1419229579425567,0.5427995236383705
81,1574434800,477,1361,884,1838,47,1.1599953492533885,0.8035858869506602
81,1574449200,1153,1549,396,2702,47,-0.30989247736092945,1.8564803631273816
81,1574463600,396,1205,809,1601,47,0.9340904578679913,0.5147710827216291
81,1574478000,191,338,147,529,47,-1.0598967167604483,-0.7915979895717105
81,1574492400,23,132,109,155,47,-1.174355195062383,-1.247364811435245
81,1574506800,96,696,600,792,47,0.30456882720735096,-0.471098860828102
81,1574521200,204,923,719,1127,47,0.6630045882055146,-0.06285852573643337
81,1574535600,326,1340,1014,1666,47,1.5515638276547437,0.5939818940080722
81,1574550000,274,1046,772,1320,47,0.8226440447845286,0.17233665239100557
81,1574564400,181,281,100,462,47,-1.2014637820286305,-0.8732460565900442
81,1574578800,22,87,65,109,47,-1.3068860646751492,-1.3034216932687277
81,1574593200,63,533,470,596,47,-0.08699965119400421,-0.7099499225533767
81,1574607600,195,949,754,1144,47,0.7684268708520332,-0.042141852015363614
81,1574622000,287,1181,894,1468,47,1.190116001438108,0.35269357655090694
81,1574636400,231,721,490,952,47,-0.02675834682456496,-0.27611840227685724
81,1574650800,103,105,2,208,47,-1.496646173438883,-1.1827775345401452
81,1574665200,15,177,162,192,47,-1.0147157384833687,-1.2022755803952696
81,1574679600,336,1374,1038,1710,47,1.6238533928980707,0.6476015201096645
81,1574694000,400,1206,806,1606,47,0.9250542622125754,0.5208642220513555
81,1574708400,1020,1691,671,2711,47,0.5184254577188603,1.867448013920889
81,1574722800,438,903,465,1341,47,-0.10205997728636404,0.19792783757585644
81,1574737200,120,141,21,261,48,-1.3019879240159724,-1.1084537685925604
81,1574751600,20,203,183,223,48,-0.8338914466048931,-1.158551245857979
81,1574766000,365,1243,878,1608,48,1.1743002311772066,0.6673699650000405
81,1574780400,455,1189,734,1644,48,0.7582144734784695,0.7148307329357002
81,1574794800,1027,1706,679,2733,48,0.5992928299129796,2.1505189629894064
81,1574809200,485,1025,540,1510,48,0.1976544943565596,0.5381712078418557
81,1574823600,133,179,46,312,48,-1.2297508133043862,-1.041217680683709
81,1574838000,18,208,190,226,48,-0.813665055605649,-1.1545961818633406
81,1574852400,317,1096,779,1413,48,0.8882412727593249,0.4102908053485504
81,1574866800,575,1339,764,1914,48,0.844899006332373,1.070786492453148
81,1574881200,824,1653,829,2477,48,1.0327154941824974,1.8130201687802707
81,1574895600,425,916,491,1341,48,0.0560697573618504,0.315369269477231
81,1574910000,138,173,35,311,48,-1.261535142017484,-1.0425360353485884
81,1574924400,25,127,102,152,48,-1.0679396853104328,-1.252154427064419
81,1574938800,96,673,577,769,48,0.30456541820970734,-0.43872959883380663
81,1574953200,399,763,364,1162,48,-0.3108947650530081,0.07938378446381186
81,1574967600,404,1016,612,1420,48,0.4056973732059282,0.41951928800270644
81,1574982000,285,657,372,942,48,-0.2877788896253005,-0.21065424180966413
81,1574996400,90,145,55,235,48,-1.203745453448215,-1.1427309898794256
81,1575010800,18,161,143,179,48,-0.9494708237434313,-1.2165588511126741
81,1575025200,211,857,646,1068,48,0.5039398437736856,-0.04454155403485516
81,1575039600,446,1395,949,1841,48,1.3794536255981118,0.9745466019169492
81,1575054000,608,1920,1312,2528,48,2.4283364731303454,1.8802562566891219
81,1575068400,437,1168,731,1605,48,0.7495460201930791,0.6634149010054021
81,1575082800,169,245,76,414,48,-1.1430662804504825,-0.9067455048660066
81,1575097200,28,104,76,132,48,-1.1430662804504825,-1.2785215203620075
81,1575111600,184,554,370,738,48,-0.29355785848222743,-0.47959859344506917
81,1575126000,373,1359,986,1732,48,1.4863645494512596,0.8308459434450906
81,1575140400,552,1679,1127,2231,48,1.8937818538646065,1.4887049212199293
81,1575154800,434,1125,691,1559,48,0.633966643054541,0.602770586420948
81,1575169200,218,295,77,513,48,-1.140176796022019,-0.7762283930429423
81,1575183600,39,88,49,127,48,-1.2210823600189957,-1.2851132936864047
81,1575198000,103,427,324,530,48,-0.4264741421915462,-0.753816363739992
81,1575212400,283,1112,829,1395,48,1.0327154941824974,0.38656042138072055
81,1575226800,437,990,553,1427,48,0.23521779192658449,0.4287477706568625
81,1575241200,231,542,311,773,48,-0.46403743976157114,-0.4334561801742889
81,1575255600,83,79,0,162,48,-1.362667097013705,-1.2389708804156245
81,1575270000,20,198,178,218,48,-0.8483388687472104,-1.1651430191823762
81,1575284400,358,1255,897,1613,48,1.2292004353180124,0.6739617383244376
81,1575298800,385,1075,690,1460,48,0.6310771586260775,0.4722534745978839
81,1575313200,1036,1328,292,2364,48,-0.5189376439023767,1.6640460916488944
81,1575327600,382,631,249,1013,48,-0.6431854743263052,-0.11705106060322416
81,1575342000,92,85,0,177,49,-1.4471700842956794,-1.340790082813872
81,1575356400,23,219,196,242,49,-0.8385202026259286,-1.261835015383288
81,1575370800,380,1325,945,1705,49,1.4873918451834764,0.515261348477393
81,1575385200,398,1149,751,1547,49,0.8849526765919884,0.3233397999538198
81,1575399600,987,1466,479,2453,49,0.040295697948252475,1.423851970601651
81,1575414000,548,938,390,1486,49,-0.23608103403444053,0.2492435059035795
81,1575428400,148,99,0,247,49,-1.4471700842956794,-1.2557615486578584
81,1575442800,28,227,199,255,49,-0.8292041330085345,-1.2460440018971712
81,1575457200,382,1334,952,1716,49,1.509129340957396,0.5286229752733379
81,1575471600,441,1363,922,1804,49,1.4159686447834547,0.6355159896408977
81,1575486000,1101,1747,646,2848,49,0.5588902399831932,1.903655841910584
81,1575500400,553,1223,670,1776,49,0.6334187969223464,0.6015045759784924
81,1575514800,198,160,0,358,49,-1.4471700842956794,-1.1209305873533228
81,1575529200,21,200,179,221,49,-0.8913112637911621,-1.287343575630092
81,1575543600,402,1520,1118,1922,49,2.0246185264532057,0.7788498043610347
81,1575558000,419,1068,649,1487,49,0.5682063096005874,0.2504581992486654
81,1575572400,1156,1606,450,2762,49,-0.0497596416865576,1.799192214233196
81,1575586800,613,1030,417,1643,49,-0.15223640747789322,0.4399503610820668
81,1575601200,181,194,13,375,49,-1.4068004492869715,-1.1002808004868625
81,1575615600,22,228,206,250,49,-0.8074666372346148,-1.2521174686226006
81,1575630000,366,1274,908,1640,49,1.3724936532356153,0.4363062810468091
81,1575644400,514,1245,731,1759,49,0.8228455458093608,0.5808547891120319
81,1575658800,1227,1881,654,3108,49,0.5837330922962443,2.2194761116329196
81,1575673200,613,1349,736,1962,49,0.8383723285050176,0.827437538164471
81,1575687600,236,333,97,569,49,-1.1459504999999355,-0.8646302915401967
81,1575702000,26,90,64,116,49,-1.248427265791271,-1.4148863768641122
81,1575716400,231,479,248,710,49,-0.6770416625910968,-0.6933585298830839
81,1575730800,424,1080,656,1504,49,0.5899438053745071,0.2711079861151258
81,1575745200,654,1277,623,1931,49,0.48746703958317145,0.7897820444668078
81,1575759600,535,1241,706,1776,49,0.7452116323310761,0.6015045759784924
81,1575774000,314,415,101,729,49,-1.1335290738434098,-0.6702793563264516
81,1575788400,31,87,56,118,49,-1.273270118104322,-1.4124569901739403
81,1575802800,173,430,257,603,49,-0.6490934537389144,-0.8233307178072758
81,1575817200,342,991,649,1333,49,0.5682063096005874,0.06339542410543582
81,1575831600,494,1139,645,1633,49,0.5557848834440619,0.4278034276312077
81,1575846000,408,151,0,559,49,-1.4471700842956794,-0.8767772249910557
81,1575860400,354,904,550,1258,49,0.2607760122265806,-0.027706576776007154
81,1575874800,20,232,212,252,49,-0.7888344979998265,-1.249688081932429
81,1575889200,343,1304,961,1647,49,1.5370775498095786,0.44480913446241044
81,1575903600,385,1178,793,1563,49,1.0153776512355064,0.3427748934751943
81,1575918000,1078,1417,339,2495,49,-0.394454217530141,1.474869091095259
81,1575932400,425,830,405,1255,49,-0.1895006859474698,-0.03135065681126487
81,1575946800,105,112,7,217,50,-1.5395071751536011,-1.2999371866984648
81,1575961200,24,226,202,250,50,-0.9306331281906886,-1.2621432418091363
81,1575975600,383,1470,1087,1853,50,1.8327183157179145,0.573726262966431
81,1575990000,392,1205,813,1597,50,0.9771722189597708,0.28053687230982144
81,1576004400,1148,1699,551,2847,50,0.15909529432242164,1.7121256938752982
81,1576018800,535,907,372,1442,50,-0.39981985647943147,0.10301985843570231
81,1576033200,131,165,34,296,50,-1.4552015378818133,-1.2094607731755267
81,1576047600,31,195,164,226,50,-1.049285506573205,-1.2896297471831935
81,1576062000,394,1345,951,1739,50,1.4080676983489089,0.4431653624396596
81,1576076400,441,1359,918,1800,50,1.3050274750167237,0.5130268969320548
81,1576090800,1177,1768,591,2945,50,0.28399253472507036,1.8243622574860314
81,1576105200,579,1116,537,1695,50,0.11538126018149458,0.3927734359205548
81,1576119600,134,184,50,318,50,-1.4052426417207537,-1.1842648099159743
81,1576134000,28,213,185,241,50,-0.9837144553618142,-1.2724506813244076
81,1576148400,426,1319,893,1745,50,1.2269666997650683,0.4500369887831739
81,1576162800,503,1310,807,1813,50,0.9584376328993736,0.5279154206763358
81,1576177200,1188,1941,753,3129,50,0.7898263583557977,2.03509213202047
81,1576191600,669,1176,507,1845,50,0.021708329879508027,0.564564094508412
81,1576206000,188,281,93,469,50,-1.2709781082879064,-1.0113288802708646
81,1576220400,35,190,155,225,50,-1.0773873856638008,-1.2907750182404458
81,1576234800,399,1223,824,1622,50,1.0115189600704992,0.309168648741131
81,1576249200,501,1498,997,1999,50,1.551699524811955,0.7409358373252788
81,1576263600,1181,1770,589,2951,50,0.27774767270493794,1.8312338838295459
81,1576278000,608,1470,862,2078,50,1.1301713384530154,0.8314122508482169
81,1576292400,236,344,108,580,50,-1.224141643136913,-0.8842037929158504
81,1576306800,20,117,97,137,50,-1.2584883842476415,-1.3915588712786553
81,1576321200,189,659,470,848,50,-0.09382161749294204,-0.5772711495722123
81,1576335600,530,1136,606,1666,50,0.3308289998760636,0.35956057526023577
81,1576350000,668,1232,564,1900,50,0.19968689745328247,0.627554002657293
81,1576364400,536,1294,758,1830,50,0.8054385134061288,0.5473850286496262
81,1576378800,300,466,166,766,50,-1.0430406445530724,-0.6711833762669075
81,1576393200,29,91,62,120,50,-1.367773469599959,-1.4110284792519459
81,1576407600,163,528,365,691,50,-0.42167687354989497,-0.7570787055608361
81,1576422000,422,1076,654,1498,50,0.4807056883592421,0.16715503764183567
81,1576436400,533,1257,724,1790,50,0.6992758590638773,0.501574186359531
81,1576450800,426,1044,618,1470,50,0.36829817199685827,0.135087448038769
81,1576465200,115,145,30,260,50,-1.467691261922078,-1.2506905312366126
81,1576479600,22,219,197,241,50,-0.9462452832410196,-1.2724506813244076
81,1576494000,414,1231,817,1645,50,0.9896619430000357,0.3355098830579357
81,1576508400,444,1338,894,1782,50,1.2300891307751345,0.49241201790151196
81,1576522800,1144,1492,348,2636,50,-0.4747582007210207,1.4704735007950456
81,1576537200,501,1083,582,1584,50,0.2558906556344744,0.2656483485655405
81,1576551600,131,142,11,273,51,-1.4194364269742266,-1.2254438003888906
81,1576566000,26,215,189,241,51,-0.9267394853798671,-1.261157235081578
81,1576580400,408,1244,836,1652,51,0.8641308585052491,0.3135820258991108
81,1576594800,444,1304,860,1748,51,0.9305619068101066,0.42072232997717324
81,1576609200,1130,1880,750,3010,51,0.6260862687461765,1.829170910670036
81,1576623600,789,985,196,1774,51,-0.9073637629576169,0.4497394956649818
81,1576638000,184,165,0,349,51,-1.4498839907806196,-1.1406243929937578
81,1576652400,26,200,174,226,51,-0.9682588905704029,-1.2778979075937753
81,1576666800,375,1273,898,1648,51,1.0357443999594642,0.30911784656252483
81,1576681200,452,1490,1038,1942,51,1.4232588484044661,0.6372350278015911
81,1576695600,1207,1788,581,2995,51,0.15830097026613843,1.8124302381578388
81,1576710000,600,1101,501,1701,51,-0.06313585741671983,0.3682682227722885
81,1576724400,154,186,32,340,51,-1.3613092597074763,-1.1506687965010762
81,1576738800,24,189,165,213,51,-0.9931705336847245,-1.2924064904376795
81,1576753200,368,1245,877,1613,51,0.9776172326927139,0.2700562773673979
81,1576767600,429,1335,906,1764,51,1.0578880827277501,0.43857904732351694
81,1576782000,1101,2051,950,3152,51,1.1796783379533222,1.9876492771188365
81,1576796400,624,1101,477,1725,51,-0.1295669057215773,0.39505329879180406
81,1576810800,155,217,62,372,51,-1.2782704493264045,-1.1149553618083887
81,1576825200,23,194,171,217,51,-0.9765627716085101,-1.2879423111010937
81,1576839600,344,1126,782,1470,51,0.7146609998193199,0.11046186608445069
81,1576854000,509,1333,824,1842,51,0.8309153343528204,0.5256305443869427
81,1576868400,1034,1760,726,2794,51,0.559655220441319,1.5881052264943953
81,1576882800,502,1345,843,1847,51,0.8835065809274992,0.5312107685576751
81,1576897200,703,343,0,1046,51,-1.4498839907806196,-0.3627411435936585
81,1576911600,23,116,93,139,51,-1.192463678599297,-1.3749938081645194
81,1576926000,194,524,330,718,51,-0.5364570765888294,-0.7288038491937052
81,1576940400,440,1009,569,1449,51,0.1250854461137097,0.08702492456737453
81,1576954800,585,1314,729,1899,51,0.5679591014794262,0.5892450999332923
81,1576969200,565,1333,768,1898,51,0.6759095549748196,0.5881290550991458
81,1576983600,208,382,174,590,51,-0.9682588905704029,-0.8716575879644551
81,1576998000,28,76,48,104,51,-1.3170218941709047,-1.4140553773596463
81,1577012400,210,461,251,671,51,-0.7551259439256519,-0.78125795639859
81,1577026800,403,1011,608,1414,51,0.2330358996091031,0.04796335537224758
81,1577041200,622,1326,704,1948,51,0.498760092828533,0.64393129680647
81,1577055600,506,1129,623,1635,51,0.274555304799639,0.2946092637186205
81,1577070000,149,176,27,325,51,-1.375149061437655,-1.1674094690132735
81,1577084400,19,198,179,217,51,-0.9544190888402243,-1.2879423111010937
81,1577098800,299,1130,831,1429,51,0.8502910567750704,0.06470402788444483
81,1577113200,534,1626,1092,2160,51,1.5727287070903955,0.8805328016455246
81,1577127600,922,2113,1191,3035,51,1.8467567813479326,1.857072031523698
81,1577142000,532,1466,934,1998,51,1.1353909724167506,0.6997335385137942
81,1577156400,187,214,27,401,52,-1.3263106855467517,-0.99615627906511
81,1577170800,17,180,163,197,52,-1.006939377717567,-1.2255195758250224
81,1577185200,244,948,704,1192,52,0.2635008982794101,-0.1068113391774102
81,1577199600,568,1277,709,1845,52,0.2752424904790125,0.6273760764315253
81,1577214000,589,1835,1246,2424,52,1.5362894927163078,1.2783630804706885
81,1577228400,444,1277,833,1721,52,0.5664339770291514,0.48795917055785293
81,1577242800,194,284,90,478,52,-1.1783666238317618,-0.9095828778371038
81,1577257200,18,73,55,91,52,-1.2605577692289784,-1.3446985437492907
81,1577271600,96,313,217,409,52,-0.8801301819618614,-0.9871616399764859
81,1577286000,325,830,505,1155,52,-0.2038144712647645,-0.14841154496229628
81,1577300400,557,1263,706,1820,52,0.26819753515925104,0.5992678292795751
81,1577314800,443,1107,664,1550,52,0.1695681606825911,0.2956987600385146
81,1577329200,143,130,0,273,52,-1.3897152834246047,-1.140070504483094
81,1577343600,13,184,171,197,52,-0.9881528301982033,-1.2255195758250224
81,1577358000,224,990,766,1214,52,0.40909664155447956,-0.08207608168369415
81,1577372400,425,1514,1089,1939,52,1.1676034976487932,0.7330630857228574
81,1577386800,866,2136,1270,3002,52,1.5926491352743992,1.9282257546237738
81,1577401200,544,1310,766,1854,52,0.40909664155447956,0.6374950454062273
81,1577415600,190,202,12,392,52,-1.3615354621455589,-1.006275248039812
81,1577430000,31,182,151,213,52,-1.0351191989966129,-1.2075302976477744
81,1577444400,275,1070,795,1345,52,0.47719787631217336,0.06521113339252413
81,1577458800,505,1549,1044,2054,52,1.0619291678523717,0.8623610226218277
81,1577473200,861,2076,1215,2937,52,1.463491621078773,1.8551443120287037
81,1577487600,590,1595,1005,2185,52,0.9703447486954732,1.009648237698046
