remote_unit_id,time_stamp,entries,exits,num_people_exited,sum_exit_entry,week_num,z_score_num_people_exited,z_score_sum_exit_entry
83,1546311600,133,73,0,206,1,-0.43851439827535654,-0.8284079442350294
83,1546326000,29,23,0,52,1,-0.43851439827535654,-1.114554593169585
83,1546340400,75,95,20,170,1,-0.24219873845401005,-0.8952993686612892
83,1546354800,307,196,0,503,1,-0.43851439827535654,-0.2765536927183866
83,1546369200,519,209,0,728,1,-0.43851439827535654,0.14151770994573679
83,1546383600,292,93,0,385,1,-0.43851439827535654,-0.4958089172266824
83,1546398000,57,21,0,78,1,-0.43851439827535654,-1.0662441199728419
83,1546412400,26,79,53,105,1,0.08172210025121164,-1.016075551653147
83,1546426800,466,794,328,1260,1,2.7810624227947254,1.1300243153560197
83,1546441200,614,354,0,968,1,-0.43851439827535654,0.587460539454135
83,1546455600,1372,343,0,1715,1,-0.43851439827535654,1.9754575962990246
83,1546470000,572,133,0,705,1,-0.43851439827535654,0.09878152211784862
83,1546484400,96,24,0,120,1,-0.43851439827535654,-0.9882041248088721
83,1546498800,46,56,10,102,1,-0.34035656836468325,-1.021649837022002
83,1546513200,469,854,385,1323,1,3.340562053285563,1.2470843081019742
83,1546527600,630,372,0,1002,1,-0.43851439827535654,0.6506357736344914
83,1546542000,1460,372,0,1832,1,-0.43851439827535654,2.1928547256843687
83,1546556400,638,147,0,785,1,-0.43851439827535654,0.24742913195398136
83,1546570800,142,31,0,173,1,-0.43851439827535654,-0.8897250832924342
83,1546585200,27,69,42,96,1,-0.02625151265052892,-1.0327984077597119
83,1546599600,509,802,293,1311,1,2.4375100181073694,1.2247871666265542
83,1546606068,212,103,0,315,1,-0.43851439827535654,-0.6258755758332986
83,1546614000,496,391,0,887,1,-0.43851439827535654,0.4369548344950506
83,1546628400,1487,383,0,1870,1,-0.43851439827535654,2.263462340356532
83,1546642800,569,173,0,742,1,-0.43851439827535654,0.16753104166706
83,1546657200,130,45,0,175,1,-0.43851439827535654,-0.8860088930465309
83,1546671600,16,57,41,73,1,-0.03606729564159624,-1.0755345955876001
83,1546686000,113,300,187,413,1,1.3970370210542329,-0.44378225378403596
83,1546700400,441,375,0,816,1,-0.43851439827535654,0.3050300807654828
83,1546714800,653,351,0,1004,1,-0.43851439827535654,0.6543519638803947
83,1546729200,379,176,0,555,1,-0.43851439827535654,-0.1799327463249003
83,1546743600,119,32,0,151,1,-0.43851439827535654,-0.9306031759973707
83,1546758000,15,26,11,41,1,-0.330540785373616,-1.1349936395220532
83,1546772400,87,239,152,326,1,1.0534846163668767,-0.6054365294808303
83,1546786800,426,365,0,791,1,-0.43851439827535654,0.25857770269169134
83,1546801200,638,320,0,958,1,-0.43851439827535654,0.5688795882246185
83,1546815600,256,90,0,346,1,-0.43851439827535654,-0.5682746270217971
83,1546830000,55,47,0,102,1,-0.43851439827535654,-1.021649837022002
83,1546844400,28,76,48,104,1,0.032643185295875024,-1.0179336467760987
83,1546858800,511,862,351,1373,1,3.006825431589274,1.339989064249557
83,1546873200,532,341,0,873,1,-0.43851439827535654,0.4109415027737274
83,1546887600,1396,368,0,1764,1,-0.43851439827535654,2.066504257323656
83,1546902000,582,149,0,731,1,-0.43851439827535654,0.14709199531459177
83,1546916400,62,19,0,81,2,-0.4378222301984046,-1.092612020087394
83,1546930800,24,80,56,104,2,-0.030810297686282535,-1.0531047228470503
83,1546933710,59,59,0,118,2,-0.4378222301984046,-1.0290568027877105
83,1546945200,473,895,422,1368,2,2.6293034040893724,1.118078916796198
83,1546945608,10,8,0,18,2,-0.4378222301984046,-1.200827660354423
83,1546959600,578,386,0,964,2,-0.4378222301984046,0.42412465222667883
83,1546974000,1369,365,0,1734,2,-0.4378222301984046,1.7467602554903665
83,1546988400,686,166,0,852,2,-0.4378222301984046,0.23174129175196062
83,1547002800,106,19,0,125,2,-0.4378222301984046,-1.0170328427580406
83,1547017200,32,85,53,117,2,-0.05261450835657479,-1.0307745113633775
83,1547031600,541,893,352,1434,2,2.1205384884492195,1.2314476827902283
83,1547046000,605,356,0,961,2,-0.4378222301984046,0.41897152649967745
83,1547060400,1429,414,0,1843,2,-0.4378222301984046,1.9339904902380836
83,1547074800,762,144,0,906,2,-0.4378222301984046,0.3244975548379855
83,1547089200,114,17,0,131,2,-0.4378222301984046,-1.0067265913040377
83,1547103600,34,67,33,101,2,-0.1979759128251898,-1.0582578485740515
83,1547110493,273,222,0,495,2,-0.4378222301984046,-0.38148066976120365
83,1547110866,26,33,7,59,2,-0.3869457386343893,-1.130401608752071
83,1547118000,304,929,625,1233,2,4.104721659445815,0.886188259081136
83,1547132400,610,373,0,983,2,-0.4378222301984046,0.45676111516435425
83,1547146800,1480,422,0,1902,2,-0.4378222301984046,2.035335296202444
83,1547161200,703,128,0,831,2,-0.4378222301984046,0.19566941166295096
83,1547175600,121,17,0,138,2,-0.4378222301984046,-0.9947026312743679
83,1547190000,26,72,46,98,2,-0.10349099992059005,-1.063410974301053
83,1547204400,527,898,371,1425,2,2.258631822694404,1.2159883056092242
83,1547218800,582,434,0,1016,2,-0.4378222301984046,0.5134454981613694
83,1547233200,1473,426,0,1899,2,-0.4378222301984046,2.0301821704754426
83,1547247600,595,156,0,751,2,-0.4378222301984046,0.05825272560958083
83,1547262000,139,46,0,185,2,-0.4378222301984046,-0.9139703282180129
83,1547276400,18,59,41,77,2,-0.1398313510377438,-1.0994828543900625
83,1547290800,146,330,184,476,2,0.8995026909128536,-0.414117132698879
83,1547305200,525,454,0,979,2,-0.4378222301984046,0.44989028086168575
83,1547319600,660,407,0,1067,2,-0.4378222301984046,0.6010486355203929
83,1547334000,422,248,0,670,2,-0.4378222301984046,-0.08088166901945644
83,1547348400,143,47,0,190,2,-0.4378222301984046,-0.9053817853396773
83,1547362800,23,36,13,59,2,-0.34333731729380484,-1.130401608752071
83,1547377200,122,263,141,385,2,0.5869756713053312,-0.5704286130845876
83,1547391600,422,358,0,780,2,-0.4378222301984046,0.10806627430392751
83,1547406000,571,331,0,902,2,-0.4378222301984046,0.317626720535317
83,1547420400,339,116,0,455,2,-0.4378222301984046,-0.4501890127878887
83,1547434800,48,30,0,78,2,-0.4378222301984046,-1.0977651458143955
83,1547449200,34,87,53,121,2,-0.05261450835657479,-1.023903677060709
83,1547463600,527,901,374,1428,2,2.2804360333646962,1.2211414313362257
83,1547478000,560,376,0,936,2,-0.4378222301984046,0.37602881210799927
83,1547492400,1371,333,0,1704,2,-0.4378222301984046,1.6952289982203526
83,1547506800,679,128,0,807,2,-0.4378222301984046,0.15444440584693994
83,1547521200,102,17,0,119,3,-0.41855049031198255,-1.0232535321740603
83,1547535600,42,85,43,127,3,-0.12755123905113847,-1.0081258887609135
83,1547541529,232,202,0,434,3,-0.41855049031198255,-0.42760257278139874
83,1547550000,334,947,613,1281,3,3.7298806962670277,1.1740366735855359
83,1547564400,512,396,0,908,3,-0.41855049031198255,0.4687102994475588
83,1547578800,1560,391,0,1951,3,-0.41855049031198255,2.4409768094365942
83,1547593200,852,163,0,1015,3,-0.41855049031198255,0.6710425300983994
83,1547607600,109,23,0,132,3,-0.41855049031198255,-0.9986711116276966
83,1547621962,35,43,8,78,3,-0.3644110947285697,-1.1007827046664387
83,1547622000,21,86,65,107,3,0.021332098803246904,-1.0459449972937809
83,1547627105,153,156,3,309,3,-0.39824821696820273,-0.6639720011118201
83,1547633467,333,376,43,709,3,-0.12755123905113847,0.0924101695455281
83,1547636400,262,916,654,1178,3,4.007345098632019,0.9792682646412688
83,1547650800,597,413,0,1010,3,-0.41855049031198255,0.6615877529651826
83,1547665200,1354,396,0,1750,3,-0.41855049031198255,2.0608947686812766
83,1547679600,744,155,0,899,3,-0.41855049031198255,0.4516917006077685
83,1547694000,100,30,0,130,3,-0.41855049031198255,-1.0024530224809833
83,1547708400,34,79,45,113,3,-0.11401639015528524,-1.0345992647339206
83,1547722800,545,936,391,1481,3,2.227512468827321,1.55222775891421
83,1547737200,654,419,0,1073,3,-0.41855049031198255,0.7807179448437149
83,1547751600,1346,394,0,1740,3,-0.41855049031198255,2.041985214414843
83,1547766000,644,175,0,819,3,-0.41855049031198255,0.30041526647629885
83,1547780400,116,21,0,137,3,-0.41855049031198255,-0.9892163344944798
83,1547794800,27,83,56,110,3,-0.03957472122809256,-1.0402721310138507
83,1547809200,491,836,345,1327,3,1.916210944222697,1.261020623211131
83,1547823600,588,407,0,995,3,-0.41855049031198255,0.633223421565532
83,1547838000,1262,352,0,1614,3,-0.41855049031198255,1.8037248306577782
83,1547852400,477,181,0,658,3,-0.41855049031198255,-0.0040285572132837955
83,1547866800,143,40,0,183,3,-0.41855049031198255,-0.9022323848688847
83,1547881200,26,43,17,69,3,-0.30350427469723024,-1.1178013035062289
83,1547895600,159,383,224,542,3,1.0973525860235773,-0.22337938670391477
83,1547910000,577,439,0,1016,3,-0.41855049031198255,0.6729334855250428
83,1547924400,657,407,0,1064,3,-0.41855049031198255,0.7636993460039245
83,1547938800,349,177,0,526,3,-0.41855049031198255,-0.2536346735302087
83,1547953200,112,33,0,145,3,-0.41855049031198255,-0.9740886910813328
83,1547967600,18,30,12,48,3,-0.33734139693686327,-1.1575113674657398
83,1547982000,97,248,151,345,3,0.6033306013249351,-0.5958976057526587
83,1547996400,348,364,16,712,3,-0.31027169914515684,0.0980830358254582
83,1548010800,516,307,0,823,3,-0.41855049031198255,0.30797908818287234
83,1548025200,281,96,0,377,3,-0.41855049031198255,-0.5353870321000709
83,1548039600,66,15,0,81,3,-0.41855049031198255,-1.0951098383865085
83,1548054000,13,40,27,53,3,-0.23583003021796417,-1.1480565903325228
83,1548068400,155,287,132,442,3,0.4747495368143295,-0.4124749293682518
83,1548082800,303,234,0,537,3,-0.41855049031198255,-0.23283416383713162
83,1548097200,586,270,0,856,3,-0.41855049031198255,0.37038061726210353
83,1548111600,273,70,0,343,3,-0.41855049031198255,-0.5996795166059454
83,1548126000,52,11,0,63,4,-0.4790287606066306,-1.2111786839335599
83,1548140400,24,88,64,112,4,-0.05758146227240829,-1.1266657190690743
83,1548154800,484,924,440,1408,4,2.4184214154411476,1.1086159638773239
83,1548169200,544,402,0,946,4,-0.4790287606066306,0.3117794380121726
83,1548183600,1202,362,0,1564,4,-0.4790287606066306,1.3776776479356865
83,1548198000,584,128,0,712,4,-0.4790287606066306,-0.09181308807537145
83,1548212400,86,17,0,103,4,-0.4790287606066306,-1.1421885085339798
83,1548226800,35,95,60,130,4,-0.08392191841829719,-1.0956201401392631
83,1548241200,527,953,426,1480,4,2.3262298189305364,1.2327982795965682
83,1548255600,553,443,0,996,4,-0.4790287606066306,0.3980171572616479
83,1548270000,1419,397,0,1816,4,-0.4790287606066306,1.8123157529530416
83,1548284400,614,137,0,751,4,-0.4790287606066306,-0.024547667060780765
83,1548298800,129,30,0,159,4,-0.4790287606066306,-1.0456022629745676
83,1548313200,22,80,58,102,4,-0.09709214649124162,-1.1439132629189692
83,1548327600,530,913,383,1443,4,2.043069915362231,1.1689823673519564
83,1548342000,554,406,0,960,4,-0.4790287606066306,0.3359259994020257
83,1548356400,1386,428,0,1814,4,-0.4790287606066306,1.8088662441830627
83,1548370800,601,139,0,740,4,-0.4790287606066306,-0.04351996529566532
83,1548385200,124,31,0,155,4,-0.4790287606066306,-1.0525012805145255
83,1548399600,30,84,54,114,4,-0.12343260263713052,-1.1232162102990952
83,1548409782,403,480,77,883,4,0.028025020201730616,0.20311991175783384
83,1548414000,238,869,631,1107,4,3.676178196407342,0.5894648939954829
83,1548428400,693,420,0,1113,4,-0.4790287606066306,0.59981342030542
83,1548442800,1443,424,0,1867,4,-0.4790287606066306,1.9002782265875064
83,1548457200,611,198,0,809,4,-0.4790287606066306,0.0754880872686105
83,1548471600,139,40,0,179,4,-0.4790287606066306,-1.0111071752747773
83,1548486000,18,39,21,57,4,-0.3407413658407139,-1.221527210243497
83,1548500400,140,365,225,505,4,1.0026218975996197,-0.4488372457681989
83,1548514800,481,514,33,995,4,-0.2617199974030472,0.39629240287665835
83,1548529200,709,377,0,1086,4,-0.4790287606066306,0.5532450519107033
83,1548543600,380,186,0,566,4,-0.4790287606066306,-0.3436272282838391
83,1548558000,109,54,0,163,4,-0.4790287606066306,-1.0387032454346095
83,1548572400,22,28,6,50,4,-0.4395180763877972,-1.2336004909384235
83,1548586800,107,241,134,348,4,0.40337652028064735,-0.7196236842115511
83,1548601200,374,358,0,732,4,-0.4790287606066306,-0.05731800037558135
83,1548615600,529,363,0,892,4,-0.4790287606066306,0.21864270122273938
83,1548630000,278,95,0,373,4,-0.4790287606066306,-0.6765048245868135
83,1548644400,51,22,0,73,4,-0.4790287606066306,-1.193931140083665
83,1548658800,22,85,63,107,4,-0.06416657630888051,-1.1352894909940217
83,1548673200,503,956,453,1459,4,2.504027897915287,1.1965784375117885
83,1548687600,622,453,0,1075,4,-0.4790287606066306,0.5342727536758187
83,1548702000,1519,438,0,1957,4,-0.4790287606066306,2.055506121236562
83,1548716400,806,135,0,941,4,-0.4790287606066306,0.3031556660872251
83,1548730800,63,12,0,75,5,-0.4600038875050019,-1.0823218978797826
83,1548745200,34,89,55,123,5,-0.021860837183081048,-1.005681565876768
83,1548759600,520,814,294,1334,5,1.8820698723976295,0.927890143615956
83,1548774000,602,412,0,1014,5,-0.4600038875050019,0.41695459692919157
83,1548788400,1630,430,0,2060,5,-0.4600038875050019,2.0870751651615524
83,1548802800,883,156,0,1039,5,-0.4600038875050019,0.45687143651409506
83,1548817200,76,14,0,90,5,-0.4600038875050019,-1.0583717941288404
83,1548831600,23,83,60,106,5,0.017970349209820845,-1.0328250167945023
83,1548846000,532,979,447,1511,5,3.1009041760204274,1.2105013678770724
83,1548860400,626,417,0,1043,5,-0.4600038875050019,0.46325813084767964
83,1548874800,1467,429,0,1896,5,-0.4600038875050019,1.825220697484586
83,1548889200,795,144,0,939,5,-0.4600038875050019,0.2972040781744812
83,1548903600,75,16,0,91,5,-0.4600038875050019,-1.0567751205454443
83,1548918000,23,72,49,95,5,-0.06965826085456332,-1.05038842621186
83,1548932400,497,941,444,1438,5,3.077005464184686,1.0939441962891543
83,1548946800,539,408,0,947,5,-0.4600038875050019,0.3099774668416503
83,1548961200,1472,439,0,1911,5,-0.4600038875050019,1.849170801235528
83,1548975600,718,149,0,867,5,-0.4600038875050019,0.1822435801699592
83,1548990000,73,20,0,93,5,-0.4600038875050019,-1.053581773378652
83,1549004400,21,89,68,110,5,0.08170024743846387,-1.0264383224609177
83,1549018800,465,881,416,1346,5,2.8539508203844357,0.9470502266167096
83,1549020987,64,40,0,104,5,-0.4600038875050019,-1.0360183639612945
83,1549033200,582,406,0,988,5,-0.4600038875050019,0.37544108376089197
83,1549047600,1466,414,0,1880,5,-0.4600038875050019,1.7996739201502476
83,1549062000,545,141,0,686,5,-0.4600038875050019,-0.10675433842474187
83,1549076400,133,32,0,165,5,-0.4600038875050019,-0.9386212753741301
83,1549090800,15,31,16,46,5,-0.3325440910477158,-1.1286254317982707
83,1549105200,153,291,138,444,5,0.6393368569390904,-0.49314934560660745
83,1549119600,434,372,0,806,5,-0.4600038875050019,0.08484649158279475
83,1549134000,598,309,0,907,5,-0.4600038875050019,0.24611052350580476
83,1549148400,373,142,0,515,5,-0.4600038875050019,-0.3797855211854816
83,1549162800,115,43,0,158,5,-0.4600038875050019,-0.949797990457903
83,1549177200,16,23,7,39,5,-0.40424022655493924,-1.1398021468820436
83,1549191600,95,181,86,276,5,0.22509251845291067,-0.7613905076171588
83,1549206000,333,315,0,648,5,-0.4600038875050019,-0.16742793459379515
83,1549220400,519,266,0,785,5,-0.4600038875050019,0.051316346331475846
83,1549234800,215,93,0,308,5,-0.4600038875050019,-0.7102969529484823
83,1549249200,63,37,0,100,5,-0.4600038875050019,-1.0424050582948792
83,1549263600,20,75,55,95,5,-0.021860837183081048,-1.05038842621186
83,1549278000,525,873,348,1398,5,2.31224668544097,1.0300772529533089
83,1549292400,615,357,0,972,5,-0.4600038875050019,0.3498943064265538
83,1549306800,1556,462,0,2018,5,-0.4600038875050019,2.020014874658915
83,1549321200,777,130,0,907,5,-0.4600038875050019,0.24611052350580476
83,1549335600,83,21,0,104,6,-0.43156916368711035,-1.0888856609571347
83,1549350000,39,85,46,124,6,-0.1542688502576782,-1.0578602641094004
83,1549364400,480,946,466,1426,6,2.3776035767067025,0.9618930706781127
83,1549378800,672,394,0,1066,6,-0.43156916368711035,0.40343592741889256
83,1549393200,1620,602,0,2222,6,-0.43156916368711035,2.1967038652179443
83,1549407600,954,175,0,1129,6,-0.43156916368711035,0.501165927489256
83,1549422000,111,26,0,137,6,-0.43156916368711035,-1.0376937561583728
83,1549436400,31,120,89,151,6,0.1049466601220084,-1.0159759783649587
83,1549448702,452,560,108,1012,6,0.2194837461037304,0.3196673559300095
83,1549449283,22,12,0,34,6,-0.43156916368711035,-1.1974745499242052
83,1549450800,271,1117,846,1388,6,4.668345296341142,0.9029448166674172
83,1549465200,695,459,0,1154,6,-0.43156916368711035,0.5399476735489241
83,1549479600,1617,458,0,2075,6,-0.43156916368711035,1.968667198387096
83,1549494000,999,195,0,1194,6,-0.43156916368711035,0.6019984672443931
83,1549508400,96,28,0,124,6,-0.43156916368711035,-1.0578602641094004
83,1549522800,32,72,40,104,6,-0.19043845635716936,-1.0888856609571347
83,1549537200,544,947,403,1491,6,1.9978227126620451,1.0627256104332496
83,1549551600,667,464,0,1131,6,-0.43156916368711035,0.5042684671740295
83,1549566000,1527,423,0,1950,6,-0.43156916368711035,1.7747584680887556
83,1549580400,952,169,0,1121,6,-0.43156916368711035,0.4887557687501623
83,1549594800,90,25,0,115,6,-0.43156916368711035,-1.0718216926908808
83,1549609200,31,89,58,120,6,-0.08192963805869588,-1.064065343478947
83,1549623600,540,887,347,1427,6,1.6602397224001277,0.9634443405204994
83,1549638000,668,439,0,1107,6,-0.43156916368711035,0.4670379909567482
83,1549652400,1454,381,0,1835,6,-0.43156916368711035,1.5963624362142825
83,1549666800,626,171,0,797,6,-0.43156916368711035,-0.013855660183135875
83,1549681200,139,55,0,194,6,-0.43156916368711035,-0.9492713751423297
83,1549695600,23,37,14,60,6,-0.347173416121631,-1.1571415340221505
83,1549710000,143,310,167,453,6,0.5751515394153934,-0.5474924859641684
83,1549724400,504,405,0,909,6,-0.43156916368711035,0.15988656216417707
83,1549738800,666,300,0,966,6,-0.43156916368711035,0.24830894318022026
83,1549753200,334,159,0,493,6,-0.43156916368711035,-0.4854416922686996
83,1549767600,121,46,0,167,6,-0.43156916368711035,-0.9911556608867712
83,1549782000,14,18,4,32,6,-0.4074560929541163,-1.2005770896089787
83,1549796400,91,198,107,289,6,0.21345547842048188,-0.801900740115591
83,1549810800,382,337,0,719,6,-0.43156916368711035,-0.13485470788930023
83,1549825200,479,248,0,727,6,-0.43156916368711035,-0.12244454915020647
83,1549839600,255,100,0,355,6,-0.43156916368711035,-0.6995169305180673
83,1549854000,46,9,0,55,6,-0.43156916368711035,-1.1648978832340842
83,1549868400,21,89,68,110,6,-0.02164696122621063,-1.0795780419028145
83,1549882800,554,941,387,1495,6,1.9013704297300689,1.0689306898027966
83,1549897200,581,360,0,941,6,-0.43156916368711035,0.2095271971205522
83,1549911600,1513,454,0,1967,6,-0.43156916368711035,1.80113005540933
83,1549926000,843,148,0,991,6,-0.43156916368711035,0.28709068923988834
83,1549940400,74,15,0,89,7,-0.45389711038012726,-1.0737102073862128
83,1549954800,21,82,61,103,7,0.14214819807394047,-1.0501350915556267
83,1549969200,543,850,307,1393,7,2.545871901019853,1.122143438548369
83,1549983600,499,340,0,839,7,-0.45389711038012726,0.18924242639518019
83,1549998000,1356,349,0,1705,7,-0.45389711038012726,1.6475317342014286
83,1550012400,555,137,0,692,7,-0.45389711038012726,-0.05829628982597282
83,1550026800,77,19,0,96,7,-0.45389711038012726,-1.0619226494709197
83,1550041200,29,83,54,112,7,0.07374955612019499,-1.03497965995025
83,1550055600,543,940,397,1483,7,3.425283011853723,1.2736977546021362
83,1550070000,702,454,0,1156,7,-0.45389711038012726,0.723050406273449
83,1550084400,1619,445,0,2064,7,-0.45389711038012726,2.252065061571455
83,1550098800,960,179,0,1139,7,-0.45389711038012726,0.6944234799077373
83,1550113200,105,19,0,124,7,-0.45389711038012726,-1.0147724178097477
83,1550127600,29,72,43,101,7,-0.033734024092833624,-1.0535029652457104
83,1550142000,580,948,368,1528,7,3.1419172094739207,1.3494749126290198
83,1550156400,729,435,0,1164,7,-0.45389711038012726,0.7365219010337838
83,1550170800,1623,463,0,2086,7,-0.45389711038012726,2.289111672162376
83,1550185200,922,192,0,1114,7,-0.45389711038012726,0.6523250587816909
83,1550199600,100,29,0,129,7,-0.45389711038012726,-1.0063527335845384
83,1550214000,20,74,54,94,7,0.07374955612019499,-1.0652905231610035
83,1550228400,548,853,305,1401,7,2.526329431890211,1.135614933308704
83,1550242800,688,363,0,1051,7,-0.45389711038012726,0.546237037544054
83,1550257200,1413,421,0,1834,7,-0.45389711038012726,1.8647595872118279
83,1550271600,647,177,0,824,7,-0.45389711038012726,0.16398337371955232
83,1550286000,165,43,0,208,7,-0.45389711038012726,-0.8733217228262317
83,1550300400,19,34,15,53,7,-0.30732859190781553,-1.1343319338077196
83,1550314800,166,306,140,472,7,0.9140757286947823,-0.42876239573518143
83,1550329200,433,325,0,758,7,-0.45389711038012726,0.05284354194678976
83,1550343600,678,281,0,959,7,-0.45389711038012726,0.39131484780020304
83,1550358000,398,150,0,548,7,-0.45389711038012726,-0.3007831955120003
83,1550372400,158,46,0,204,7,-0.45389711038012726,-0.8800574702063991
83,1550386800,18,23,5,41,7,-0.4050409375560234,-1.154539175948222
83,1550401200,115,156,41,271,7,-0.053276493222475185,-0.7672337015885947
83,1550415600,362,259,0,621,7,-0.45389711038012726,-0.1778558058239447
83,1550430000,517,248,0,765,7,-0.45389711038012726,0.06463109986208275
83,1550444400,284,101,0,385,7,-0.45389711038012726,-0.575264901253823
83,1550458800,54,19,0,73,7,-0.45389711038012726,-1.1006531969068825
83,1550473200,11,45,34,56,7,-0.12167513517622067,-1.129280123272594
83,1550487600,213,340,127,553,7,0.7870496793521121,-0.292363511286791
83,1550502000,386,352,0,738,7,-0.45389711038012726,0.01916480504595261
83,1550516400,706,273,0,979,7,-0.45389711038012726,0.4249935847010402
83,1550530800,390,123,0,513,7,-0.45389711038012726,-0.3597209850884653
83,1550545200,62,16,0,78,8,-0.5145968003495696,-1.3006612700855915
83,1550559600,34,73,39,107,8,-0.23109909279971844,-1.2568950621964226
83,1550574000,521,931,410,1452,8,2.465763714918096,0.7729514761115882
83,1550588400,591,390,0,981,8,-0.5145968003495696,0.06212789280818813
83,1550602800,1496,430,0,1926,8,-0.5145968003495696,1.4883025981621436
83,1550617200,911,146,0,1057,8,-0.5145968003495696,0.17682554106945864
83,1550631600,113,22,0,135,8,-0.5145968003495696,-1.2146380338896388
83,1550646000,23,80,57,103,8,-0.10025399700747945,-1.2629317805259632
83,1550660400,541,940,399,1481,8,2.3858028230450614,0.8167176840007572
83,1550674800,684,412,0,1096,8,-0.5145968003495696,0.23568354478247902
83,1550689200,1530,425,0,1955,8,-0.5145968003495696,1.5320688060513126
83,1550703600,801,162,0,963,8,-0.5145968003495696,0.03496266032525564
83,1550718000,85,39,0,124,8,-0.5145968003495696,-1.2312390092958752
83,1550732400,28,72,44,100,8,-0.19475323285742985,-1.2674593192731185
83,1550746800,529,900,371,1429,8,2.1822660073682454,0.73824034571673
83,1550761200,678,391,0,1069,8,-0.5145968003495696,0.19493569605808028
83,1550775600,1608,408,0,2016,8,-0.5145968003495696,1.624128760576806
83,1550790000,910,185,0,1095,8,-0.5145968003495696,0.23417436520009388
83,1550804400,122,17,0,139,8,-0.5145968003495696,-1.208601315560098
83,1550818800,25,90,65,115,8,-0.04210062109981767,-1.2448216255373414
83,1550833200,509,823,314,1332,8,1.767923204026155,0.5918499262253716
83,1550847600,677,415,0,1092,8,-0.5145968003495696,0.22964682645293846
83,1550862000,1413,443,0,1856,8,-0.5145968003495696,1.382660027395184
83,1550876400,678,177,0,855,8,-0.5145968003495696,-0.12802873457233926
83,1551495600,9537,7610,0,17147,9,-0.5012174499122743,4.102294161939199
83,1551510000,21,42,21,63,9,-0.2583197626470952,-0.36722775272477126
83,1551524400,150,385,235,535,9,2.216923336150444,-0.24374295152356582
83,1551538800,407,397,0,804,9,-0.5012174499122743,-0.17336707965253983
83,1551553200,562,382,0,944,9,-0.5012174499122743,-0.13674023183862297
83,1551567600,289,182,0,471,9,-0.5012174499122743,-0.2604866533813564
83,1551582000,121,35,0,156,9,-0.5012174499122743,-0.3428970609626693
83,1551596400,23,29,6,52,9,-0.4318181106936517,-0.370105576481579
83,1551610800,103,245,142,348,9,1.1412335782617937,-0.2926659553892976
83,1551625200,346,377,31,723,9,-0.14265419728272424,-0.194558327316306
83,1551639600,534,288,0,822,9,-0.5012174499122743,-0.16865791350503626
83,1551654000,234,91,0,325,9,-0.5012174499122743,-0.29868322324444113
83,1551668400,34,24,0,58,9,-0.5012174499122743,-0.3685358544324111
83,1551682800,23,69,46,92,9,0.030844150763832238,-0.35964076282045987
83,1551697200,391,690,299,1081,9,2.9571829544824184,-0.10089824504929004
83,1551711600,390,305,0,695,9,-0.5012174499122743,-0.20188369687908939
83,1551726000,1175,284,0,1459,9,-0.5012174499122743,-0.0020057559517145146
83,1551740400,487,138,0,625,9,-0.5012174499122743,-0.22019712078604783
83,1551754800,74,18,0,92,10,-0.5024040073254558,-1.1805256185916115
83,1551769200,22,86,64,108,10,-0.0019073804378339678,-1.1550125130438718
83,1551783600,556,972,416,1528,10,2.750824067444086,1.1092756043180452
83,1551798000,648,404,0,1052,10,-0.5024040073254558,0.35026071427278294
83,1551812400,1557,455,0,2012,10,-0.5024040073254558,1.8810470471371772
83,1551826800,708,168,0,876,10,-0.5024040073254558,0.06961655324764392
83,1551841200,81,22,0,103,10,-0.5024040073254558,-1.1629853585275405
83,1551855600,29,79,50,108,10,-0.11139101756950123,-1.1550125130438718
83,1551870000,565,988,423,1553,10,2.8055658860099193,1.1491398317363888
83,1551884400,640,442,0,1082,10,-0.5024040073254558,0.3980977871747952
83,1551898800,1436,427,0,1863,10,-0.5024040073254558,1.6434562517238493
83,1551913200,846,173,0,1019,10,-0.5024040073254558,0.2976399340805693
83,1551927600,84,21,0,105,10,-0.5024040073254558,-1.159796220334073
83,1551942000,27,85,58,112,10,-0.04882893920854851,-1.1486342366569366
83,1551956400,553,996,443,1549,10,2.961971081912301,1.142761555349454
83,1551970800,669,415,0,1084,10,-0.5024040073254558,0.4012869253682627
83,1551985200,1447,456,0,1903,10,-0.5024040073254558,1.7072390155931991
83,1551999600,788,159,0,947,10,-0.5024040073254558,0.18283095911573977
83,1552014000,105,31,0,136,10,-0.5024040073254558,-1.1103645783353269
83,1552028400,27,80,53,107,10,-0.08793023818414396,-1.1566070821406054
83,1552042800,511,891,380,1402,10,2.4692947148197986,0.9083598981295934
83,1552057200,715,359,0,1074,10,-0.5024040073254558,0.38534123440092527
83,1552071600,1388,416,0,1804,10,-0.5024040073254558,1.5493766750165587
83,1552086000,546,217,0,763,10,-0.5024040073254558,-0.1105697546832692
83,1552100400,195,53,0,248,10,-0.5024040073254558,-0.9317728395011475
83,1552114800,30,37,7,67,10,-0.4476621887596221,-1.2203898460099551
83,1552129200,192,428,236,620,10,1.3431773043226496,-0.33859313551619463
83,1552143600,598,597,0,1195,10,-0.5024040073254558,0.5782840951057083
83,1552158000,706,455,0,1161,10,-0.5024040073254558,0.524068745816761
83,1552172400,406,231,0,637,10,-0.5024040073254558,-0.31148546087172096
83,1552190400,155,54,0,209,10,-0.5024040073254558,-0.9939610342737636
83,1552204800,30,68,38,98,10,-0.2052341351109303,-1.1709582040112092
83,1552219200,138,303,165,441,10,0.7879388588691941,-0.6240210038315349
83,1552233600,449,418,0,867,10,-0.5024040073254558,0.05526543137704021
83,1552248000,479,301,0,780,10,-0.5024040073254558,-0.08346208003879554
83,1552262400,238,95,0,333,10,-0.5024040073254558,-0.7962344662787793
83,1552276800,25,10,0,35,10,-0.5024040073254558,-1.2714160571054351
83,1552291200,132,235,103,367,10,0.3030827515718106,-0.7420191169898319
83,1552305600,709,907,198,1616,10,1.046007432108124,1.2495976848306147
83,1552320000,760,439,0,1199,10,-0.5024040073254558,0.5846623714926433
83,1552334400,1422,449,0,1871,10,-0.5024040073254558,1.6562128044977193
83,1552348800,638,98,0,736,11,-0.5069538526564147,-0.16023514758020105
83,1552363200,48,9,0,57,11,-0.5069538526564147,-1.2170311556033677
83,1552377600,149,147,0,296,11,-0.5069538526564147,-0.8450514119840205
83,1552392000,774,778,4,1552,11,-0.46432710228290236,1.1097877427687004
83,1552406400,861,508,0,1369,11,-0.5069538526564147,0.8249664328007482
83,1552420800,1655,521,0,2176,11,-0.5069538526564147,2.0809817177413894
83,1552435200,640,104,0,744,11,-0.5069538526564147,-0.14778394277285886
83,1552449600,42,11,0,53,11,-0.5069538526564147,-1.2232567580070388
83,1552464000,102,236,134,338,11,0.9210422848562491,-0.779682586745474
83,1552478400,604,937,333,1541,11,3.0417231159384888,1.0926673361586048
83,1552492800,840,491,0,1331,11,-0.5069538526564147,0.7658232099658728
83,1552507200,1692,443,0,2135,11,-0.5069538526564147,2.017169293103761
83,1552521600,645,88,0,733,11,-0.5069538526564147,-0.16490434938295437
83,1552536000,48,14,0,62,11,-0.5069538526564147,-1.209249152598779
83,1552550400,103,227,124,330,11,0.8144754089224682,-0.7921337915528162
83,1552564800,598,826,228,1424,11,1.9227709186337893,0.9105684658512256
83,1552579200,776,427,0,1203,11,-0.5069538526564147,0.5666039330483982
83,1552593600,1612,408,0,2020,11,-0.5069538526564147,1.8381832239982172
83,1552608000,681,72,0,753,11,-0.5069538526564147,-0.13377633736459893
83,1552622400,49,13,0,62,11,-0.5069538526564147,-1.209249152598779
83,1552636800,85,202,117,287,11,0.7398785957688215,-0.8590590173922803
83,1552651200,571,790,219,1361,11,1.8268607302933866,0.812515227993406
83,1552665600,853,381,0,1234,11,-0.5069538526564147,0.614852351676849
83,1552680000,1379,430,0,1809,11,-0.5069538526564147,1.5097826972045676
83,1552694400,438,116,0,554,11,-0.5069538526564147,-0.44350005694723543
83,1552708800,78,30,0,108,11,-0.5069538526564147,-1.1376547249565614
83,1552723200,29,90,61,119,11,0.14310409053964862,-1.120534318346466
83,1552737600,225,428,203,653,11,1.6563537287993373,-0.28941639745637604
83,1552752000,620,477,0,1097,11,-0.5069538526564147,0.4016254693511144
83,1552766400,685,363,0,1048,11,-0.5069538526564147,0.3253618399061436
83,1552780800,365,195,0,560,11,-0.5069538526564147,-0.4341616533417288
83,1552795200,61,26,0,87,11,-0.5069538526564147,-1.1703391375758345
83,1552809600,32,53,21,85,11,-0.2831634131954749,-1.17345193877767
83,1552824000,207,266,59,473,11,0.12179071535289245,-0.5695685056215749
83,1552838400,530,329,0,859,11,-0.5069538526564147,0.031202126332684828
83,1552852800,532,230,0,762,11,-0.5069538526564147,-0.11976873195633898
83,1552867200,258,71,0,329,11,-0.5069538526564147,-0.7936901921537339
83,1552881600,23,11,0,34,11,-0.5069538526564147,-1.2528283694244764
83,1552896000,105,219,114,324,11,0.7079085329886873,-0.8014721951583228
83,1552910400,481,862,381,1343,11,3.553244120420637,0.7845000171768861
83,1552924800,771,430,0,1201,11,-0.5069538526564147,0.5634911318465626
83,1552939200,1597,397,0,1994,11,-0.5069538526564147,1.7977168083743553
83,1552953600,621,70,0,691,12,-0.5770425959529519,-0.2069201543279107
83,1552968000,53,6,0,59,12,-0.5770425959529519,-1.1894926012989577
83,1552982400,119,223,104,342,12,0.4568253884627537,-0.7495115846964161
83,1552996800,555,939,384,1494,12,3.2403161157358076,1.0415065464913151
83,1553011200,805,383,0,1188,12,-0.5770425959529519,0.565767355394574
83,1553025600,1695,419,0,2114,12,-0.5770425959529519,2.0054225545958233
83,1553040000,723,97,0,820,12,-0.5770425959529519,-0.006363436512617875
83,1553054400,39,10,0,49,12,-0.5770425959529519,-1.20503963368774
83,1553068800,108,226,118,334,12,0.5959999248264064,-0.761949210607442
83,1553083200,575,857,282,1432,12,2.2263302079434806,0.9451149456808644
83,1553097600,853,361,0,1214,12,-0.5770425959529519,0.6061896396054083
83,1553112000,1978,448,0,2426,12,-0.5770425959529519,2.490489965125834
83,1553126400,852,70,0,922,12,-0.5770425959529519,0.1522162938529625
83,1553140800,55,12,0,67,12,-0.5770425959529519,-1.1770549753879318
83,1553155200,93,237,144,330,12,0.8544669209303328,-0.768168023562955
83,1553169600,560,850,290,1410,12,2.3058585144369967,0.9109114744255431
83,1553184000,847,462,0,1309,12,-0.5770425959529519,0.753886447298841
83,1553198400,1649,423,0,2072,12,-0.5770425959529519,1.9401250185629373
83,1553212800,635,66,0,701,12,-0.5770425959529519,-0.1913731219391283
83,1553227200,49,12,0,61,12,-0.5770425959529519,-1.1863831948212014
83,1553241600,73,213,140,286,12,0.814702767683575,-0.8365749660735975
83,1553242495,18,43,25,61,12,-0.328516638160715,-1.1863831948212014
83,1553256000,508,773,265,1281,12,2.05733255664476,0.7103547566102503
83,1553270400,740,428,0,1168,12,-0.5770425959529519,0.5346732906170093
83,1553284800,1317,400,0,1717,12,-0.5770425959529519,1.3882053687611624
83,1553299200,557,118,0,675,12,-0.5770425959529519,-0.23179540614996252
83,1553313600,79,27,0,106,12,-0.5770425959529519,-1.1164215490716805
83,1553328000,34,88,54,122,12,-0.040226527121720174,-1.0915462972496286
83,1553342400,264,419,155,683,12,0.9638183423589172,-0.21935778023893662
83,1553356800,662,404,0,1066,12,-0.5770425959529519,0.3760935602514289
83,1553371200,764,363,0,1127,12,-0.5770425959529519,0.47093045782300147
83,1553385600,376,129,0,505,12,-0.5770425959529519,-0.49609495675926313
83,1553400000,64,20,0,84,12,-0.5770425959529519,-1.1506250203270016
83,1553414400,26,51,25,77,12,-0.328516638160715,-1.1615079429991495
83,1553428800,189,287,98,476,12,0.3971791585926168,-0.5411813506867321
83,1553443200,568,362,0,930,12,-0.5770425959529519,0.1646539197639884
83,1553457600,671,256,0,927,12,-0.5770425959529519,0.1599898100473537
83,1553472000,290,87,0,377,12,-0.5770425959529519,-0.6950969713356777
83,1553486400,27,10,0,37,12,-0.5770425959529519,-1.223696072554279
83,1553500800,97,229,132,326,12,0.7351744611900591,-0.774386836518468
83,1553515200,529,809,280,1338,12,2.206448131320102,0.79897284122631
83,1553529600,732,346,0,1078,12,-0.5770425959529519,0.39474999911796776
83,1553544000,1586,368,0,1954,12,-0.5770425959529519,1.7566700363753052
83,1553558400,644,74,0,718,13,-0.57302376104952,-0.17084630772427672
83,1553572800,41,12,0,53,13,-0.57302376104952,-1.236918107263832
83,1553587200,103,204,101,307,13,0.5476617135341885,-0.8297267733043628
83,1553601600,595,883,288,1478,13,2.622594225882243,1.0475214631780723
83,1553616000,802,369,0,1171,13,-0.57302376104952,0.5553650083530445
83,1553630400,1623,500,0,2123,13,-0.57302376104952,2.08153095295704
83,1553644800,710,70,0,780,13,-0.57302376104952,-0.07145314746645352
83,1553659200,34,10,0,44,13,-0.57302376104952,-1.2513461466560967
83,1553673600,104,214,110,318,13,0.647524775625806,-0.8120925029360393
83,1553688000,563,869,306,1432,13,2.822320350065478,0.9737781507287195
83,1553702400,811,418,0,1229,13,-0.57302376104952,0.64834570665875
83,1553716800,1678,448,0,2126,13,-0.57302376104952,2.0863402994211278
83,1553731200,723,72,0,795,13,-0.57302376104952,-0.047406415146012425
83,1553745600,38,11,0,49,13,-0.57302376104952,-1.2433305692159498
83,1553760000,107,218,111,325,13,0.6586206714137636,-0.8008706945198335
83,1553774400,576,775,199,1351,13,1.6350595007540245,0.8439257961983376
83,1553788800,824,414,0,1238,13,-0.57302376104952,0.6627737460510147
83,1553803200,1596,442,0,2038,13,-0.57302376104952,1.94526613647454
83,1553817600,740,69,0,809,13,-0.57302376104952,-0.024962798313600734
83,1553832000,55,9,0,64,13,-0.57302376104952,-1.2192838368955086
83,1553846400,95,205,110,300,13,0.647524775625806,-0.8409485817205686
83,1553860800,537,779,242,1316,13,2.1121830196361975,0.7878167541173083
83,1553875200,863,351,0,1214,13,-0.57302376104952,0.6242989743383089
83,1553889600,1372,392,0,1764,13,-0.57302376104952,1.5060124927544825
83,1553904000,585,113,0,698,13,-0.57302376104952,-0.20290861748486486
83,1553918400,106,24,0,130,13,-0.57302376104952,-1.1134782146855677
83,1553932800,37,70,33,107,13,-0.20685920004692218,-1.1503498709102442
83,1553947200,236,360,124,596,13,0.8028673166572112,-0.36642639726386433
83,1553961600,676,403,0,1079,13,-0.57302376104952,0.407878383454339
83,1553976000,856,341,0,1197,13,-0.57302376104952,0.597046011041809
83,1553990400,359,138,0,497,13,-0.57302376104952,-0.5251348305787755
83,1554004800,70,26,0,96,13,-0.57302376104952,-1.1679841412785676
83,1554019200,24,63,39,87,13,-0.14028382531917713,-1.1824121806708323
83,1554033600,163,236,73,399,13,0.2369766314713782,-0.6822401484056574
83,1554048000,484,334,0,818,13,-0.57302376104952,-0.010534758921336073
83,1554062400,499,215,0,714,13,-0.57302376104952,-0.17725876967639434
83,1554076800,331,95,0,426,13,-0.57302376104952,-0.6389560302288634
83,1554091200,22,10,0,32,13,-0.57302376104952,-1.2705835325124495
83,1554105600,102,233,131,335,13,0.8805385871729139,-0.7848395396395395
83,1554120000,540,842,302,1382,13,2.777936766913648,0.8936223763272492
83,1554134400,697,384,0,1081,13,-0.57302376104952,0.41108461443039784
83,1554148800,1590,326,0,1916,13,-0.57302376104952,1.7496860469349524
83,1554163200,621,113,0,734,14,-0.5827306020590282,-0.17330906523126546
83,1554177600,43,19,0,62,14,-0.5827306020590282,-1.2202857469708286
83,1554192000,118,246,128,364,14,0.7858843899328178,-0.7497694405938226
83,1554206400,570,880,310,1450,14,2.7318838316712237,0.9422196611460072
83,1554220800,798,424,0,1222,14,-0.5827306020590282,0.5869954298415125
83,1554235200,1629,434,0,2063,14,-0.5827306020590282,1.8972742830304599
83,1554249600,688,123,0,811,14,-0.5827306020590282,-0.05334298711527386
83,1554264000,47,13,0,60,14,-0.5827306020590282,-1.2234017489998155
83,1554278400,117,252,135,369,14,0.8607305223073719,-0.7419794355213556
83,1554292800,619,897,278,1516,14,2.3897300836732622,1.0450477281025714
83,1554307200,886,435,0,1321,14,-0.5827306020590282,0.7412375302763589
83,1554321600,1810,390,0,2200,14,-0.5827306020590282,2.110720422016055
83,1554336000,764,111,0,875,14,-0.5827306020590282,0.04636907781230358
83,1554350400,62,14,0,76,14,-0.5827306020590282,-1.198473732767921
83,1554364800,99,224,125,323,14,0.7538074760580089,-0.8136474821880518
83,1554379200,564,865,301,1429,14,2.635653090046797,0.9095016398416458
83,1554393600,889,412,0,1301,14,-0.5827306020590282,0.7100775099864909
83,1554408000,1746,495,0,2241,14,-0.5827306020590282,2.1745984636102844
83,1554422400,740,145,0,885,14,-0.5827306020590282,0.06194908795723755
83,1554436800,55,15,0,70,14,-0.5827306020590282,-1.2078217388548813
83,1554451200,98,232,134,330,14,0.8500382176824356,-0.8027414750865981
83,1554465600,579,755,176,1334,14,1.29911501192976,0.761491543464773
83,1554480000,855,406,0,1261,14,-0.5827306020590282,0.647757469406755
83,1554494400,1438,420,0,1858,14,-0.5827306020590282,1.5778840750593133
83,1554508800,439,117,0,556,14,-0.5827306020590282,-0.4506332458110902
83,1554523200,81,15,0,96,14,-0.5827306020590282,-1.167313712478053
83,1554537600,29,73,44,102,14,-0.11226919856183111,-1.1579657063910926
83,1554552000,250,427,177,677,14,1.3098073165546964,-0.2621151230573891
83,1554566400,603,401,0,1004,14,-0.5827306020590282,0.24735120868195185
83,1554580800,717,332,0,1049,14,-0.5827306020590282,0.31746125433415473
83,1554595200,398,117,0,515,14,-0.5827306020590282,-0.5145112874053195
83,1554609600,76,21,0,97,14,-0.5827306020590282,-1.1657557114635597
83,1554624000,28,65,37,93,14,-0.1871153309363852,-1.1719877155215332
83,1554638400,174,233,59,407,14,0.048115370812213336,-0.6827753969706064
83,1554652800,457,314,0,771,14,-0.5827306020590282,-0.11566302769500976
83,1554667200,551,241,0,792,14,-0.5827306020590282,-0.0829450063906484
83,1554681600,262,67,0,329,14,-0.5827306020590282,-0.8042994761010914
83,1554696000,26,10,0,36,14,-0.5827306020590282,-1.2607937733476569
83,1554710400,109,210,101,319,14,0.4971921650595378,-0.8198794862460255
83,1554724800,560,844,284,1404,14,2.45388391142288,0.8705516144793108
83,1554739200,844,387,0,1231,14,-0.5827306020590282,0.6010174389719531
83,1554753600,1527,340,0,1867,14,-0.5827306020590282,1.5919060841897539
83,1554768000,589,86,0,675,15,-0.6050255807987213,-0.300708510249405
83,1554782400,60,16,0,76,15,-0.6050255807987213,-1.266522974803794
83,1554796800,137,256,119,393,15,0.6317506371284807,-0.7553991262833578
83,1554811200,581,845,264,1426,15,2.138746869056584,0.9101874211034268
83,1554825600,868,400,0,1268,15,-0.6050255807987213,0.6554316858787298
83,1554840000,1626,411,0,2037,15,-0.6050255807987213,1.8953504225103246
83,1554854400,631,101,0,732,15,-0.6050255807987213,-0.20880296019998895
83,1554868800,62,17,0,79,15,-0.6050255807987213,-1.261685840590667
83,1554883200,121,220,99,341,15,0.4238890878970182,-0.8392427859775619
83,1554897600,592,878,286,1470,15,2.3673945732111927,0.9811320562292918
83,1554912000,881,339,0,1220,15,-0.6050255807987213,0.5780375384686953
83,1554926400,1689,478,0,2167,15,-0.6050255807987213,2.1049595717458347
83,1554940800,709,123,0,832,15,-0.6050255807987213,-0.04756515309575038
83,1554955200,53,16,0,69,15,-0.6050255807987213,-1.2778096213010908
83,1554969600,112,240,128,352,15,0.7252883342826387,-0.8215066271960956
83,1554984000,566,840,274,1406,15,2.242677643672315,0.877939859682579
83,1554998400,873,396,0,1269,15,-0.6050255807987213,0.6570440639497722
83,1555012800,1595,424,0,2019,15,-0.6050255807987213,1.8663276172315615
83,1555027200,737,136,0,873,15,-0.6050255807987213,0.018542347816987437
83,1555041600,77,13,0,90,15,-0.6050255807987213,-1.2439496818092006
83,1555056000,107,220,113,327,15,0.5693921723590419,-0.8618160789721552
83,1555070400,570,776,206,1346,15,1.5359483762853425,0.781197175420036
83,1555084800,814,369,0,1183,15,-0.6050255807987213,0.518379549840127
83,1555099200,1407,372,0,1779,15,-0.6050255807987213,1.479356880181389
83,1555113600,496,155,0,651,15,-0.6050255807987213,-0.3394055839544222
83,1555128000,91,25,0,116,15,-0.6050255807987213,-1.2020278519620986
83,1555142400,31,107,76,138,15,0.1848483062808363,-1.166555534399166
83,1555156800,264,524,260,788,15,2.0971745592102913,-0.11850978822161536
83,1555171200,586,573,0,1159,15,-0.6050255807987213,0.4796824761351098
83,1555185600,738,407,0,1145,15,-0.6050255807987213,0.4571091831405164
83,1555200000,455,175,0,630,15,-0.6050255807987213,-0.3732655234463123
83,1555214400,78,30,0,108,15,-0.6050255807987213,-1.2149268765304377
83,1555228800,32,74,42,106,15,-0.16851632741264996,-1.2181516326725226
83,1555243200,201,372,171,573,15,1.1721906651302831,-0.46517107349572834
83,1555257600,556,427,0,983,15,-0.6050255807987213,0.19590393563164987
83,1555272000,555,333,0,888,15,-0.6050255807987213,0.042728018882623224
83,1555286400,327,96,0,423,15,-0.6050255807987213,-0.7070277841520862
83,1555300800,29,18,0,47,15,-0.6050255807987213,-1.3132819388640233
83,1555315200,120,219,99,339,15,0.4238890878970182,-0.8424675421196466
83,1555329600,548,856,308,1404,15,2.596042277365801,0.8747151035404943
83,1555344000,807,387,0,1194,15,-0.6050255807987213,0.5361157086215933
83,1555358400,1644,418,0,2062,15,-0.6050255807987213,1.9356598742863842
83,1555372800,604,101,0,705,16,-0.5661076289696075,-0.1629624113724823
83,1555387200,53,11,0,64,16,-0.5661076289696075,-1.2013704679334218
83,1555401600,126,237,111,363,16,0.7113336906123432,-0.7169960390539819
83,1555416000,567,875,308,1442,16,2.978504320861391,1.0309638564674746
83,1555430400,870,354,0,1224,16,-0.5661076289696075,0.6778079183547058
83,1555444800,1885,449,0,2334,16,-0.5661076289696075,2.4759872362683453
83,1555459200,655,88,0,743,16,-0.5661076289696075,-0.10140311940787121
83,1555473600,42,16,0,58,16,-0.5661076289696075,-1.2110903561383604
83,1555488000,110,212,102,322,16,0.6077573674029959,-0.7834152751210623
83,1555502400,609,937,328,1546,16,3.208673927993274,1.1994419186864103
83,1555516800,887,401,0,1288,16,-0.5661076289696075,0.7814867258740508
83,1555531200,1698,443,0,2141,16,-0.5661076289696075,2.16333083234282
83,1555545600,668,101,0,769,16,-0.5661076289696075,-0.05928360385313732
83,1555560000,44,17,0,61,16,-0.5661076289696075,-1.206230412035891
83,1555574400,102,242,140,344,16,1.0450796209535735,-0.7477756850362876
83,1555588800,587,851,264,1438,16,2.472131185171248,1.0244839309975156
83,1555603200,853,415,0,1268,16,-0.5661076289696075,0.7490870985242555
83,1555617600,1582,386,0,1968,16,-0.5661076289696075,1.883074055767091
83,1555632000,709,134,0,843,16,-0.5661076289696075,0.0605950173411053
83,1555646400,69,31,0,100,16,-0.5661076289696075,-1.1430511387037903
83,1555660800,59,169,110,228,16,0.6998252102557491,-0.9356935236651003
83,1555675200,481,657,176,1138,16,1.4593849137909631,0.538489520750586
83,1555689600,877,361,0,1238,16,-0.5661076289696075,0.7004876574995625
83,1555704000,1157,352,0,1509,16,-0.5661076289696075,1.139502608089289
83,1555718400,421,100,0,521,16,-0.5661076289696075,-0.4610389829905991
83,1555732800,72,27,0,99,16,-0.5661076289696075,-1.14467112007128
83,1555747200,35,87,52,122,16,0.03233334957328834,-1.1074115486190153
83,1555761600,196,319,123,515,16,0.8494354548914731,-0.47075887119553766
83,1555776000,576,382,0,958,16,-0.5661076289696075,0.24689287460242829
83,1555790400,672,321,0,993,16,-0.5661076289696075,0.30359222246457007
83,1555804800,384,136,0,520,16,-0.5661076289696075,-0.46265896435808884
83,1555819200,77,31,0,108,16,-0.5661076289696075,-1.130091287763872
83,1555833600,30,50,20,80,16,-0.3359380218377245,-1.1754507660535856
83,1555848000,195,258,63,453,16,0.158926633495824,-0.5711977159799031
83,1555862400,475,314,0,789,16,-0.5661076289696075,-0.026883976503342018
83,1555876800,550,242,0,792,16,-0.5661076289696075,-0.022024032400872723
83,1555891200,286,101,0,387,16,-0.5661076289696075,-0.6781164862342276
83,1555905600,33,13,0,46,16,-0.5661076289696075,-1.2305301325482374
83,1555920000,92,189,97,281,16,0.5502149656200251,-0.8498345111881427
83,1555934400,530,702,172,1232,16,1.4133509923645864,0.6907677692946239
83,1555948800,695,333,0,1028,16,-0.5661076289696075,0.36029157032671183
83,1555963200,1399,378,0,1777,16,-0.5661076289696075,1.573657614576546
83,1555977600,421,84,0,505,17,-0.5409170583098691,-0.46731490577072604
83,1555992000,46,9,0,55,17,-0.5409170583098691,-1.2240839674678146
83,1556006400,105,210,105,315,17,0.8427512869027309,-0.7868396207094968
83,1556020800,525,754,229,1279,17,2.4767977136299923,0.8343278803482663
83,1556035200,743,395,0,1138,17,-0.5409170583098691,0.5972069076831786
83,1556049600,1577,362,0,1939,17,-0.5409170583098691,1.9442558375039964
83,1556064000,543,129,0,672,17,-0.5409170583098691,-0.18646949842980648
83,1556078400,47,12,0,59,17,-0.5409170583098691,-1.2173571313638405
83,1556092800,115,195,80,310,17,0.5133064428044929,-0.7952481658394644
83,1556107200,626,799,173,1425,17,1.7388412628499388,1.0798573981433217
83,1556121600,765,336,0,1101,17,-0.5409170583098691,0.534983673721418
83,1556136000,1477,375,0,1852,17,-0.5409170583098691,1.7979471522425594
83,1556150400,627,97,0,724,17,-0.5409170583098691,-0.09902062907814291
83,1556164800,63,9,0,72,17,-0.5409170583098691,-1.1954949140259246
83,1556179200,99,235,136,334,17,1.2512628935845462,-0.7548871492156197
83,1556193600,571,815,244,1386,17,2.6744646200889353,1.0142707461295741
83,1556208000,792,358,0,1150,17,-0.5409170583098691,0.6173874159951009
83,1556222400,1533,436,0,1969,17,-0.5409170583098691,1.9947071082838024
83,1556236800,538,102,0,640,17,-0.5409170583098691,-0.24028418726159945
83,1556251200,50,20,0,70,17,-0.5409170583098691,-1.1988583320779116
83,1556265600,93,186,93,279,17,0.6846177617355766,-0.8473811456452639
83,1556280000,564,734,170,1298,17,1.6993078815581502,0.8662803518421435
83,1556294400,759,355,0,1114,17,-0.5409170583098691,0.5568458910593339
83,1556308800,1285,371,0,1656,17,-0.5409170583098691,1.4683321831478273
83,1556323200,414,111,0,525,17,-0.5409170583098691,-0.43368072525085544
83,1556337600,87,23,0,110,17,-0.5409170583098691,-1.1315899710381705
83,1556352000,42,70,28,112,17,-0.1719388329198424,-1.1282265529861835
83,1556366400,281,332,51,613,17,0.13115042365053664,-0.2856903309634248
83,1556380800,745,434,0,1179,17,-0.5409170583098691,0.6661569777489134
83,1556395200,771,261,0,1032,17,-0.5409170583098691,0.4189457509278644
83,1556409600,350,157,0,507,17,-0.5409170583098691,-0.46395148771873895
83,1556424000,87,18,0,105,17,-0.5409170583098691,-1.139998516168138
83,1556438400,35,43,8,78,17,-0.4354947081984329,-1.1854046598699635
83,1556452800,197,211,14,408,17,-0.35642794561485575,-0.6304406812920984
83,1556467200,446,308,0,754,17,-0.5409170583098691,-0.048569358298337
83,1556481600,511,204,0,715,17,-0.5409170583098691,-0.11415601031208468
83,1556496000,309,96,0,405,17,-0.5409170583098691,-0.6354858083700791
83,1556510400,29,7,0,36,17,-0.5409170583098691,-1.2560364389616916
83,1556524800,108,214,106,322,17,0.8559290806666605,-0.775067657527542
83,1556539200,558,845,287,1403,17,3.2411097519379046,1.0428597995714641
83,1556553600,834,411,0,1245,17,-0.5409170583098691,0.7771497734644863
83,1556568000,1613,377,0,1990,17,-0.5409170583098691,2.0300229978296667
83,1556582400,578,103,0,681,18,-0.5890567768281166,-0.24131406361478197
83,1556596800,48,12,0,60,18,-0.5890567768281166,-1.2114055258837004
83,1556611200,130,247,117,377,18,0.8340626928539704,-0.7162058583486809
83,1556625600,627,894,267,1521,18,2.6585748334720307,1.0708869481499388
83,1556640000,817,426,0,1243,18,-0.5890567768281166,0.6366108990182812
83,1556654400,1677,533,0,2210,18,-0.5890567768281166,2.147204206609335
83,1556668800,675,102,0,777,18,-0.5890567768281166,-0.0913482336988139
83,1556683200,55,12,0,67,18,-0.5890567768281166,-1.2004705174523278
83,1556697600,113,244,131,357,18,1.0043504926449893,-0.7474487395811742
83,1556712000,628,860,232,1488,18,2.232855333994483,1.0193361941163246
83,1556726400,857,443,0,1300,18,-0.5890567768281166,0.7256531105308872
83,1556740800,1693,450,0,2143,18,-0.5890567768281166,2.042540554480482
83,1556755200,612,103,0,715,18,-0.5890567768281166,-0.18820116551954327
83,1556769600,60,10,0,70,18,-0.5890567768281166,-1.1957840852674537
83,1556784000,113,246,133,359,18,1.0286773211865634,-0.7443244514579249
83,1556798400,653,820,167,1473,18,1.4422334063933238,0.9959040331919546
83,1556812800,915,444,0,1359,18,-0.5890567768281166,0.8178196101667425
83,1556827200,1590,410,0,2000,18,-0.5890567768281166,1.8191539536681547
83,1556841600,684,151,0,835,18,-0.5890567768281166,-0.0007438781245831834
83,1556856000,60,16,0,76,18,-0.5890567768281166,-1.1864112208977058
83,1556870400,109,227,118,336,18,0.8462261071247574,-0.7802537648752923
83,1556884800,581,813,232,1394,18,2.232855333994483,0.8724946523236059
83,1556899200,876,394,0,1270,18,-0.5890567768281166,0.6787887886821472
83,1556913600,1432,397,0,1829,18,-0.5890567768281166,1.5520273191303362
83,1556928000,524,124,0,648,18,-0.5890567768281166,-0.292864817648396
83,1556942400,95,32,0,127,18,-0.5890567768281166,-1.1067418737548478
83,1556956800,31,83,52,114,18,0.04344076525281094,-1.1270497465559683
83,1556971200,252,304,52,556,18,0.04344076525281094,-0.4365820713178654
83,1556985600,579,351,0,930,18,-0.5890567768281166,0.14765980772976023
83,1557000000,687,244,0,931,18,-0.5890567768281166,0.1492219517913849
83,1557014400,435,143,0,578,18,-0.5890567768281166,-0.40221490196212273
83,1557028800,85,22,0,107,18,-0.5890567768281166,-1.1379847549873412
83,1557043200,28,58,30,86,18,-0.22415434870450457,-1.170789780281459
83,1557057600,149,257,108,406,18,0.7245919644168868,-0.6709036805615656
83,1557072000,454,246,0,700,18,-0.5890567768281166,-0.2116333264439133
83,1557086400,491,232,0,723,18,-0.5890567768281166,-0.17570401302654595
83,1557100800,225,66,0,291,18,-0.5890567768281166,-0.8505502476484023
83,1557115200,25,11,0,36,18,-0.5890567768281166,-1.2488969833626924
83,1557129600,119,224,105,343,18,0.6881017216045255,-0.7693187564439196
83,1557144000,532,822,290,1354,18,2.938333361700133,0.8100088898586192
83,1557158400,807,401,0,1208,18,-0.5890567768281166,0.5819358568614178
83,1557172800,1633,379,0,2012,18,-0.5890567768281166,1.8378996824076506
83,1557187200,576,131,0,707,19,-0.5604825259123944,-0.1484882751734229
83,1557201600,55,10,0,65,19,-0.5604825259123944,-1.1862521547778562
83,1557216000,124,221,97,345,19,0.4528562758130486,-0.7336448552619039
83,1557230400,605,879,274,1484,19,2.301938419167723,1.1074969809833444
83,1557244800,816,370,0,1186,19,-0.5604825259123944,0.6257934979270809
83,1557259200,1629,418,0,2047,19,-0.5604825259123944,2.017560943938634
83,1557273600,700,110,0,810,19,-0.5604825259123944,0.018006552862802366
83,1557288000,50,16,0,66,19,-0.5604825259123944,-1.1846357001367276
83,1557302400,111,244,133,355,19,0.8289407795462028,-0.7174803088506199
83,1557305041,141,149,8,290,19,-0.47690819174947124,-0.822549860523966
83,1557316800,515,907,392,1422,19,3.534659848070839,1.0072767932333835
83,1557331200,868,408,0,1276,19,-0.5604825259123944,0.7712744156286371
83,1557345600,1669,427,0,2096,19,-0.5604825259123944,2.0967672213539257
83,1557360000,663,114,0,777,19,-0.5604825259123944,-0.03533645029443486
83,1557374400,55,18,0,73,19,-0.5604825259123944,-1.1733205176488288
83,1557388800,109,208,99,317,19,0.4737498593537794,-0.7789055852134992
83,1557403200,565,844,279,1409,19,2.35417237801955,0.9862628828987143
83,1557417600,868,430,0,1298,19,-0.5604825259123944,0.8068364177334618
83,1557432000,1598,435,0,2033,19,-0.5604825259123944,1.9949305789628362
83,1557446400,674,129,0,803,19,-0.5604825259123944,0.006691370374903561
83,1557460800,67,15,0,82,19,-0.5604825259123944,-1.1587724258786734
83,1557475200,94,188,94,282,19,0.4215159005019524,-0.8354814976529932
83,1557489600,569,700,131,1269,19,0.808047196005472,0.7599592331407382
83,1557504000,858,387,0,1245,19,-0.5604825259123944,0.7211643217536566
83,1557518400,1317,379,0,1696,19,-0.5604825259123944,1.4501853649025653
83,1557532800,516,132,0,648,19,-0.5604825259123944,-0.24385909899999852
83,1557547200,86,26,0,112,19,-0.5604825259123944,-1.1102787866448212
83,1557561600,28,87,59,115,19,0.05587818853916371,-1.105429422721436
83,1557576000,229,348,119,577,19,0.6826856947610873,-0.358627378520115
83,1557590400,604,347,0,951,19,-0.5604825259123944,0.24592665726190685
83,1557604800,702,278,0,980,19,-0.5604825259123944,0.2928038418546305
83,1557619200,346,123,0,469,19,-0.5604825259123944,-0.5332044797619823
83,1557633600,63,100,37,163,19,-0.17395123040887492,-1.027839599947273
83,1557648000,18,57,39,75,19,-0.15305764686814413,-1.170087608366572
83,1557662400,129,233,104,362,19,0.5259838182056064,-0.7061651263627211
83,1557676800,375,294,0,669,19,-0.5604825259123944,-0.20991355153630212
83,1557691200,355,178,0,533,19,-0.5604825259123944,-0.4297513827297646
83,1557705600,213,82,0,295,19,-0.5604825259123944,-0.8144675873183239
83,1557720000,15,9,0,24,19,-0.5604825259123944,-1.2525267950641206
83,1557734400,124,247,123,371,19,0.7244728618425489,-0.6916170345925655
83,1557748800,544,863,319,1407,19,2.7720440488341653,0.9830299736164575
83,1557763200,752,442,0,1194,19,-0.5604825259123944,0.6387251350561082
83,1557777600,1614,359,0,1973,19,-0.5604825259123944,1.8979433004951323
83,1557792000,586,80,0,666,20,-0.6097294062968807,-0.25134723162118583
83,1557806400,48,6,0,54,20,-0.6097294062968807,-1.2654155476769013
83,1557820800,122,272,150,394,20,1.2956749883808714,-0.7020442609792816
83,1557835200,605,860,255,1465,20,2.6294580646552976,1.0725752921182203
83,1557849600,818,412,0,1230,20,-0.6097294062968807,0.6831863145478068
83,1557864000,1665,395,0,2060,20,-0.6097294062968807,2.0584750438390547
83,1557878400,474,128,0,602,20,-0.6097294062968807,-0.35739359147014954
83,1557892800,70,14,0,84,20,-0.6097294062968807,-1.2157063164976996
83,1557907200,123,233,110,356,20,0.7875671498001375,-0.7650092871396038
83,1557921600,644,795,151,1439,20,1.3083776843453896,1.0294939584295788
83,1557936000,921,379,0,1300,20,-0.6097294062968807,0.7991745206326109
83,1557950400,1586,409,0,1995,20,-0.6097294062968807,1.950771709617451
83,1557964800,521,127,0,648,20,-0.6097294062968807,-0.2811727703287069
83,1557979200,62,24,0,86,20,-0.6097294062968807,-1.2123923677524195
83,1557993600,111,252,141,363,20,1.1813507247002062,-0.7534104665311234
83,1558008000,610,848,238,1458,20,2.4135122332584857,1.06097647150974
83,1558022400,874,411,0,1285,20,-0.6097294062968807,0.77431990504301
83,1558036800,1607,405,0,2012,20,-0.6097294062968807,1.978940273952332
83,1558051200,547,135,0,682,20,-0.6097294062968807,-0.22483564165894493
83,1558065600,76,14,0,90,20,-0.6097294062968807,-1.2057644702618593
83,1558080000,96,206,110,302,20,0.7875671498001375,-0.8544859032621669
83,1558094400,545,769,224,1314,20,2.235674489755229,0.8223721618495716
83,1558108800,913,413,0,1326,20,-0.6097294062968807,0.8422558543212524
83,1558123200,1391,378,0,1769,20,-0.6097294062968807,1.576295501400798
83,1558137600,539,120,0,659,20,-0.6097294062968807,-0.26294605222966627
83,1558152000,87,19,0,106,20,-0.6097294062968807,-1.1792528802996183
83,1558166400,43,90,47,133,20,-0.012702695964518347,-1.1345145722383367
83,1558180800,218,344,126,562,20,0.9908102852324311,-0.4236725663757519
83,1558195200,568,422,0,990,20,-0.6097294062968807,0.2855124651141929
83,1558209600,712,328,0,1040,20,-0.6097294062968807,0.3683611837461958
83,1558224000,426,132,0,558,20,-0.6097294062968807,-0.4303004638663121
83,1558238400,87,23,0,110,20,-0.6097294062968807,-1.172624982809058
83,1558252800,23,74,51,97,20,0.03810808789355504,-1.1941656496533788
83,1558267200,193,258,65,451,20,0.2159458313968119,-0.6075967217387983
83,1558281600,559,316,0,875,20,-0.6097294062968807,0.09496041226058624
83,1558296000,606,223,0,829,20,-0.6097294062968807,0.018739591119143584
83,1558310400,316,95,0,411,20,-0.6097294062968807,-0.6738756966444006
83,1558324800,26,17,0,43,20,-0.6097294062968807,-1.2836422657759419
83,1558339200,116,218,102,334,20,0.6859455820839907,-0.8014627233376851
83,1558353600,527,773,246,1300,20,2.5151338009746325,0.7991745206326109
83,1558368000,803,339,0,1142,20,-0.6097294062968807,0.5373725697554818
83,1558382400,1404,319,0,1723,20,-0.6097294062968807,1.5000746802593554
83,1558396800,501,76,0,577,21,-0.5389359378349492,-0.1815607264363034
83,1558411200,49,8,0,57,21,-0.5389359378349492,-1.1377426086086855
83,1558425600,113,227,114,340,21,1.2833982926408534,-0.6173590073494852
83,1558440000,613,820,207,1433,21,2.7700393753974293,1.392461756524387
83,1558454400,802,385,0,1187,21,-0.5389359378349492,0.9401141738043756
83,1558468800,1543,432,0,1975,21,-0.5389359378349492,2.3890974875579083
83,1558483200,624,93,0,717,21,-0.5389359378349492,0.07587285722549177
83,1558497600,59,11,0,70,21,-0.5389359378349492,-1.113838061554376
83,1558512000,122,217,95,339,21,0.9796759208948863,-0.6191978186613551
83,1558526400,564,791,227,1355,21,3.0897471351300263,1.2490344741985298
83,1558540800,873,417,0,1290,21,-0.5389359378349492,1.129511738926982
83,1558555200,1494,372,0,1866,21,-0.5389359378349492,2.1886670545640823
83,1558569600,612,103,0,715,21,-0.5389359378349492,0.07219523460175184
83,1558584000,42,15,0,57,21,-0.5389359378349492,-1.1377426086086855
83,1558598400,128,200,72,328,21,0.6120119972023998,-0.6394247430919248
83,1558612800,591,807,216,1398,21,2.9139078672770977,1.3281033606089383
83,1558627200,762,369,0,1131,21,-0.5389359378349492,0.8371407403396575
83,1558641600,1362,380,0,1742,21,-0.5389359378349492,1.9606544518922064
83,1558656000,496,109,0,605,21,-0.5389359378349492,-0.13007400970394437
83,1558670400,44,13,0,57,21,-0.5389359378349492,-1.1377426086086855
83,1558684800,92,193,101,285,21,1.0755882488146653,-0.7184936295023333
83,1558699200,474,626,152,1100,21,1.8908430361327875,0.7801375896716886
83,1558713600,942,360,0,1302,21,-0.5389359378349492,1.1515774746694216
83,1558728000,1066,305,0,1371,21,-0.5389359378349492,1.2784554551884493
83,1558742400,428,101,0,529,21,-0.5389359378349492,-0.26982366940606173
83,1558756800,71,17,0,88,21,-0.5389359378349492,-1.0807394579407166
83,1558771200,27,63,36,90,21,0.03653802968372535,-1.0770618353169765
83,1558785600,201,258,57,459,21,0.37223117740295214,-0.3985404612369593
83,1558800000,461,322,0,783,21,-0.5389359378349492,0.1972344038089095
83,1558814400,560,223,0,783,21,-0.5389359378349492,0.1972344038089095
83,1558828800,317,130,0,447,21,-0.5389359378349492,-0.4206061969793989
83,1558843200,56,17,0,73,21,-0.5389359378349492,-1.108321627618766
83,1558857600,25,46,21,71,21,-0.20324279011572235,-1.111999250242506
83,1558872000,148,212,64,360,21,0.4841288933093611,-0.5805827811120859
83,1558886400,373,245,0,618,21,-0.5389359378349492,-0.10616946264963481
83,1558900800,473,228,0,701,21,-0.5389359378349492,0.04645187623557232
83,1558915200,236,73,0,309,21,-0.5389359378349492,-0.6743621580174541
83,1558929600,35,13,0,48,21,-0.5389359378349492,-1.1542919104155152
83,1558944000,20,50,30,70,21,-0.05937429823605374,-1.113838061554376
83,1558958400,147,171,24,318,21,-0.15528662615583283,-0.6578128562106245
83,1558972800,420,252,0,672,21,-0.5389359378349492,-0.006873651808656676
83,1558987200,485,180,0,665,21,-0.5389359378349492,-0.019745330991746433
83,1559001600,230,64,0,294,22,-0.5432399304247351,-0.7966593207911891
83,1559016000,25,14,0,39,22,-0.5432399304247351,-1.2294374757835114
83,1559030400,107,186,79,293,22,0.615159869799732,-0.7983564900264531
83,1559044800,529,756,227,1285,22,2.7853265841443036,0.885235391355444
83,1559059200,639,347,0,986,22,-0.5432399304247351,0.37778179001150525
83,1559073600,1443,354,0,1797,22,-0.5432399304247351,1.7541860398106166
83,1559088000,444,79,0,523,22,-0.5432399304247351,-0.408007565915731
83,1559102400,33,7,0,40,22,-0.5432399304247351,-1.2277403065482475
83,1559116800,128,227,99,355,22,0.9084256420084579,-0.6931319974400846
83,1559131200,574,761,187,1335,22,2.198795039726852,0.9700938531186445
83,1559145600,752,342,0,1094,22,-0.5432399304247351,0.5610760674200183
83,1559160000,1528,463,0,1991,22,-0.5432399304247351,2.0834368714518345
83,1559174400,458,92,0,550,22,-0.5432399304247351,-0.3621839965636028
83,1559188800,43,13,0,56,22,-0.5432399304247351,-1.2005855987840233
83,1559203200,128,218,90,346,22,0.7764560445145313,-0.7084065205574607
83,1559217600,553,737,184,1290,22,2.154805173895543,0.893721237531764
83,1559232000,786,386,0,1172,22,-0.5432399304247351,0.693455267770611
83,1559246400,1528,468,0,1996,22,-0.5432399304247351,2.0919227176281545
83,1559260800,491,101,0,592,22,-0.5432399304247351,-0.29090288868251435
83,1559275200,40,14,0,54,22,-0.5432399304247351,-1.2039799372545512
83,1559289600,97,197,100,294,22,0.9230889306188942,-0.7966593207911891
83,1559304000,584,758,174,1342,22,2.0081722877911803,0.9819740377654925
83,1559318400,838,452,0,1290,22,-0.5432399304247351,0.893721237531764
83,1559332800,1310,459,0,1769,22,-0.5432399304247351,1.7066653012232245
83,1559347200,517,112,0,629,22,-0.5432399304247351,-0.22810762697774603
83,1559361600,95,25,0,120,22,-0.5432399304247351,-1.0919667677271268
83,1559376000,37,77,40,114,22,0.043291613992716624,-1.1021497831387108
83,1559390400,234,263,29,497,22,-0.1180045607220826,-0.45213396603259526
83,1559404800,581,331,0,912,22,-0.5432399304247351,0.25219126660196856
83,1559419200,625,271,0,896,22,-0.5432399304247351,0.22503655883774443
83,1559433600,399,136,0,535,22,-0.5432399304247351,-0.3876415350925629
83,1559448000,78,27,0,105,22,-0.5432399304247351,-1.117424306256087
83,1559462400,35,50,15,85,22,-0.3232906012681907,-1.151367690961367
83,1559476800,206,270,64,476,22,0.39521054064318767,-0.4877745199731394
83,1559491200,819,341,0,1160,22,-0.5432399304247351,0.6730892369474428
83,1559505600,721,210,0,931,22,-0.5432399304247351,0.2844374820719847
83,1559520000,278,83,0,361,22,-0.5432399304247351,-0.6829489820285005
83,1559534400,30,12,0,42,22,-0.5432399304247351,-1.2243459680777193
83,1559548800,138,159,21,297,22,-0.23531086960557293,-0.791567813085397
83,1559563200,517,764,247,1281,22,3.0785923563530293,0.8784467144143879
83,1559577600,711,343,0,1054,22,-0.5432399304247351,0.4931892980094579
83,1559592000,1413,372,0,1785,22,-0.5432399304247351,1.7338200089874485
83,1559606400,454,83,0,537,23,-0.5941530628023417,-0.3838594022272437
83,1559620800,56,9,0,65,23,-0.5941530628023417,-1.2124045928689686
83,1559635200,131,218,87,349,23,0.8788267966698652,-0.7138731646014901
83,1559638832,92,293,201,385,23,2.8089383366679295,-0.650679039891528
83,1559649600,537,599,62,1136,23,0.4555567221088862,0.667620617252403
83,1559664000,717,354,0,1071,23,-0.5941530628023417,0.5535201143038603
83,1559678400,1513,366,0,1879,23,-0.5941530628023417,1.9718771355718976
83,1559692800,568,120,0,688,23,-0.5941530628023417,-0.1187951569160139
83,1559707200,58,14,0,72,23,-0.5941530628023417,-1.200116846397587
83,1559721600,120,221,101,341,23,1.1158580384240133,-0.7279163034259261
83,1559736000,602,803,201,1405,23,2.8089383366679295,1.139821160224064
83,1559750400,779,356,0,1135,23,-0.5941530628023417,0.6658652248993484
83,1559764800,1510,366,0,1876,23,-0.5941530628023417,1.9666109585127343
83,1559779200,511,88,0,599,23,-0.5941530628023417,-0.27502507633786455
83,1559793600,56,12,0,68,23,-0.5941530628023417,-1.207138415809805
83,1559808000,114,211,97,325,23,1.0481348264942567,-0.7560025810747981
83,1559822400,588,731,143,1319,23,1.826951763686458,0.9888574178613768
83,1559836800,787,363,0,1150,23,-0.5941530628023417,0.692196110195166
83,1559851200,1422,356,0,1778,23,-0.5941530628023417,1.7945825079133932
83,1559865600,598,101,0,699,23,-0.5941530628023417,-0.09948584103241437
83,1559880000,73,12,0,85,23,-0.5941530628023417,-1.1772967458078785
83,1559894400,115,190,75,305,23,0.6756571608805954,-0.7911104281358882
83,1559908800,580,706,126,1286,23,1.5391281129849923,0.9309294702105783
83,1559923200,1005,358,0,1363,23,-0.5941530628023417,1.0660946813957748
83,1559937600,1590,363,0,1953,23,-0.5941530628023417,2.101776169697931
83,1559952000,593,152,0,745,23,-0.5941530628023417,-0.01873779279190729
83,1559966400,116,34,0,150,23,-0.5941530628023417,-1.063196242859336
83,1559980800,53,74,21,127,23,-0.23860620017111933,-1.1035702669795895
83,1559995200,225,287,62,512,23,0.4555567221088862,-0.4277442110536062
83,1560009600,496,359,0,855,23,-0.5941530628023417,0.1743553660440879
83,1560024000,616,270,0,886,23,-0.5941530628023417,0.22877252898877748
83,1560038400,398,151,0,549,23,-0.5941530628023417,-0.36279469399058967
83,1560052800,82,28,0,110,23,-0.5941530628023417,-1.133411936981516
83,1560067200,32,54,22,86,23,-0.22167539718868015,-1.175541353454824
83,1560081600,165,192,27,357,23,-0.13702138227648436,-0.699830025777054
83,1560096000,470,254,0,724,23,-0.5941530628023417,-0.05560103220605183
83,1560110400,503,216,0,719,23,-0.5941530628023417,-0.06437799397132433
83,1560124800,295,81,0,376,23,-0.5941530628023417,-0.6664775710690185
83,1560139200,22,14,0,36,23,-0.5941530628023417,-1.2633109711075492
83,1560153600,122,223,101,345,23,1.1158580384240133,-0.7208947340137081
83,1560168000,574,757,183,1331,23,2.5041838829840244,1.009922126098031
83,1560182400,593,313,0,906,23,-0.5941530628023417,0.2638803760498675
83,1560196800,1437,374,0,1811,23,-0.5941530628023417,1.8525104555641916
83,1560211200,357,73,0,430,24,-0.6078547369858789,-0.7296753513872929
83,1560225600,55,12,0,67,24,-0.6078547369858789,-1.3236700870709124
83,1560240000,122,243,121,365,24,0.9809932884029532,-0.8360380451047454
83,1560254400,553,796,243,1349,24,2.5829722892082216,0.7741295028640744
83,1560268800,735,383,0,1118,24,-0.6078547369858789,0.3961328528835893
83,1560283200,1526,339,0,1865,24,-0.6078547369858789,1.618485656067236
83,1560297600,411,97,0,508,24,-0.6078547369858789,-0.6020401189263498
83,1560312000,47,9,0,56,24,-0.6078547369858789,-1.3416699275461736
83,1560326400,139,237,98,376,24,0.6789808538249107,-0.8180382046294842
83,1560340800,589,778,189,1367,24,1.8738996167206439,0.8035837872781382
83,1560355200,815,372,0,1187,24,-0.6078547369858789,0.5090409431375005
83,1560369600,1508,354,0,1862,24,-0.6078547369858789,1.6135766086648922
83,1560384000,468,103,0,571,24,-0.6078547369858789,-0.49895012347712664
83,1560398400,47,11,0,58,24,-0.6078547369858789,-1.3383972292779442
83,1560412800,132,230,98,362,24,0.6789808538249107,-0.8409470925070893
83,1560427200,629,859,230,1488,24,2.4122696087945457,1.0015820325060114
83,1560441600,745,347,0,1092,24,-0.6078547369858789,0.3535877753966083
83,1560456000,1451,404,0,1855,24,-0.6078547369858789,1.6021221647260895
83,1560470400,488,115,0,603,24,-0.6078547369858789,-0.44658695118545766
83,1560484800,61,19,0,80,24,-0.6078547369858789,-1.302397548327422
83,1560499200,130,182,52,312,24,0.07495598466882578,-0.922764549212822
83,1560513600,567,647,80,1214,24,0.44262329632905134,0.5532223697585961
83,1560528000,831,381,0,1212,24,-0.6078547369858789,0.5499496714903668
83,1560542400,1264,361,0,1625,24,-0.6078547369858789,1.225761863879719
83,1561161600,9254,6873,0,16127,25,-0.4179937410487138,4.087646207371068
83,1561176000,86,33,0,119,25,-0.4179937410487138,-0.36578728127531346
83,1561190400,30,58,28,88,25,0.1408095626344474,-0.3744114965519275
83,1561204800,217,262,45,479,25,0.48008299701350954,-0.26563510386947276
83,1561219200,486,284,0,770,25,-0.4179937410487138,-0.18467876046641823
83,1561233600,615,256,0,871,25,-0.4179937410487138,-0.15658051069422405
83,1561248000,399,123,0,522,25,-0.4179937410487138,-0.2536724826793307
83,1561262400,70,26,0,96,25,-0.4179937410487138,-0.3721858926095755
83,1561276800,30,40,10,70,25,-0.21842113259044194,-0.37941910542221957
83,1561291200,176,176,0,352,25,-0.4179937410487138,-0.300966566454311
83,1561305600,437,230,0,667,25,-0.4179937410487138,-0.21333341122420044
83,1561320000,505,169,0,674,25,-0.4179937410487138,-0.21138600777464242
83,1561334400,284,84,0,368,25,-0.4179937410487138,-0.296515358569607
83,1561348800,31,13,0,44,25,-0.4179937410487138,-0.3866523182348636
83,1561363200,127,215,88,342,25,1.3382452133840785,-0.30374857138225103
83,1561377600,576,782,206,1358,25,3.693201993191686,-0.02109687070354512
83,1561392000,660,329,0,989,25,-0.4179937410487138,-0.12375285254453182
83,1561406400,1506,367,0,1873,25,-0.4179937410487138,0.12217638308536585
83,1561420800,497,95,0,592,26,-0.5139459335385773,-0.3850307302719991
83,1561435200,49,9,0,58,26,-0.5139459335385773,-1.2586239744339005
83,1561449600,113,152,39,265,26,-0.04073433200052802,-0.9199838966408038
83,1561464000,613,769,156,1382,26,1.3789004726136198,0.9073637695180796
83,1561478400,706,362,0,1068,26,-0.5139459335385773,0.39367785441164327
83,1561492800,1435,328,0,1763,26,-0.5139459335385773,1.530657825745953
83,1561507200,562,89,0,651,26,-0.5139459335385773,-0.2885101283889426
83,1561521600,49,13,0,62,26,-0.5139459335385773,-1.2520802048147102
83,1561536000,136,213,77,349,26,0.4203436387288534,-0.7825647346378082
83,1561550400,616,783,167,1399,26,1.5123704115089671,0.9351747903996382
83,1561564800,781,340,0,1121,26,-0.5139459335385773,0.48038280186591437
83,1561579200,1484,434,0,1918,26,-0.5139459335385773,1.784228898489576
83,1561593600,605,105,0,710,26,-0.5139459335385773,-0.19198952650588608
83,1561608000,57,17,0,74,26,-0.5139459335385773,-1.2324488959571394
83,1561622400,122,196,74,318,26,0.3839427463028496,-0.8332789491865328
83,1561636800,594,773,179,1367,26,1.6579739812129823,0.8828246334461162
83,1561651200,790,387,0,1177,26,-0.5139459335385773,0.5719955765345782
83,1561665600,1572,430,0,2002,26,-0.5139459335385773,1.9216480604925719
83,1561680000,561,123,0,684,26,-0.5139459335385773,-0.23452402903062283
83,1561694400,68,18,0,86,26,-0.5139459335385773,-1.2128175870995686
83,1561708800,110,200,90,310,26,0.5780808392415365,-0.8463664884249132
83,1561723200,573,682,109,1255,26,0.8086198246062271,0.6995990841087885
83,1561737600,798,362,0,1160,26,-0.5139459335385773,0.5441845556530195
83,1561752000,1263,312,0,1575,26,-0.5139459335385773,1.2231006536440103
83,1561766400,541,110,0,651,26,-0.5139459335385773,-0.2885101283889426
83,1561780800,87,34,0,121,26,-0.5139459335385773,-1.1555596029316537
83,1561795200,31,73,42,104,26,-0.004333439574524224,-1.1833706238132122
83,1561809600,200,322,122,522,26,0.9663570251189102,-0.49954669860782885
83,1561824000,517,343,0,860,26,-0.5139459335385773,0.05340183421374913
83,1561838400,561,261,0,822,26,-0.5139459335385773,-0.008763977168558453
83,1561852800,329,141,0,470,26,-0.5139459335385773,-0.5846157036573024
83,1561867200,56,22,0,78,26,-0.5139459335385773,-1.225905126337949
83,1561881600,24,60,36,84,26,-0.07713522442653181,-1.2160894719091637
83,1561896000,169,602,433,771,26,4.739916206614637,-0.09219703981323442
83,1561910400,1329,848,0,2177,26,-0.5139459335385773,2.207937981332146
83,1561924800,1352,306,0,1658,26,-0.5139459335385773,1.3588838732422084
83,1561939200,605,120,0,725,26,-0.5139459335385773,-0.16745039043392254
83,1561953600,40,20,0,60,26,-0.5139459335385773,-1.2553520896243053
83,1561968000,122,197,75,319,26,0.3960763771115175,-0.8316430067817352
83,1561982400,530,710,180,1240,26,1.6701076120216503,0.675059948036825
83,1561996800,702,357,0,1059,26,-0.5139459335385773,0.37895437276846516
83,1562011200,1357,325,0,1682,26,-0.5139459335385773,1.39814649095735
83,1562025600,417,97,0,514,27,-0.4629969610791333,-0.15709905233035598
83,1562040000,55,14,0,69,27,-0.4629969610791333,-1.0921886345132703
83,1562054400,119,181,62,300,27,0.6251294709155085,-0.6067825817396676
83,1562068800,567,762,195,1329,27,2.95933617180724,1.5554807442518355
83,1562083200,692,364,0,1056,27,-0.4629969610791333,0.9818190455193959
83,1562097600,1376,378,0,1754,27,-0.4629969610791333,2.448543828359113
83,1562112000,449,69,0,518,27,-0.4629969610791333,-0.14869375271522867
83,1562126400,56,14,0,70,27,-0.4629969610791333,-1.0900873096094885
83,1562140800,108,161,53,269,27,0.4671756340130605,-0.6719236537569043
83,1562155200,515,653,138,1168,27,1.9589618714250694,1.2171674347429609
83,1562169600,956,309,0,1265,27,-0.4629969610791333,1.4209959504097984
83,1562184000,1115,316,0,1431,27,-0.4629969610791333,1.7698158844375822
83,1562198400,475,78,0,553,27,-0.4629969610791333,-0.0751473810828646
83,1562212800,48,15,0,63,27,-0.4629969610791333,-1.1047965839359613
83,1562227200,23,58,35,81,27,0.15126796020816452,-1.0669727356678884
83,1562241600,188,183,0,371,27,-0.4629969610791333,-0.45758851357115765
83,1562256000,369,214,0,583,27,-0.4629969610791333,-0.012107633969409707
83,1562270400,360,196,0,556,27,-0.4629969610791333,-0.06884340637151912
83,1562284800,223,80,0,303,27,-0.4629969610791333,-0.6004786070283221
83,1562299200,32,22,0,54,27,-0.4629969610791333,-1.1237085080699978
83,1562313600,59,108,49,167,27,0.3969739287230836,-0.886258793942651
83,1562328000,277,312,35,589,27,0.15126796020816452,0.0005003154532812744
83,1562342400,581,312,0,893,27,-0.4629969610791333,0.6393030862029576
83,1562356800,748,282,0,1030,27,-0.4629969610791333,0.9271845980210683
83,1562371200,327,92,0,419,27,-0.4629969610791333,-0.3567249181896298
83,1562385600,77,24,0,101,27,-0.4629969610791333,-1.0249462375922518
83,1562400000,35,83,48,118,27,0.3794235024005894,-0.9892237142279606
83,1562414400,239,270,31,509,27,0.08106625491818763,-0.16760567684926514
83,1562428800,496,312,0,808,27,-0.4629969610791333,0.46069046938150204
83,1562443200,492,258,0,750,27,-0.4629969610791333,0.3388136249621559
83,1562457600,296,112,0,408,27,-0.4629969610791333,-0.37983949213122997
83,1562472000,69,23,0,92,27,-0.4629969610791333,-1.0438581617262883
83,1562486400,24,55,31,79,27,0.08106625491818763,-1.071175385475452
83,1562500800,136,213,77,349,27,0.8883858657529219,-0.5038176614543579
83,1562515200,390,281,0,671,27,-0.4629969610791333,0.17280895756339135
83,1562529600,448,221,0,669,27,-0.4629969610791333,0.1686063077558277
83,1562544000,254,88,0,342,27,-0.4629969610791333,-0.5185269357808308
83,1562558400,30,15,0,45,27,-0.4629969610791333,-1.1426204322040343
83,1562572800,131,198,67,329,27,0.7128816025279796,-0.5458441595299945
83,1562587200,507,794,287,1301,27,4.573975393476708,1.4966436469459443
83,1562601600,598,340,0,938,27,-0.4629969610791333,0.7338627068731399
83,1562616000,1409,405,0,1814,27,-0.4629969610791333,2.574623322586023
83,1562630400,453,84,0,537,28,-0.5609373538056593,-0.3570886081422948
83,1562644800,38,16,0,54,28,-0.5609373538056593,-1.2097133144481553
83,1562659200,129,194,65,323,28,0.43151823653099,-0.7348560763606264
83,1562673600,586,804,218,1390,28,2.7676060107080263,1.1486854591018025
83,1562688000,675,295,0,970,28,-0.5609373538056593,0.40727267100974995
83,1562702400,1440,329,0,1769,28,-0.5609373538056593,1.8177222369277264
83,1562716800,523,78,0,601,28,-0.5609373538056593,-0.24411142138541062
83,1562731200,39,11,0,50,28,-0.5609373538056593,-1.2167743886204607
83,1562745600,132,230,98,362,28,0.935380305471135,-0.6660106031806501
83,1562760000,621,790,169,1411,28,2.019447181069629,1.1857560985064053
83,1562774400,759,381,0,1140,28,-0.5609373538056593,0.7073683233327236
83,1562788800,1504,391,0,1895,28,-0.5609373538056593,2.0401460733553423
83,1562803200,553,91,0,644,28,-0.5609373538056593,-0.16820487403312903
83,1562817600,44,20,0,64,28,-0.5609373538056593,-1.1920606290173923
83,1562832000,114,209,95,323,28,0.8895746628402128,-0.7348560763606264
83,1562846400,620,783,163,1403,28,1.9278358958077844,1.1716339501617947
83,1562860800,750,337,0,1087,28,-0.5609373538056593,0.6138090905496789
83,1562875200,1517,386,0,1903,28,-0.5609373538056593,2.0542682216999526
83,1562889600,398,86,0,484,28,-0.5609373538056593,-0.45064784092533955
83,1562904000,48,16,0,64,28,-0.5609373538056593,-1.1920606290173923
83,1562918400,97,172,75,269,28,0.5842037119673976,-0.8301805776867475
83,1562932800,550,665,115,1215,28,1.1949456137130279,0.8397634640634473
83,1562947200,802,349,0,1151,28,-0.5609373538056593,0.7267862773065631
83,1562961600,1262,366,0,1628,28,-0.5609373538056593,1.5688193723539658
83,1562976000,392,108,0,500,28,-0.5609373538056593,-0.42240354423611853
83,1562990400,92,27,0,119,28,-0.5609373538056593,-1.0949708591481948
83,1563004800,39,98,59,137,28,0.33990695126914544,-1.0631960253728212
83,1563019200,287,328,41,615,28,0.06507309548361176,-0.2193976617823422
83,1563033600,475,335,0,810,28,-0.5609373538056593,0.1248297041175394
83,1563048000,542,296,0,838,28,-0.5609373538056593,0.17425722332367624
83,1563062400,362,146,0,508,28,-0.5609373538056593,-0.40828139589150797
83,1563076800,56,21,0,77,28,-0.5609373538056593,-1.1691121379574
83,1563091200,28,44,16,72,28,-0.3166405931074072,-1.1779384806727817
83,1563105600,186,284,98,470,28,0.935380305471135,-0.475361600528408
83,1563120000,481,242,0,723,28,-0.5609373538056593,-0.028748659130100086
83,1563134400,395,216,0,611,28,-0.5609373538056593,-0.22645873595464747
83,1563148800,278,85,0,363,28,-0.5609373538056593,-0.6642453346375738
83,1563163200,26,9,0,35,28,-0.5609373538056593,-1.2432534167666054
83,1563177600,125,184,59,309,28,0.33990695126914544,-0.7595698359636949
83,1563192000,513,785,272,1298,28,3.592107578064627,0.9862807531387815
83,1563206400,672,365,0,1037,28,-0.5609373538056593,0.5255456633958631
83,1563220800,1426,365,0,1791,28,-0.5609373538056593,1.8565581448754054
83,1563235200,506,108,0,614,29,-0.5190334457206792,-0.1658750118632777
83,1563249600,38,15,0,53,29,-0.5190334457206792,-1.163411262379497
83,1563264000,136,202,66,338,29,0.45639754515235315,-0.6566415094434497
83,1563278400,588,773,185,1361,29,2.2151291802113056,1.1623951826743617
83,1563292800,701,332,0,1033,29,-0.5190334457206792,0.579165431926911
83,1563307200,1439,376,0,1815,29,-0.5190334457206792,1.9696705084040653
83,1563321600,546,87,0,633,29,-0.5190334457206792,-0.1320903616675412
83,1563336000,39,15,0,54,29,-0.5190334457206792,-1.1616331228955108
83,1563350400,140,205,65,345,29,0.44161828771488293,-0.6441945330555469
83,1563364800,562,833,271,1395,29,3.4861453198337413,1.2228519251298902
83,1563379200,726,375,0,1101,29,-0.5190334457206792,0.7000789168379679
83,1563393600,1234,421,0,1655,29,-0.5190334457206792,1.6851681909662841
83,1563408000,509,102,0,611,29,-0.5190334457206792,-0.17120943031523608
83,1563422400,53,16,0,69,29,-0.5190334457206792,-1.1349610306357187
83,1563436800,106,192,86,298,29,0.7519826939017569,-0.727767088802895
83,1563451200,601,818,217,1419,29,2.6880654182103516,1.2655272727455573
83,1563465600,676,334,0,1010,29,-0.5190334457206792,0.53826822379523
83,1563480000,1538,364,0,1902,29,-0.5190334457206792,2.1243686435108584
83,1563494400,508,104,0,612,29,-0.5190334457206792,-0.16943129083124994
83,1563508800,58,23,0,81,29,-0.5190334457206792,-1.1136233568278853
83,1563523200,102,171,69,273,29,0.5007353174647637,-0.7722205759025482
83,1563537600,549,682,133,1231,29,1.4466077934628556,0.9312370497561648
83,1563552000,790,363,0,1153,29,-0.5190334457206792,0.7925421700052466
83,1563566400,1301,337,0,1638,29,-0.5190334457206792,1.65493981973852
83,1563580800,444,137,0,581,29,-0.5190334457206792,-0.22455361483482
83,1563595200,78,22,0,100,29,-0.5190334457206792,-1.0798387066321489
83,1563609600,38,60,22,98,29,-0.1938897820963351,-1.083394985600121
83,1563624000,180,205,25,385,29,-0.14955200978392452,-0.5730689536961016
83,1563638400,364,202,0,566,29,-0.5190334457206792,-0.25122570709461195
83,1563652800,417,184,0,601,29,-0.5190334457206792,-0.18899082515509738
83,1563667200,319,121,0,440,29,-0.5190334457206792,-0.4752712820768644
83,1563681600,55,20,0,75,29,-0.5190334457206792,-1.124292193731802
83,1563696000,20,37,17,57,29,-0.26778606928368603,-1.1562987044435524
83,1563710400,156,186,30,342,29,-0.07565572259657359,-0.6495289515075052
83,1563724800,309,222,0,531,29,-0.5190334457206792,-0.31346058903412655
83,1563739200,356,172,0,528,29,-0.5190334457206792,-0.3187950074860849
83,1563753600,257,68,0,325,29,-0.5190334457206792,-0.6797573227352695
83,1563768000,20,11,0,31,29,-0.5190334457206792,-1.2025303310271918
83,1563782400,107,193,86,300,29,0.7519826939017569,-0.7242108098349227
83,1563796800,538,741,203,1279,29,2.481155814085769,1.0165877449874992
83,1563811200,651,335,0,986,29,-0.5190334457206792,0.4955928761795629
83,1563825600,1464,323,0,1787,29,-0.5190334457206792,1.9198826028524536
83,1563840000,383,67,0,450,30,-0.5728734260411726,-0.49290946041182865
83,1563854400,42,8,0,50,30,-0.5728734260411726,-1.1932544312270115
83,1563868800,113,223,110,336,30,1.170654392345005,-0.6925077770941557
83,1563883200,552,765,213,1317,30,2.803230440470244,1.02508826383008
83,1563897600,650,330,0,980,30,-0.5728734260411726,0.43504762591828855
83,1563912000,1467,388,0,1855,30,-0.5728734260411726,1.9670522495765006
83,1563926400,471,103,0,574,30,-0.5728734260411726,-0.275802519459122
83,1563940800,33,31,0,64,30,-0.5728734260411726,-1.16874235724848
83,1563955200,130,241,111,371,30,1.1865046452394248,-0.6312275921478272
83,1563969600,572,773,201,1345,30,2.6130274057372063,1.0741124117871428
83,1563984000,763,362,0,1125,30,-0.5728734260411726,0.6889226778387924
83,1563998400,1559,391,0,1950,30,-0.5728734260411726,2.133384180145107
83,1564012800,617,110,0,727,30,-0.5728734260411726,-0.007920568122314557
83,1564027200,59,16,0,75,30,-0.5728734260411726,-1.1494828705510625
83,1564041600,115,214,99,329,30,0.9963016105063871,-0.7047638140834214
83,1564056000,596,755,159,1351,30,1.947316784171575,1.0846175863493706
83,1564070400,766,348,0,1114,30,-0.5728734260411726,0.6696631911413747
83,1564084800,1467,406,0,1873,30,-0.5728734260411726,1.998567773263184
83,1564099200,602,119,0,721,30,-0.5728734260411726,-0.0184257426845423
83,1564113600,54,15,0,69,30,-0.5728734260411726,-1.1599880451132902
83,1564128000,105,195,90,300,30,0.853649334456609,-0.7555388244675222
83,1564142400,552,645,93,1197,30,0.9012000931398684,0.8149847725855252
83,1564156800,828,341,0,1169,30,-0.5728734260411726,0.7659606246284624
83,1564171200,1376,318,0,1694,30,-0.5728734260411726,1.6851633988233898
83,1564185600,453,119,0,572,30,-0.5728734260411726,-0.2793042443131979
83,1564200000,81,28,0,109,30,-0.5728734260411726,-1.089953548031772
83,1564214400,28,65,37,93,30,0.013585931052359777,-1.1179673468643792
83,1564228800,200,239,39,439,30,0.045286436841199366,-0.5121689471092461
83,1564243200,446,297,0,743,30,-0.5728734260411726,0.020093230710292752
83,1564257600,522,226,0,748,30,-0.5728734260411726,0.02884754284548254
83,1564272000,351,122,0,473,30,-0.5728734260411726,-0.4526396245899556
83,1564286400,61,26,0,87,30,-0.5728734260411726,-1.128472521426607
83,1564300800,19,39,20,58,30,-0.25586836815277675,-1.1792475318107076
83,1564315200,148,197,49,345,30,0.20378896578539732,-0.6767500152508141
83,1564329600,413,255,0,668,30,-0.5728734260411726,-0.11122145131755401
83,1564344000,426,169,0,595,30,-0.5728734260411726,-0.23903440849132487
83,1564358400,282,60,0,342,30,-0.5728734260411726,-0.682002602531928
83,1564372800,26,14,0,40,30,-0.5728734260411726,-1.210763055497391
83,1564387200,118,195,77,313,30,0.6475960468291516,-0.7327776129160287
83,1564401600,544,764,220,1308,30,2.9141822107311826,1.0093305019867385
83,1564416000,637,325,0,962,30,-0.5728734260411726,0.4035321022316053
83,1564430400,1417,376,0,1793,30,-0.5728734260411726,1.8584987791001473
83,1564444800,475,86,0,561,31,-0.5909226435542435,-0.4734644882684087
83,1564459200,38,11,0,49,31,-0.5909226435542435,-1.3304289354391563
83,1564473600,119,184,65,303,31,0.37943453954535633,-0.9052942292255433
83,1564488000,552,769,217,1321,31,2.6485774907936515,0.7985921130006699
83,1564502400,685,346,0,1031,31,-0.5909226435542435,0.3132020940953636
83,1564516800,1464,372,0,1836,31,-0.5909226435542435,1.6605778362290586
83,1564531200,516,96,0,612,31,-0.5909226435542435,-0.38810279528851
83,1564545600,37,8,0,45,31,-0.5909226435542435,-1.3371239701826778
83,1564560000,111,212,101,323,31,0.9168631332620578,-0.8718190555079359
83,1564574400,565,772,207,1337,31,2.49929177031679,0.8253722519747558
83,1564588800,705,349,0,1054,31,-0.5909226435542435,0.35169854387061206
83,1564603200,1534,399,0,1933,31,-0.5909226435542435,1.8229324287594544
83,1564617600,478,60,0,538,31,-0.5909226435542435,-0.5119609380436572
83,1564632000,44,15,0,59,31,-0.5909226435542435,-1.3136913485803527
83,1564646400,121,188,67,309,31,0.40929168364072865,-0.8952516771102611
83,1564660800,568,717,149,1285,31,1.633434591550993,0.7383368003089767
83,1564675200,729,352,0,1081,31,-0.5909226435542435,0.3968900283893819
83,1564689600,1510,357,0,1867,31,-0.5909226435542435,1.7124643554913501
83,1564704000,487,87,0,574,31,-0.5909226435542435,-0.45170562535196396
83,1564718400,46,15,0,61,31,-0.5909226435542435,-1.310343831208592
83,1564732800,130,158,28,288,31,-0.1729226262190313,-0.9304006095137488
83,1564747200,511,627,116,1138,31,1.14079171397735,0.49229427348456284
83,1564761600,772,405,0,1177,31,-0.5909226435542435,0.5575708622338972
83,1564776000,1124,347,0,1471,31,-0.5909226435542435,1.049655915882725
83,1565395200,9460,6233,0,15693,32,-0.5168591688629157,4.090277681265007
83,1565409600,66,28,0,94,32,-0.5168591688629157,-0.36890682794649965
83,1565424000,33,79,46,112,32,0.17228638962097192,-0.36376128520877243
83,1565438400,208,301,93,509,32,0.8764133732892919,-0.250273481493344
83,1565452800,512,317,0,829,32,-0.5168591688629157,-0.158797166155971
83,1565467200,581,245,0,826,32,-0.5168591688629157,-0.15965475661225886
83,1565481600,335,144,0,479,32,-0.5168591688629157,-0.25884938605622276
83,1565496000,65,26,0,91,32,-0.5168591688629157,-0.36976441840278756
83,1565510400,29,43,14,72,32,-0.30711921628086297,-0.3751958246259441
83,1565524800,123,210,87,333,32,0.7865248221826979,-0.3005854549288992
83,1565539200,395,276,0,671,32,-0.5168591688629157,-0.20396359685379892
83,1565553600,390,190,0,580,32,-0.5168591688629157,-0.22997717402786438
83,1565568000,276,89,0,365,32,-0.5168591688629157,-0.2914378233951619
83,1565582400,25,10,0,35,32,-0.5168591688629157,-0.3857727735868278
83,1565596800,94,212,118,306,32,1.2509490029001005,-0.30830376903549006
83,1565611200,448,711,263,1159,32,3.42325565464279,-0.06446221596430506
83,1565625600,670,318,0,988,32,-0.5168591688629157,-0.11334487197271377
83,1565640000,1427,352,0,1779,32,-0.5168591688629157,0.11277314500185519
83,1565654400,469,80,0,549,33,-0.5902537407342564,-0.27584958059800596
83,1565668800,42,10,0,52,33,-0.5902537407342564,-1.243107122241342
83,1565683200,92,192,100,284,33,0.5709011590708382,-0.7915905233253381
83,1565697600,503,802,299,1305,33,2.8815994096829765,1.1954717503524206
83,1565712000,637,310,0,947,33,-0.5902537407342564,0.4987349296113456
83,1565726400,1186,335,0,1521,33,-0.5902537407342564,1.6158492734811138
83,1565740800,487,69,0,556,33,-0.5902537407342564,-0.26222623494105757
83,1565755200,36,11,0,47,33,-0.5902537407342564,-1.2528380834248765
83,1565769600,95,199,104,294,33,0.617347355063042,-0.772128600958269
83,1565784000,514,765,251,1279,33,2.324245057776531,1.1448707521980408
83,1565798400,770,327,0,1097,33,-0.5902537407342564,0.7906637651173826
83,1565812800,1425,350,0,1775,33,-0.5902537407342564,2.11018210160467
83,1565827200,533,78,0,611,33,-0.5902537407342564,-0.15518566192217734
83,1565841600,46,14,0,60,33,-0.5902537407342564,-1.2275375843476866
83,1565856000,76,192,116,268,33,0.7566859430396532,-0.8227295991126486
83,1565870400,499,781,282,1280,33,2.68420307671611,1.1468169444347478
83,1565884800,724,340,0,1064,33,-0.5902537407342564,0.7264394213060544
83,1565899200,1393,373,0,1766,33,-0.5902537407342564,2.0926663714743077
83,1565913600,525,83,0,608,33,-0.5902537407342564,-0.1610242386322981
83,1565928000,45,20,0,65,33,-0.5902537407342564,-1.217806623164152
83,1565942400,76,188,112,264,33,0.7102397470474495,-0.8305143680594763
83,1565956800,408,598,190,1006,33,1.6159405688954231,0.6135602715770535
83,1565971200,771,328,0,1099,33,-0.5902537407342564,0.7945561495907965
83,1565985600,1166,362,0,1528,33,-0.5902537407342564,1.6294726191380622
83,1566000000,410,116,0,526,33,-0.5902537407342564,-0.320612002042265
83,1566014400,73,26,0,99,33,-0.5902537407342564,-1.151636087116117
83,1566028800,24,118,94,142,33,0.5012318650825325,-1.0679498209377198
83,1566043200,206,302,96,508,33,0.5244549630786344,-0.35564346230298943
83,1566057600,513,325,0,838,33,-0.5902537407342564,0.286599975810292
83,1566072000,548,283,0,831,33,-0.5902537407342564,0.2729766301533436
83,1566086400,366,138,0,504,33,-0.5902537407342564,-0.3634282312498171
83,1566100800,66,33,0,99,33,-0.5902537407342564,-1.151636087116117
83,1566115200,24,61,37,85,33,-0.16062642780637146,-1.1788827784300138
83,1566129600,150,247,97,397,33,0.5360665120766853,-0.5716708005774568
83,1566144000,434,326,0,760,33,-0.5902537407342564,0.13479698134715276
83,1566158400,454,222,0,676,33,-0.5902537407342564,-0.028683166536227975
83,1566172800,242,82,0,324,33,-0.5902537407342564,-0.7137428338570615
83,1566187200,28,9,0,37,33,-0.5902537407342564,-1.2723000057919456
83,1566201600,82,181,99,263,33,0.5592896100727872,-0.8324605602961832
83,1566216000,438,696,258,1134,33,2.4055259007628873,0.8626728778755384
83,1566230400,599,324,0,923,33,-0.5902537407342564,0.4520263159303796
83,1566244800,1209,331,0,1540,33,-0.5902537407342564,1.6528269259785453
83,1566259200,455,71,0,526,34,-0.5454691820462713,-0.2901307049496199
83,1566273600,34,11,0,45,34,-0.5454691820462713,-1.2124313345943436
83,1566288000,85,128,43,213,34,-0.012397026864687985,-0.8902972269429641
83,1566302400,500,731,231,1231,34,2.318244023696653,1.0616820682302768
83,1566316800,665,305,0,970,34,-0.5454691820462713,0.5612237224147405
83,1566331200,1360,363,0,1723,34,-0.5454691820462713,2.00507481206646
83,1566345600,434,59,0,493,34,-0.5454691820462713,-0.35340704752399804
83,1566360000,51,10,0,61,34,-0.5454691820462713,-1.1817518957704027
83,1566374400,91,193,102,284,34,0.7190275581519031,-0.7541572171617262
83,1566388800,490,767,277,1257,34,2.8885072594723002,1.1115361563191808
83,1566403200,651,332,0,983,34,-0.5454691820462713,0.5861507664591925
83,1566417600,1349,388,0,1737,34,-0.5454691820462713,2.031919321037408
83,1566432000,473,74,0,547,34,-0.5454691820462713,-0.24986394149319746
83,1566446400,47,14,0,61,34,-0.5454691820462713,-1.1817518957704027
83,1566460800,90,193,103,283,34,0.731424585016591,-0.7560746820882226
83,1566475200,499,687,188,1186,34,1.7851718685150697,0.9753961465379429
83,1566489600,630,340,0,970,34,-0.5454691820462713,0.5612237224147405
83,1566504000,1340,375,0,1715,34,-0.5454691820462713,1.9897350926544894
83,1566518400,416,67,0,483,34,-0.5454691820462713,-0.37258169678896114
83,1566532800,50,19,0,69,34,-0.5454691820462713,-1.1664121763584323
83,1566547200,77,164,87,241,34,0.5330721551815834,-0.8366082090010675
83,1566561600,432,592,160,1024,34,1.4380551163038062,0.6647668284455411
83,1566576000,730,380,0,1110,34,-0.5454691820462713,0.8296688121242235
83,1566590400,1174,330,0,1504,34,-0.5454691820462713,1.5851499931637687
83,1566604800,422,95,0,517,34,-0.5454691820462713,-0.3073878892880867
83,1566619200,74,39,0,113,34,-0.5454691820462713,-1.0820437195925947
83,1566633600,24,85,61,109,34,0.21074945669969572,-1.0897135792985801
83,1566648000,210,292,82,502,34,0.4710870208581434,-0.3361498631855313
83,1566662400,469,329,0,798,34,-0.5454691820462713,0.23141975505737566
83,1566676800,588,293,0,881,34,-0.5454691820462713,0.39056934395656917
83,1566691200,330,142,0,472,34,-0.5454691820462713,-0.3936738109804205
83,1566705600,72,23,0,95,34,-0.5454691820462713,-1.1165580882695283
83,1566720000,24,49,25,73,34,-0.2355435104290717,-1.158742316652447
83,1566734400,138,220,82,358,34,0.4710870208581434,-0.6122648126009995
83,1566748800,417,261,0,678,34,-0.5454691820462713,0.0013239638778187958
83,1566763200,493,194,0,687,34,-0.5454691820462713,0.01858114821628556
83,1566777600,302,74,0,376,34,-0.5454691820462713,-0.577750443924066
83,1566792000,18,9,0,27,34,-0.5454691820462713,-1.2469457032712772
83,1566806400,80,156,76,236,34,0.3967048596700155,-0.846195533633549
83,1566820800,431,762,331,1193,34,3.5579467101654516,0.988818401023417
83,1566835200,654,305,0,959,34,-0.5454691820462713,0.5401316082232811
83,1566849600,1334,323,0,1657,34,-0.5454691820462713,1.8785221269177037
83,1566864000,412,81,0,493,35,-0.4860200963819502,-0.2758484942194289
83,1566878400,35,15,0,50,35,-0.4860200963819502,-1.0987500628336175
83,1566892800,96,191,95,287,35,0.7359207886615163,-0.6585070114531149
83,1566907200,476,752,276,1228,35,3.064039738060121,1.0894622347454213
83,1566921600,788,372,0,1160,35,-0.4860200963819502,0.9631477727459522
83,1566936000,1616,354,0,1970,35,-0.4860200963819502,2.4677759230337464
83,1566950400,608,83,0,691,35,-0.4860200963819502,0.09194949807314297
83,1566964800,37,20,0,57,35,-0.4860200963819502,-1.0857471035101427
83,1566979200,93,202,109,295,35,0.9159962875100273,-0.6436464865120008
83,1566993600,514,829,315,1343,35,3.5656786277095445,1.3030822807739353
83,1567008000,771,354,0,1125,35,-0.4860200963819502,0.8981329761285783
83,1567022400,1525,371,0,1896,35,-0.4860200963819502,2.3303160673284418
83,1567036800,583,90,0,673,35,-0.4860200963819502,0.05851331695563644
83,1567051200,33,14,0,47,35,-0.4860200963819502,-1.1043227596865353
83,1567065600,84,172,88,256,35,0.6458830392372609,-0.7160915455999316
83,1567080000,518,756,238,1274,35,2.5752633840427346,1.174910253156827
83,1567094400,792,429,0,1221,35,-0.4860200963819502,1.0764592754219466
83,1567108800,1467,369,0,1836,35,-0.4860200963819502,2.2188621302700864
83,1567123200,604,118,0,722,35,-0.4860200963819502,0.14953403221995978
83,1567137600,59,14,0,73,35,-0.4860200963819502,-1.0560260536279147
83,1567152000,64,159,95,223,35,0.7359207886615163,-0.777391210982027
83,1567166400,412,602,190,1014,35,1.957861673704983,0.6919431925706214
83,1567180800,944,364,0,1308,35,-0.4860200963819502,1.2380674841565615
83,1567195200,956,297,0,1253,35,-0.4860200963819502,1.1359013751864027
83,1567209600,427,66,0,493,35,-0.4860200963819502,-0.2758484942194289
83,1567224000,65,24,0,89,35,-0.4860200963819502,-1.0263050037456867
83,1567238400,37,49,12,86,35,-0.33166966879751236,-1.0318777005986044
83,1567252800,206,237,31,443,35,-0.08728149178881903,-0.3687267751013915
83,1567267200,507,219,0,726,35,-0.4860200963819502,0.1569642946905168
83,1567281600,585,146,0,731,35,-0.4860200963819502,0.16625212277871304
83,1567296000,333,73,0,406,35,-0.4860200963819502,-0.4374567029540438
83,1567310400,49,14,0,63,35,-0.4860200963819502,-1.0746017098043072
83,1567324800,25,59,34,84,35,-0.04869388489270956,-1.035592831833883
83,1567339200,182,166,0,348,35,-0.4860200963819502,-0.5451955087771204
83,1567353600,446,150,0,596,35,-0.4860200963819502,-0.08451923560258597
83,1567368000,501,141,0,642,35,-0.4860200963819502,0.000928782808819626
83,1567382400,269,35,0,304,35,-0.4860200963819502,-0.6269283959532476
83,1567396800,42,15,0,57,35,-0.4860200963819502,-1.0857471035101427
83,1567411200,23,62,39,85,35,0.015618793267472893,-1.0337352662162438
83,1567425600,115,180,65,295,35,0.3500447197004216,-0.6436464865120008
83,1567440000,332,153,0,485,35,-0.4860200963819502,-0.2907090191605429
83,1567454400,391,124,0,515,35,-0.4860200963819502,-0.23498205063136537
83,1567468800,214,47,0,261,36,-0.5438356100240694,-0.8378176604133977
83,1567483200,22,14,0,36,36,-0.5438356100240694,-1.2096651566986976
83,1567497600,99,186,87,285,36,0.425518204135906,-0.798153927476299
83,1567512000,426,824,398,1250,36,3.8906795398112206,0.7966586677028766
83,1567526400,719,374,0,1093,36,-0.5438356100240694,0.5371917480726894
83,1567540800,1575,332,0,1907,36,-0.5438356100240694,1.8824533568559527
83,1567555200,601,90,0,691,36,-0.5438356100240694,-0.1271757786237132
83,1567569600,35,17,0,52,36,-0.5438356100240694,-1.1832226680739653
83,1567584000,115,215,100,330,36,0.570364176366707,-0.723784428219239
83,1567598400,547,735,188,1282,36,1.5508599883905902,0.8495436449523415
83,1567612800,775,387,0,1162,36,-0.5438356100240694,0.6512249802668482
83,1567627200,1597,383,0,1980,36,-0.5438356100240694,2.0030972112062946
83,1567641600,611,83,0,694,36,-0.5438356100240694,-0.12221781200657587
83,1567656000,41,11,0,52,36,-0.5438356100240694,-1.1832226680739653
83,1567670400,116,252,136,368,36,0.9714760994673864,-0.6609835177354995
83,1567684800,554,789,235,1343,36,2.074533887994255,0.9503556328341339
83,1567699200,870,474,0,1344,36,-0.5438356100240694,0.9520082883731797
83,1567713600,1581,351,0,1932,36,-0.5438356100240694,1.923769745332097
83,1567728000,637,102,0,739,36,-0.5438356100240694,-0.04784831274951587
83,1567742400,48,13,0,61,36,-0.5438356100240694,-1.1683487682225533
83,1567756800,109,204,95,313,36,0.5146541870471681,-0.7518795723830172
83,1567771200,531,763,232,1294,36,2.041107894402532,0.8693755114208909
83,1567785600,827,359,0,1186,36,-0.5438356100240694,0.6908887132039468
83,1567800000,1430,339,0,1769,36,-0.5438356100240694,1.6543868924676353
83,1567814400,449,107,0,556,36,-0.5438356100240694,-0.35028427639489323
83,1567828800,85,21,0,106,36,-0.5438356100240694,-1.0939792689654932
83,1567843200,24,79,55,103,36,0.06897427249085758,-1.0989372355826306
83,1567857600,224,276,52,500,36,0.035548278899134284,-0.44283298658145676
83,1567872000,542,316,0,858,36,-0.5438356100240694,0.14881769639693168
83,1567886400,660,223,0,883,36,-0.5438356100240694,0.19013408487307615
83,1567900800,363,119,0,482,36,-0.5438356100240694,-0.4725807862842808
83,1567915200,82,26,0,108,36,-0.5438356100240694,-1.0906739578874016
83,1567929600,18,54,36,72,36,-0.14272368692338994,-1.1501695572930497
83,1567944000,172,238,66,410,36,0.19153624899384297,-0.5915719850955767
83,1567958400,455,252,0,707,36,-0.5438356100240694,-0.10073328999898076
83,1567972800,515,190,0,705,36,-0.5438356100240694,-0.10403860107707232
83,1567987200,270,58,0,328,36,-0.5438356100240694,-0.7270897392973306
83,1568001600,29,9,0,38,36,-0.5438356100240694,-1.2063598456206062
83,1568016000,118,230,112,348,36,0.7040681507336001,-0.694036628516415
83,1568030400,554,812,258,1366,36,2.3307998388641336,0.9883667102321868
83,1568044800,780,427,0,1207,36,-0.5438356100240694,0.7255944795239081
83,1568059200,1691,362,0,2053,36,-0.5438356100240694,2.123741065556636
83,1568073600,638,60,0,698,37,-0.5536569336379138,-0.20151341529046346
83,1568088000,53,8,0,61,37,-0.5536569336379138,-1.2323527867399968
83,1568102400,128,241,113,369,37,0.8659302122537874,-0.7339249587863763
83,1568116800,581,850,269,1431,37,2.8257142366706494,0.9846800843524063
83,1568131200,814,386,0,1200,37,-0.5536569336379138,0.6108592133871908
83,1568145600,1625,405,0,2030,37,-0.5536569336379138,1.9540251133920772
83,1568160000,674,68,0,742,37,-0.5536569336379138,-0.13030943986851767
83,1568174400,57,14,0,71,37,-0.5536569336379138,-1.216170065053191
83,1568188800,119,243,124,362,37,1.0041201114113867,-0.7452528639671404
83,1568203200,579,846,267,1425,37,2.8005888004601767,0.9749704513403228
83,1568217600,855,397,0,1252,37,-0.5536569336379138,0.6950093661585813
83,1568232000,1640,408,0,2048,37,-0.5536569336379138,1.9831540124283278
83,1568246400,660,61,0,721,37,-0.5536569336379138,-0.16429315541081
83,1568260800,53,14,0,67,37,-0.5536569336379138,-1.2226431537279134
83,1568275200,110,213,103,323,37,0.7403030312014244,-0.8083654785456833
83,1568289600,614,832,218,1446,37,2.1850156133035985,1.008954166882615
83,1568304000,830,407,0,1237,37,-0.5536569336379138,0.6707352836283725
83,1568318400,1698,366,0,2064,37,-0.5536569336379138,2.009046367127217
83,1568332800,645,76,0,721,37,-0.5536569336379138,-0.16429315541081
83,1568347200,56,12,0,68,37,-0.5536569336379138,-1.2210248815592328
83,1568361600,98,208,110,306,37,0.8282420579380785,-0.8358761054132533
83,1568376000,569,711,142,1280,37,1.2302490373056398,0.7403209868816377
83,1568390400,865,402,0,1267,37,-0.5536569336379138,0.7192834486887901
83,1568404800,1425,334,0,1759,37,-0.5536569336379138,1.5154733556796385
83,1568419200,527,83,0,610,37,-0.5536569336379138,-0.3439213661343551
83,1568433600,109,22,0,131,37,-0.5536569336379138,-1.1190737349323558
83,1568448000,42,77,35,119,37,-0.11396179995464349,-1.1384930009565228
83,1568462400,204,320,116,524,37,0.9036183665694962,-0.48309277264088546
83,1568476800,727,324,0,1051,37,-0.5536569336379138,0.3697366602537835
83,1568491200,778,304,0,1082,37,-0.5536569336379138,0.4199030974828816
83,1568505600,396,116,0,512,37,-0.5536569336379138,-0.5025120386650526
83,1568520000,96,30,0,126,37,-0.5536569336379138,-1.1271650957757589
83,1568534400,31,47,16,78,37,-0.35265344395413306,-1.204842159872427
83,1568548800,211,206,0,417,37,-0.5536569336379138,-0.6562478946897082
83,1568563200,596,224,0,820,37,-0.5536569336379138,-0.004084210711431947
83,1568577600,639,184,0,823,37,-0.5536569336379138,0.0007706057946098117
83,1568592000,330,66,0,396,37,-0.5536569336379138,-0.6902316102320005
83,1568606400,37,14,0,51,37,-0.5536569336379138,-1.2485355084268028
83,1568620800,124,211,87,335,37,0.5392995415176437,-0.7889462125215163
83,1568635200,556,807,251,1363,37,2.599585310776396,0.8746375768821264
83,1568649600,728,411,0,1139,37,-0.5536569336379138,0.5121446110976751
83,1568664000,1650,371,0,2021,37,-0.5536569336379138,1.939460663873952
83,1568678400,588,73,0,661,38,-0.5665100572431455,-0.2538262964123824
83,1568692800,47,15,0,62,38,-0.5665100572431455,-1.2193179754481727
83,1568707200,128,213,85,341,38,0.510975773528314,-0.7696148394698997
83,1568721600,631,786,155,1417,38,1.3983170459283396,0.9647241365610022
83,1568736000,820,346,0,1166,38,-0.5665100572431455,0.5601524981002621
83,1568750400,1487,358,0,1845,38,-0.5665100572431455,1.654591312900432
83,1568764800,554,109,0,663,38,-0.5665100572431455,-0.25060261801827294
83,1568779200,45,16,0,61,38,-0.5665100572431455,-1.2209298146452274
83,1568793600,125,232,107,357,38,0.7898544591397506,-0.7438254123170238
83,1568808000,596,806,210,1402,38,2.095513759956931,0.9405465486051812
83,1568822400,884,393,0,1277,38,-0.5665100572431455,0.7390666489733384
83,1568836800,1772,424,0,2196,38,-0.5665100572431455,2.220346871066646
83,1568851200,700,69,0,769,38,-0.5665100572431455,-0.07974766313047033
83,1568865600,49,13,0,62,38,-0.5665100572431455,-1.2193179754481727
83,1568880000,122,191,69,313,38,0.3081549112654511,-0.8147463369874325
83,1568894400,578,830,252,1408,38,2.6279185233969464,0.9502175837875095
83,1568908800,894,369,0,1263,38,-0.5665100572431455,0.716500900214572
83,1568923200,1579,457,0,2036,38,-0.5665100572431455,1.9624525995378874
83,1568937600,710,91,0,801,38,-0.5665100572431455,-0.02816880882471859
83,1568952000,58,24,0,82,38,-0.5665100572431455,-1.1870811915070778
83,1568966400,104,240,136,344,38,1.1574672719911898,-0.7647793218787355
83,1568980800,508,732,224,1240,38,2.272982014436936,0.679428598682313
83,1568995200,864,368,0,1232,38,-0.5665100572431455,0.6665338851058751
83,1569009600,1458,362,0,1820,38,-0.5665100572431455,1.614295332974063
83,1569024000,516,122,0,638,38,-0.5665100572431455,-0.29089859794464146
83,1569038400,87,34,0,121,38,-0.5665100572431455,-1.1242194628219428
83,1569052800,41,81,40,122,38,-0.0594579015859881,-1.122607623624888
83,1569067200,220,315,95,535,38,0.6377388124426034,-0.45691803524127983
83,1569081600,582,346,0,928,38,-0.5665100572431455,0.1765347692012336
83,1569096000,660,265,0,925,38,-0.5665100572431455,0.17169925161006938
83,1569110400,377,284,0,661,38,-0.5665100572431455,-0.2538262964123824
83,1569124800,93,59,0,152,38,-0.5665100572431455,-1.0742524477132458
83,1569139200,24,66,42,90,38,-0.034105293803130224,-1.17418647793064
83,1569153600,152,205,53,357,38,0.10533404900258808,-0.7438254123170238
83,1569168000,507,305,0,812,38,-0.5665100572431455,-0.01043857765711643
83,1569182400,524,204,0,728,38,-0.5665100572431455,-0.14583307020971473
83,1569196800,259,82,0,341,38,-0.5665100572431455,-0.7696148394698997
83,1569211200,35,10,0,45,38,-0.5665100572431455,-1.2467192417981032
83,1569225600,115,213,98,328,38,0.6757677241168902,-0.7905687490316113
83,1569240000,578,889,311,1467,38,3.3758204529912534,1.0453160964137393
83,1569254400,837,393,0,1230,38,-0.5665100572431455,0.6633102067117655
83,1569268800,1675,403,0,2078,38,-0.5665100572431455,2.0301498458141864
83,1569283200,428,75,0,503,39,-0.6150472459625062,-0.4410842053151499
83,1569297600,51,11,0,62,39,-0.6150472459625062,-1.133319559564193
83,1569312000,134,236,102,370,39,0.5831621227066055,-0.6498535978664486
83,1569326400,617,915,298,1532,39,2.885603654659016,1.1741316212659507
83,1569340800,893,424,0,1317,39,-0.6150472459625062,0.8366472648860317
83,1569355200,1712,417,0,2129,39,-0.6150472459625062,2.1112393457255396
83,1569369600,468,96,0,564,39,-0.6150472459625062,-0.3453328297841031
83,1569384000,49,10,0,59,39,-0.6150472459625062,-1.1380286436067035
83,1569398400,114,260,146,374,39,1.1000367523285752,-0.6435748191431013
83,1569412800,633,870,237,1503,39,2.1690274635921947,1.1286104755216826
83,1569427200,725,436,0,1161,39,-0.6150472459625062,0.5917748946754858
83,1569441600,1674,419,0,2093,39,-0.6150472459625062,2.0547303372154135
83,1569456000,461,117,0,578,39,-0.6150472459625062,-0.32335710425238745
83,1569470400,65,10,0,75,39,-0.6150472459625062,-1.1129135287133143
83,1569484800,113,234,121,347,39,0.8063579854979106,-0.6859565755256958
83,1569499200,648,884,236,1532,39,2.1572803129189677,1.1741316212659507
83,1569513600,949,547,0,1496,39,-0.6150472459625062,1.1176226127558246
83,1569528000,1723,446,0,2169,39,-0.6150472459625062,2.174027132959013
83,1569542400,454,109,0,563,39,-0.6150472459625062,-0.34690252446493997
83,1569556800,61,19,0,80,39,-0.6150472459625062,-1.1050650553091301
83,1569571200,95,235,140,330,39,1.0295538482892157,-0.7126413850999219
83,1569585600,564,787,223,1351,39,2.004567354167022,0.890016884034484
83,1569600000,874,365,0,1239,39,-0.6150472459625062,0.7142110797807587
83,1569614400,1507,374,0,1881,39,-0.6150472459625062,1.721955064878005
83,1569628800,364,92,0,456,39,-0.6150472459625062,-0.5148598553144811
83,1569643200,78,28,0,106,39,-0.6150472459625062,-1.0642529936073724
83,1569657600,24,93,69,117,39,0.1955061504901282,-1.0469863521181673
83,1569672000,226,365,139,591,39,1.0178066976159892,-0.3029510734015087
83,1569686400,504,422,0,926,39,-0.6150472459625062,0.2228966446788302
83,1569700800,510,313,0,823,39,-0.6150472459625062,0.061218092552636466
83,1569715200,261,155,0,416,39,-0.6150472459625062,-0.5776476425479543
83,1569729600,57,22,0,79,39,-0.6150472459625062,-1.106634749989967
83,1569744000,19,51,32,70,39,-0.23913842441925545,-1.1207620021174984
83,1569758400,146,265,119,411,39,0.7828636841514574,-0.5854961159521385
83,1569772800,368,320,0,688,39,-0.6150472459625062,-0.15069068936033592
83,1569787200,377,275,0,652,39,-0.6150472459625062,-0.20719969787046189
83,1569801600,177,76,0,253,39,-0.6150472459625062,-0.833507875524358
83,1569816000,26,11,0,37,39,-0.6150472459625062,-1.1725619265851137
83,1569830400,83,192,109,275,39,0.6653921774191917,-0.7989745925459477
83,1569844800,453,681,228,1134,39,2.063303107533155,0.5493931382928914
83,1569859200,648,341,0,989,39,-0.6150472459625062,0.32178740957155066
83,1569873600,1291,306,0,1597,39,-0.6150472459625062,1.2761617755203447
83,1569888000,394,65,0,459,40,-0.5153726707752563,-0.4910992204984058
83,1569902400,35,12,0,47,40,-0.5153726707752563,-1.1358136512323724
83,1569916800,102,190,88,292,40,0.594014278080508,-0.7524276426648437
83,1569931200,516,740,224,1256,40,2.308521380857598,0.7560789379845344
83,1569945600,663,369,0,1032,40,-0.5153726707752563,0.40555458729422245
83,1569960000,1512,283,0,1795,40,-0.5153726707752563,1.5995281568330975
83,1569974400,501,95,0,596,40,-0.5153726707752563,-0.276716023870849
83,1569988800,38,13,0,51,40,-0.5153726707752563,-1.1295542878271883
83,1570003200,107,233,126,340,40,1.0730677332682244,-0.677315281802634
83,1570017600,615,840,225,1455,40,2.3211280507309593,1.0674822673924453
83,1570032000,917,447,0,1364,40,-0.5153726707752563,0.9250817499245062
83,1570046400,1677,394,0,2071,40,-0.5153726707752563,2.031424231790803
83,1570060800,602,95,0,697,40,-0.5153726707752563,-0.1186670978899494
83,1570075200,50,13,0,63,40,-0.5153726707752563,-1.110776197611636
83,1570089600,106,203,97,309,40,0.7074743069407566,-0.7258253481928111
83,1570104000,604,891,287,1495,40,3.1027415828793385,1.1300759014442867
83,1570118400,843,424,0,1267,40,-0.5153726707752563,0.7732921873487908
83,1570132800,1699,414,0,2113,40,-0.5153726707752563,2.0971475475452364
83,1570147200,668,116,0,784,40,-0.5153726707752563,0.01747405617280567
83,1570161600,58,16,0,74,40,-0.5153726707752563,-1.0935629482473794
83,1570176000,113,228,115,341,40,0.9343943646612539,-0.675750440951338
83,1570190400,584,755,171,1339,40,1.6403678775694674,0.8859607286421053
83,1570204800,891,429,0,1320,40,-0.5153726707752563,0.8562287524674806
83,1570219200,1519,370,0,1889,40,-0.5153726707752563,1.7466231968549246
83,1570233600,494,111,0,605,40,-0.5153726707752563,-0.2626324562091847
83,1570248000,72,28,0,100,40,-0.5153726707752563,-1.0528770861136825
83,1570262400,23,44,21,67,40,-0.2506326034346762,-1.1045168342064517
83,1570276800,209,207,0,416,40,-0.5153726707752563,-0.5583873771041353
83,1570291200,513,225,0,738,40,-0.5153726707752563,-0.05450862298681196
83,1570305600,578,208,0,786,40,-0.5153726707752563,0.02060373787539774
83,1570320000,267,132,0,399,40,-0.5153726707752563,-0.584989671576168
83,1570334400,69,29,0,98,40,-0.5153726707752563,-1.0560067678162746
83,1570348800,21,33,12,54,40,-0.3640926322949248,-1.1248597652733001
83,1570363200,168,138,0,306,40,-0.5153726707752563,-0.7305198707466992
83,1570377600,350,178,0,528,40,-0.5153726707752563,-0.3831252017589794
83,1570392000,443,200,0,643,40,-0.5153726707752563,-0.20316850385993532
83,1570406400,191,50,0,241,40,-0.5153726707752563,-0.8322345260809415
83,1570420800,28,9,0,37,40,-0.5153726707752563,-1.1514620597453327
83,1570435200,116,209,93,325,40,0.6570476274473128,-0.7007878945720746
83,1570449600,562,820,258,1382,40,2.737148156551871,0.9532488852478348
83,1570464000,802,361,0,1163,40,-0.5153726707752563,0.6105487388140031
83,1570478400,1702,420,0,2122,40,-0.5153726707752563,2.111231115206901
83,1570492800,396,97,0,493,41,-0.5848888933270802,-0.3592631801505213
83,1570507200,0,2,2,2,41,-0.5563079351889332,-1.1813587528384986
83,1570521600,132,195,63,327,41,0.31541128802455104,-0.6372018055399392
83,1570536000,574,821,247,1395,41,2.944859436734077,1.1509816397365569
83,1570550400,766,330,0,1096,41,-0.5848888933270802,0.6503572482218825
83,1570564800,1517,324,0,1841,41,-0.5848888933270802,1.8977324043370416
83,1570579200,256,54,0,310,41,-0.5848888933270802,-0.6656653997063254
83,1570593600,1,5,4,6,41,-0.5277269770507861,-1.1746614365640546
83,1570608000,82,194,112,276,41,1.0156447624091531,-0.7225925880390978
83,1570622400,546,715,169,1261,41,1.830202069346343,0.9266215445426894
83,1570636800,646,368,0,1014,41,-0.5848888933270802,0.5130622645957844
83,1570651200,1327,311,0,1638,41,-0.5848888933270802,1.5578436034090182
83,1570665600,232,58,0,290,41,-0.5848888933270802,-0.6991519810785445
83,1570680000,1,3,2,4,41,-0.5563079351889332,-1.1780100947012766
83,1570694400,122,226,104,348,41,0.901320929856565,-0.6020408950991092
83,1570708800,590,842,252,1432,41,3.0163118320794444,1.2129318152751623
83,1570723200,859,422,0,1281,41,-0.5848888933270802,0.9601081259149085
83,1570737600,1660,439,0,2099,41,-0.5848888933270802,2.329709304038667
83,1570752000,420,64,0,484,41,-0.5848888933270802,-0.3743321417680198
83,1570766400,0,3,3,3,41,-0.5420174561198596,-1.1796844237698876
83,1570780800,108,200,92,308,41,0.7298351810276829,-0.6690140578435473
83,1570795200,678,700,22,1378,41,-0.2704983538074629,1.1225180455701709
83,1570809600,943,365,0,1308,41,-0.5848888933270802,1.0053150107674043
83,1570824000,1667,345,0,2012,41,-0.5848888933270802,2.1840426750695143
83,1570838400,309,118,0,427,41,-0.5848888933270802,-0.4697688986788441
83,1570852800,56,16,0,72,41,-0.5848888933270802,-1.064155718035732
83,1570867200,23,93,70,116,41,0.4154446415080656,-0.99048523901685
83,1570881600,208,391,183,599,41,2.030268776313372,-0.18178429887776043
83,1570896000,477,391,0,868,41,-0.5848888933270802,0.2686102205785855
83,1570910400,469,311,0,780,41,-0.5848888933270802,0.12126926254082179
83,1570924800,260,138,0,398,41,-0.5848888933270802,-0.5183244416685616
83,1570939200,45,32,0,77,41,-0.5848888933270802,-1.055784072692677
83,1570953600,21,57,36,78,41,-0.07043164684043376,-1.054109743624066
83,1570968000,133,294,161,427,41,1.715878236793755,-0.4697688986788441
83,1570982400,354,334,0,688,41,-0.5848888933270802,-0.03276901177138574
83,1570996800,436,203,0,639,41,-0.5848888933270802,-0.11481113613332236
83,1571011200,180,65,0,245,41,-0.5848888933270802,-0.7744967891660373
83,1571025600,24,5,0,29,41,-0.5848888933270802,-1.1361518679860028
83,1571040000,69,139,70,208,41,0.4154446415080656,-0.8364469647046424
83,1571054400,459,586,127,1045,41,1.2300019484452558,0.5649664657227239
83,1571068800,657,340,0,997,41,-0.5848888933270802,0.48459867042939825
83,1571083200,1123,296,0,1419,41,-0.5848888933270802,1.1911655373832197
83,1571097600,369,73,0,442,42,-0.5876030840655659,-0.5249256823104346
83,1571112000,33,11,0,44,42,-0.5876030840655659,-1.1277049435250548
83,1571126400,114,223,109,337,42,0.8237541661191984,-0.6839503617766032
83,1571140800,580,855,275,1435,42,2.973160620529023,0.9789934292124743
83,1571155200,860,424,0,1284,42,-0.5876030840655659,0.7503007949325557
83,1571169600,1648,405,0,2053,42,-0.5876030840655659,1.9149672569276384
83,1571184000,414,71,0,485,42,-0.5876030840655659,-0.45980128976714646
83,1571198400,0,1,1,1,42,-0.5746548524124947,-1.1928293360683428
83,1571212800,109,228,119,337,42,0.9532364826499107,-0.6839503617766032
83,1571227200,617,810,193,1427,42,1.9114056249771818,0.9668772631579091
83,1571241600,921,405,0,1326,42,-0.5876030840655659,0.8139106667190231
83,1571256000,1683,405,0,2088,42,-0.5876030840655659,1.9679754834163612
83,1571270400,347,66,0,413,42,-0.5876030840655659,-0.5688467842582335
83,1571284800,1,1,0,2,42,-0.5876030840655659,-1.191314815311522
83,1571299200,112,216,104,328,42,0.7590130078538423,-0.6975810485879891
83,1571313600,638,833,195,1471,42,1.9373020882833243,1.0335161764580179
83,1571328000,921,419,0,1340,42,-0.5876030840655659,0.8351139573145123
83,1571342400,1651,487,0,2138,42,-0.5876030840655659,2.0437015212573937
83,1571356800,402,59,0,461,42,-0.5876030840655659,-0.49614978793084213
83,1571371200,0,2,2,2,42,-0.5617066207594235,-1.191314815311522
83,1571385600,89,221,132,310,42,1.1215634941398367,-0.7248424222107609
83,1571400000,582,768,186,1350,42,1.8207680034056832,0.8502591648827188
83,1571414400,931,392,0,1323,42,-0.5876030840655659,0.8093671044485612
83,1571428800,1493,374,0,1867,42,-0.5876030840655659,1.6332663961589966
83,1571443200,432,113,0,545,42,-0.5876030840655659,-0.36893004435790727
83,1571457600,52,25,0,77,42,-0.5876030840655659,-1.077725758549973
83,1571472000,26,69,43,95,42,-0.030829122983502915,-1.0504643849272013
83,1571486400,225,324,99,549,42,0.6942718495884861,-0.36287196133062466
83,1571500800,570,322,0,892,42,-0.5876030840655659,0.15660865825885953
83,1571515200,657,272,0,929,42,-0.5876030840655659,0.2126459262612237
83,1571529600,297,140,0,437,42,-0.5876030840655659,-0.5324982860945379
83,1571544000,82,32,0,114,42,-0.5876030840655659,-1.021688490547609
83,1571558400,19,51,32,70,42,-0.17325967116728647,-1.0883274038477178
83,1571572800,166,228,62,394,42,0.2151872784248505,-0.5976226786378259
83,1571587200,497,279,0,776,42,-0.5876030840655659,-0.019075749532336293
83,1571601600,453,255,0,708,42,-0.5876030840655659,-0.12206316099614073
83,1571616000,216,67,0,283,42,-0.5876030840655659,-0.7657344826449185
83,1571630400,28,9,0,37,42,-0.5876030840655659,-1.1383065888227992
83,1571644800,108,190,82,298,42,0.4741519114862751,-0.7430166712926087
83,1571659200,541,813,272,1354,42,2.934315925569809,0.8563172479100014
83,1571673600,844,398,0,1242,42,-0.5876030840655659,0.6866909231460883
83,1571688000,1654,403,0,2057,42,-0.5876030840655659,1.9210253399549209
83,1571702400,378,61,0,439,43,-0.5503556359500047,-0.5223686248653685
83,1571716800,0,2,2,2,43,-0.5199212229020782,-1.1728132477133315
83,1571731200,120,169,49,289,43,0.19528748372419527,-0.745633369550024
83,1571745600,588,837,249,1425,43,3.2387287885168483,0.9452249635284334
83,1571760000,768,390,0,1158,43,-0.5503556359500047,0.5478137179897467
83,1571774400,1725,416,0,2141,43,-0.5503556359500047,2.0109420114898557
83,1571788800,396,59,0,455,43,-0.5503556359500047,-0.49855371876567195
83,1571803200,1,4,3,5,43,-0.5047040163781149,-1.1683479528196383
83,1571817600,136,198,62,334,43,0.3931111685357177,-0.6786539461446274
83,1571832000,654,828,174,1482,43,2.0974382992196037,1.0300655665086025
83,1571846400,919,404,0,1323,43,-0.5503556359500047,0.7934049371428677
83,1571860800,1763,497,0,2260,43,-0.5503556359500047,2.188065375606349
83,1571875200,447,57,0,504,43,-0.5503556359500047,-0.42562056883535115
83,1571889600,1,1,0,2,43,-0.5503556359500047,-1.1728132477133315
83,1571904000,111,196,85,307,43,0.7431069185868728,-0.7188416001878654
83,1571918400,621,822,201,1443,43,2.5083028753666117,0.9720167328905921
83,1571932800,896,454,0,1350,43,-0.5503556359500047,0.8335925911861057
83,1571947200,1690,451,0,2141,43,-0.5503556359500047,2.0109420114898557
83,1571961600,366,58,0,424,43,-0.5503556359500047,-0.5446950993338341
83,1571976000,1,2,1,3,43,-0.5351384294260414,-1.1713248160821004
83,1571990400,93,203,110,296,43,1.1235370816859545,-0.7352143481314067
83,1572004800,578,704,126,1282,43,1.3670123860693668,0.7323792402623952
83,1572019200,924,406,0,1330,43,-0.5503556359500047,0.8038239585614849
83,1572033600,1431,392,0,1823,43,-0.5503556359500047,1.5376207527583858
83,1572048000,493,159,0,652,43,-0.5503556359500047,-0.20533268741315777
83,1572062400,55,23,0,78,43,-0.5503556359500047,-1.0596924437397728
83,1572076800,27,70,43,97,43,0.10398424458041568,-1.031412242746383
83,1572091200,259,268,9,527,43,-0.4134007772343353,-0.3913866413170373
83,1572105600,628,372,0,1000,43,-0.5503556359500047,0.31264152025524294
83,1572120000,708,275,0,983,43,-0.5503556359500047,0.2873381825243153
83,1572134400,351,129,0,480,43,-0.5503556359500047,-0.461342927984896
83,1572148800,72,38,0,110,43,-0.5503556359500047,-1.0120626315403796
83,1572163200,31,47,16,78,43,-0.30688033156659245,-1.0596924437397728
83,1572177600,145,219,74,364,43,0.5757176468232769,-0.6340009972076963
83,1572192000,379,276,0,655,43,-0.5503556359500047,-0.20086739251946464
83,1572206400,442,206,0,648,43,-0.5503556359500047,-0.2112864139380819
83,1572220800,219,69,0,288,43,-0.5503556359500047,-0.747121801181255
83,1572235200,21,14,0,35,43,-0.5503556359500047,-1.1236950038827072
83,1572249600,111,219,108,330,43,1.093102668638028,-0.6846076726695515
83,1572264000,579,786,207,1365,43,2.599606114510391,0.8559190656545712
83,1572278400,791,394,0,1185,43,-0.5503556359500047,0.5880013720329846
83,1572292800,1629,456,0,2085,43,-0.5503556359500047,1.9275898401409175
83,1572307200,538,75,0,613,44,-0.5188820764473855,-0.3477213367160728
83,1572321600,42,20,0,62,44,-0.5188820764473855,-1.2338740344480201
83,1572336000,131,193,62,324,44,0.2867903847108729,-0.8125092308077839
83,1572350400,605,886,281,1491,44,3.132633432995689,1.064333234261513
83,1572364800,841,407,0,1248,44,-0.5188820764473855,0.6735254201982405
83,1572379200,1786,413,0,2199,44,-0.5188820764473855,2.2029831616557396
83,1572393600,624,119,0,743,44,-0.5188820764473855,-0.13864719750526852
83,1572408000,55,12,0,67,44,-0.5188820764473855,-1.2258327214014508
83,1572422400,129,203,74,332,44,0.4427269900963423,-0.7996431299332729
83,1572436800,617,851,234,1468,44,2.521881728569267,1.027343194247294
83,1572451200,857,412,0,1269,44,-0.5188820764473855,0.7072989349938319
83,1572465600,1694,386,0,2080,44,-0.5188820764473855,2.0115999111473877
83,1572480000,676,82,0,758,44,-0.5188820764473855,-0.11452325836556033
83,1572494400,47,11,0,58,44,-0.5188820764473855,-1.2403070848852757
83,1572508800,110,198,88,308,44,0.6246530297127233,-0.8382414325568059
83,1572523200,597,808,211,1405,44,2.2230032349137843,0.9260226498605195
83,1572537600,805,416,0,1221,44,-0.5188820764473855,0.6301023297467657
83,1572552000,1514,365,0,1879,44,-0.5188820764473855,1.6883391266752983
83,1572566400,802,104,0,906,44,-0.5188820764473855,0.12349960781289378
83,1572580800,109,28,0,137,44,-0.5188820764473855,-1.1132543387494793
83,1572595200,96,216,120,312,44,1.0404839774073082,-0.8318083821195504
83,1572609600,569,727,158,1296,44,1.534283227794628,0.7507220254453066
83,1572624000,827,420,0,1247,44,-0.5188820764473855,0.6719171575889266
83,1572638400,1472,372,0,1844,44,-0.5188820764473855,1.6320499353493123
83,1572652800,499,150,0,649,44,-0.5188820764473855,-0.28982388278077315
83,1572667200,112,37,0,149,44,-0.5188820764473855,-1.0939551874377127
83,1572681600,31,89,58,120,44,0.2348115162490498,-1.1405948031078152
83,1572696000,283,376,93,659,44,0.6896266152900021,-0.2737412566876344
83,1572710400,636,347,0,983,44,-0.5188820764473855,0.24733582873006246
83,1572724800,753,304,0,1057,44,-0.5188820764473855,0.3663472618192895
83,1572739200,338,131,0,469,44,-0.5188820764473855,-0.5793111524572714
83,1572750000,82,29,0,111,44,-0.5188820764473855,-1.1550691665916402
83,1572764400,31,23,0,54,44,-0.5188820764473855,-1.2467401353225314
83,1572778800,197,210,13,407,44,-0.34995075394646036,-0.6790234342347319
83,1572793200,509,365,0,874,44,-0.5188820764473855,0.07203520431484964
83,1572807600,545,308,0,853,44,-0.5188820764473855,0.03826168951925818
83,1572822000,272,106,0,378,44,-0.5188820764473855,-0.7256630499048344
83,1572836400,61,20,0,81,44,-0.5188820764473855,-1.2033170448710566
83,1572850800,27,81,54,108,44,0.1828326477872267,-1.1598939544195819
83,1572865200,560,831,271,1391,44,3.002686261841131,0.9035069733301252
83,1572879600,730,374,0,1104,44,-0.5188820764473855,0.44193560445704183
83,1572894000,1581,429,0,2010,44,-0.5188820764473855,1.8990215284954164
83,1572908400,825,107,0,932,44,-0.5188820764473855,0.16531443565505463
83,1572922800,81,17,0,98,45,-0.5207265649637041,-1.1273609867525758
83,1572937200,26,78,52,104,45,0.2319318188091151,-1.117837186261069
83,1572951600,580,836,256,1416,45,3.1846685551486362,0.9647005212150941
83,1572966000,735,461,0,1196,45,-0.5207265649637041,0.6154945031931764
83,1572980400,1610,475,0,2085,45,-0.5207265649637041,2.026604276018107
83,1572994800,929,140,0,1069,45,-0.5207265649637041,0.41390739278961497
83,1573009200,101,21,0,122,45,-0.5207265649637041,-1.0892657847865486
83,1573023600,30,83,53,113,45,0.24640601849705393,-1.1035514855238087
83,1573038000,626,869,243,1495,45,2.9965039592054317,1.0900972276866008
83,1573052400,779,421,0,1200,45,-0.5207265649637041,0.6218437035208477
83,1573066800,1581,438,0,2019,45,-0.5207265649637041,1.9218424706115318
83,1573081200,955,132,0,1087,45,-0.5207265649637041,0.4424787942641355
83,1573095600,102,18,0,120,45,-0.5207265649637041,-1.092440384950384
83,1573110000,24,91,67,115,45,0.4490448141281975,-1.1003768853599731
83,1573124400,599,845,246,1444,45,3.039926558269248,1.0091449235087926
83,1573138800,776,377,0,1153,45,-0.5207265649637041,0.5472405996707108
83,1573153200,1628,481,0,2109,45,-0.5207265649637041,2.0646994779841346
83,1573167600,950,116,0,1066,45,-0.5207265649637041,0.4091454925438615
83,1573182000,113,30,0,143,45,-0.5207265649637041,-1.0559324830662744
83,1573196400,25,81,56,106,45,0.2898286175608704,-1.1146625860972335
83,1573210800,548,655,107,1203,45,1.0280128016457506,0.6266056037666011
83,1573225200,763,420,0,1183,45,-0.5207265649637041,0.594859602128245
83,1573239600,1409,432,0,1841,45,-0.5207265649637041,1.639303056030162
83,1573254000,627,209,0,836,45,-0.5207265649637041,0.044066473702765875
83,1573268400,128,35,0,163,45,-0.5207265649637041,-1.0241864814279185
83,1573282800,18,40,22,58,45,-0.20229417182904982,-1.1908529900292881
83,1573297200,151,282,131,433,45,1.3753935941562825,-0.5956154593101104
83,1573311600,520,363,0,883,45,-0.5207265649637041,0.11866957755290282
83,1573326000,630,339,0,969,45,-0.5207265649637041,0.25517738459783423
83,1573340400,333,145,0,478,45,-0.5207265649637041,-0.5241869556238091
83,1573354800,134,45,0,179,45,-0.5207265649637041,-0.9987896801172335
83,1573369200,16,23,7,39,45,-0.41940716714813225,-1.2210116915857265
83,1573383600,93,169,76,262,45,0.5793126113196471,-0.8670437733180555
83,1573398000,402,353,0,755,45,-0.5207265649637041,-0.0845048329325765
83,1573412400,533,264,0,797,45,-0.5207265649637041,-0.017838229492028606
83,1573426800,317,93,0,410,45,-0.5207265649637041,-0.63212336119422
83,1573441200,60,22,0,82,45,-0.5207265649637041,-1.1527577880632607
83,1573455600,23,84,61,107,45,0.36219961600056455,-1.1130752860153155
83,1573470000,620,754,134,1374,45,1.418816193220099,0.8980339177745461
83,1573484400,699,399,0,1098,45,-0.5207265649637041,0.45993909516523135
83,1573498800,1201,413,0,1614,45,-0.5207265649637041,1.2789859374348198
83,1573513200,778,144,0,922,45,-0.5207265649637041,0.1805742807476973
83,1573527600,88,15,0,103,46,-0.49255061754676277,-1.1240773324582787
83,1573542000,21,88,67,109,46,0.22153358532628742,-1.1146256311643352
83,1573556400,599,928,329,1527,46,3.0139225577552295,1.1191264413043085
83,1573570800,686,420,0,1106,46,-0.49255061754676277,0.45593206717927387
83,1573585200,1580,425,0,2005,46,-0.49255061754676277,1.8721119777218063
83,1573599600,887,147,0,1034,46,-0.49255061754676277,0.342511651651952
83,1573614000,101,31,0,132,46,-0.49255061754676277,-1.078394109537552
83,1573628400,34,83,49,117,46,0.029690068136512735,-1.1020233627724105
83,1573642800,571,903,332,1474,46,3.045896477286859,1.0356364132078075
83,1573657200,699,445,0,1144,46,-0.49255061754676277,0.5157928420409159
83,1573671600,1463,478,0,1941,46,-0.49255061754676277,1.771293830586409
83,1573686000,801,157,0,958,46,-0.49255061754676277,0.22279010192866788
83,1573700400,103,24,0,127,46,-0.49255061754676277,-1.0862705272825048
83,1573714800,34,87,53,121,46,0.07232196084535156,-1.0957222285764483
83,1573729200,622,868,246,1490,46,2.129310784046824,1.060840949991657
83,1573743600,777,432,0,1209,46,-0.49255061754676277,0.6181862727253037
83,1573758000,1576,435,0,2011,46,-0.49255061754676277,1.8815636790157497
83,1573772400,916,187,0,1103,46,-0.49255061754676277,0.45120621653230214
83,1573786800,126,27,0,153,46,-0.49255061754676277,-1.0453131550087498
83,1573801200,23,78,55,101,46,0.09363790719977096,-1.12722789955626
83,1573815600,533,793,260,1326,46,2.2785224085277602,0.8024944479572017
83,1573830000,720,424,0,1144,46,-0.49255061754676277,0.5157928420409159
83,1573844400,1426,411,0,1837,46,-0.49255061754676277,1.6074643414913885
83,1573858800,690,172,0,862,46,-0.49255061754676277,0.07156288122557213
83,1573873200,148,34,0,182,46,-0.49255061754676277,-0.9996299320880229
83,1573887600,21,26,5,47,46,-0.4392607516607142,-1.2122932112017513
83,1573902000,169,281,112,450,46,0.701142378300724,-0.5774539409585472
83,1573916400,570,373,0,943,46,-0.49255061754676277,0.19916084869380918
83,1573930800,670,320,0,990,46,-0.49255061754676277,0.27319917549636646
83,1573945200,374,215,0,589,46,-0.49255061754676277,-0.35848952764885644
83,1573959600,101,45,0,146,46,-0.49255061754676277,-1.0563401398516838
83,1573974000,13,12,0,25,46,-0.49255061754676277,-1.246949449279544
83,1573988400,105,196,91,301,46,0.4773249415793203,-0.8121711897581437
83,1574002800,359,291,0,650,46,-0.49255061754676277,-0.262397231160431
83,1574017200,544,281,0,825,46,-0.49255061754676277,0.013277389912920635
83,1574031600,294,108,0,402,46,-0.49255061754676277,-0.6530675513100951
83,1574046000,71,12,0,83,46,-0.49255061754676277,-1.1555830034380903
83,1574060400,20,89,69,109,46,0.2428495316807068,-1.1146256311643352
83,1574074800,622,895,273,1517,46,2.417076059831486,1.1033736058144026
83,1574089200,625,411,0,1036,46,-0.49255061754676277,0.3456622187499332
83,1574103600,1540,413,0,1953,46,-0.49255061754676277,1.7901972331742961
83,1574118000,790,124,0,914,46,-0.49255061754676277,0.15347762577308233
83,1574132400,68,19,0,87,47,-0.5362988496441159,-1.1191547079566313
83,1574146800,31,95,64,126,47,0.14561756844641555,-1.0592313485282525
83,1574161200,626,885,259,1511,47,2.223331654816003,1.068816159376992
83,1574175600,678,422,0,1100,47,-0.5362988496441159,0.43731614078561615
83,1574190000,1566,427,0,1993,47,-0.5362988496441159,1.8094074220559293
83,1574204400,901,138,0,1039,47,-0.5362988496441159,0.3435898606540494
83,1574218800,110,20,0,130,47,-0.5362988496441159,-1.0530853629458548
83,1574233200,25,81,56,106,47,0.06037801618509911,-1.0899612764402418
83,1574247600,575,885,310,1460,47,2.7667338004818958,0.9904548432014197
83,1574262000,700,413,0,1113,47,-0.5362988496441159,0.45729059392840904
83,1574276400,1535,450,0,1985,47,-0.5362988496441159,1.7971154508911336
83,1574290800,900,152,0,1052,47,-0.5362988496441159,0.36356431379684234
83,1574305200,103,23,0,126,47,-0.5362988496441159,-1.0592313485282525
83,1574319600,24,80,56,104,47,0.06037801618509911,-1.0930342692314405
83,1574334000,616,923,307,1539,47,2.7347689683839023,1.1118380584537766
83,1574348400,754,432,0,1186,47,-0.5362988496441159,0.5694548308071692
83,1574362800,1585,464,0,2049,47,-0.5362988496441159,1.8954512202094986
83,1574377200,958,154,0,1112,47,-0.5362988496441159,0.4557540975328096
83,1574391600,111,32,0,143,47,-0.5362988496441159,-1.0331109098030617
83,1574406000,21,80,59,101,47,0.09234284828309276,-1.097643758418239
83,1574420400,531,774,243,1305,47,2.0528525502933705,0.7522979018835043
83,1574434800,759,379,0,1138,47,-0.5362988496441159,0.49570300381839544
83,1574449200,1417,421,0,1838,47,-0.5362988496441159,1.5712504807380137
83,1574463600,634,157,0,791,47,-0.5362988496441159,-0.037461245454615315
83,1574478000,130,45,0,175,47,-0.5362988496441159,-0.9839430251438793
83,1574492400,13,32,19,45,47,-0.33385491302348935,-1.1836875565718084
83,1574506800,155,251,96,406,47,0.48657577749168124,-0.6290123577604053
83,1574521200,497,357,0,854,47,-0.5362988496441159,0.05933802746815032
83,1574535600,657,323,0,980,47,-0.5362988496441159,0.2529365733136816
83,1574550000,392,181,0,573,47,-0.5362988496441159,-0.3724174596952964
83,1574564400,109,32,0,141,47,-0.5362988496441159,-1.0361839025942607
83,1574578800,13,26,13,39,47,-0.3977845772194767,-1.192906534945405
83,1574593200,77,162,85,239,47,0.36937139313237116,-0.8856072558255143
83,1574607600,323,222,0,545,47,-0.5362988496441159,-0.41543935877208116
83,1574622000,415,263,0,678,47,-0.5362988496441159,-0.21108533815735367
83,1574636400,263,79,0,342,47,-0.5362988496441159,-0.7273481270787704
83,1574650800,69,14,0,83,47,-0.5362988496441159,-1.125300693539029
83,1574665200,27,80,53,107,47,0.02841318408710545,-1.0884247800446423
83,1574679600,542,835,293,1377,47,2.585599751926598,0.862925642366665
83,1574694000,698,899,201,1597,47,1.6053449009214593,1.2009548493985451
83,1574708400,1535,432,0,1967,47,-0.5362988496441159,1.7694585157703433
83,1574722800,811,153,0,964,47,-0.5362988496441159,0.2283526309840903
83,1574737200,81,26,0,107,48,-0.41626305725302254,-0.9004802206153283
83,1574751600,29,74,45,103,48,0.4007018214678629,-0.9081567151128863
83,1574766000,557,751,194,1308,48,3.105763308788128,1.404387252276456
83,1574780400,754,422,0,1176,48,-0.41626305725302254,1.1510629338570426
83,1574794800,1579,439,0,2018,48,-0.41626305725302254,2.766965025592998
83,1574809200,833,154,0,987,48,-0.41626305725302254,0.788348568847428
83,1574823600,73,27,0,100,48,-0.41626305725302254,-0.9139140859860548
83,1574838000,119,67,0,186,48,-0.41626305725302254,-0.7488694542885581
83,1574852400,472,537,65,1009,48,0.7637973231215897,0.8305692885839968
83,1574866800,885,386,0,1271,48,-0.41626305725302254,1.3333796781740448
83,1574881200,1171,337,0,1508,48,-0.41626305725302254,1.7882119771543552
83,1574895600,550,124,0,674,48,-0.41626305725302254,0.18766287441351578
83,1574910000,83,50,0,133,48,-0.41626305725302254,-0.8505830063812014
83,1574924400,24,19,0,43,48,-0.41626305725302254,-1.023304132576256
83,1574938800,162,71,0,233,48,-0.41626305725302254,-0.6586706439422518
83,1574953200,268,158,0,426,48,-0.41626305725302254,-0.2882797844350792
83,1574967600,262,129,0,391,48,-0.41626305725302254,-0.35544911128871154
83,1574982000,109,67,0,176,48,-0.41626305725302254,-0.7680606905324531
83,1574996400,30,33,3,63,48,-0.3617987320049635,-0.9849216600884662
83,1575010800,7,38,31,45,48,0.14653497031025406,-1.019465885327477
83,1575025200,149,237,88,386,48,1.1813571500233755,-0.365044729410659
83,1575039600,489,272,0,761,48,-0.41626305725302254,0.35462662973540193
83,1575054000,694,302,0,996,48,-0.41626305725302254,0.8056206814669334
83,1575068400,363,111,0,474,48,-0.41626305725302254,-0.19616185046438336
83,1575082800,80,29,0,109,48,-0.41626305725302254,-0.8966419733665493
83,1575097200,14,30,16,44,48,-0.12578665593004104,-1.0213850089518666
83,1575111600,121,227,106,348,48,1.5081431015117297,-0.43797142713745985
83,1575126000,379,294,0,673,48,-0.41626305725302254,0.18574375078912628
83,1575140400,557,281,0,838,48,-0.41626305725302254,0.5023991488133931
83,1575154800,359,165,0,524,48,-0.41626305725302254,-0.10020566924490858
83,1575169200,95,36,0,131,48,-0.41626305725302254,-0.8544212536299804
83,1575183600,18,38,20,56,48,-0.05316755559929569,-0.9983555254591926
83,1575198000,102,161,59,263,48,0.6548686726254715,-0.601096935210567
83,1575212400,299,240,0,539,48,-0.41626305725302254,-0.07141881487906614
83,1575226800,332,226,0,558,48,-0.41626305725302254,-0.03495546601566572
83,1575241200,217,82,0,299,48,-0.41626305725302254,-0.5320084847325451
83,1575255600,53,15,0,68,48,-0.41626305725302254,-0.9753260419665186
83,1575270000,24,80,56,104,48,0.6004043473774126,-0.9062375914884968
83,1575284400,540,820,280,1360,48,4.667073965899153,1.50418168074471
83,1575298800,620,410,0,1030,48,-0.41626305725302254,0.8708708846961762
83,1575313200,1464,387,0,1851,48,-0.41626305725302254,2.4464713803199523
83,1575327600,698,134,0,832,48,-0.41626305725302254,0.4908844070670561
83,1575342000,99,27,0,126,49,-0.504089108310888,-1.1336780389764065
83,1575356400,29,83,54,112,49,0.10113804767063346,-1.1556992040161518
83,1575370800,616,866,250,1482,49,2.2978884656776373,0.9992290891589147
83,1575385200,704,461,0,1165,49,-0.504089108310888,0.500606995044684
83,1575399600,1453,440,0,1893,49,-0.504089108310888,1.6457075771114347
83,1575414000,902,166,0,1068,49,-0.504089108310888,0.34803178012644936
83,1575428400,106,19,0,125,49,-0.504089108310888,-1.1352509793363883
83,1575442800,22,91,69,113,49,0.269256702109945,-1.15412626365617
83,1575457200,597,908,311,1505,49,2.9815709937308377,1.0354067174384962
83,1575471600,691,435,0,1126,49,-0.504089108310888,0.4392623210053938
83,1575486000,1473,465,0,1938,49,-0.504089108310888,1.7164898933106156
83,1575500400,921,171,0,1092,49,-0.504089108310888,0.3857823487660126
83,1575514800,162,20,0,182,49,-0.504089108310888,-1.0455933788174256
83,1575529200,24,85,61,109,49,0.1795934197423122,-1.1604180250960971
83,1575543600,638,865,227,1503,49,2.040106528870693,1.0322608367185326
83,1575558000,729,414,0,1143,49,-0.504089108310888,0.4660023071250844
83,1575572400,1658,491,0,2149,49,-0.504089108310888,2.0483803092667756
83,1575586800,922,178,0,1100,49,-0.504089108310888,0.398365871645867
83,1575601200,134,49,0,183,49,-0.504089108310888,-1.0440204384574439
83,1575615600,24,87,63,111,49,0.20200924033422038,-1.1572721443761336
83,1575630000,536,829,293,1365,49,2.779828608403664,0.815195067041044
83,1575644400,768,395,0,1163,49,-0.504089108310888,0.4974611143247204
83,1575658800,1467,419,0,1886,49,-0.504089108310888,1.6346969945915621
83,1575673200,716,214,0,930,49,-0.504089108310888,0.13096601044896095
83,1575687600,151,38,0,189,49,-0.504089108310888,-1.0345827962975531
83,1575702000,35,39,4,74,49,-0.45925746712707166,-1.2154709376954602
83,1575716400,166,305,139,471,49,1.053810422826732,-0.5910136147826854
83,1575730800,542,439,0,981,49,-0.504089108310888,0.21118596880803275
83,1575745200,808,369,0,1177,49,-0.504089108310888,0.5194822793644657
83,1575759600,477,201,0,678,49,-0.504089108310888,-0.2654149602664527
83,1575774000,162,57,0,219,49,-0.504089108310888,-0.9873945854980991
83,1575788400,20,27,7,47,49,-0.42563373623920936,-1.2579403274149688
83,1575802800,111,183,72,294,49,0.3028804329978073,-0.8694240584994641
83,1575817200,455,381,0,836,49,-0.504089108310888,-0.016890383389328294
83,1575831600,602,324,0,926,49,-0.504089108310888,0.12467424900903373
83,1575846000,337,107,0,444,49,-0.504089108310888,-0.6334830045021941
83,1575860400,63,13,0,76,49,-0.504089108310888,-1.2123250569754966
83,1575874800,26,83,57,109,49,0.13476177855849578,-1.1604180250960971
83,1575889200,573,855,282,1428,49,2.656541595148169,0.9142903097198976
83,1575903600,659,387,0,1046,49,-0.504089108310888,0.3134270922068498
83,1575918000,1541,479,0,2020,49,-0.504089108310888,1.8454710028291232
83,1575932400,839,140,0,979,49,-0.504089108310888,0.20804008808806915
83,1575946800,113,24,0,137,50,-0.49192383716533533,-1.0993923797151846
83,1575961200,25,81,56,106,50,0.1389403204207436,-1.1460150387728738
83,1575975600,600,874,274,1474,50,2.5948043624522654,0.9113977867406319
83,1575990000,742,482,0,1224,50,-0.49192383716533533,0.5354086007915263
83,1576004400,1580,441,0,2021,50,-0.49192383716533533,1.7340621255972748
83,1576018800,880,181,0,1061,50,-0.49192383716533533,0.2902636515527095
83,1576033200,117,27,0,144,50,-0.49192383716533533,-1.0888646825086097
83,1576047600,26,77,51,103,50,0.08261316349341513,-1.150526909004263
83,1576062000,648,902,254,1550,50,2.3694957347429515,1.02569849926916
83,1576076400,743,432,0,1175,50,-0.49192383716533533,0.4617147203455016
83,1576090800,1550,481,0,2031,50,-0.49192383716533533,1.749101693035239
83,1576105200,889,179,0,1068,50,-0.49192383716533533,0.3007913487592844
83,1576119600,157,23,0,180,50,-0.49192383716533533,-1.0347222397319384
83,1576134000,23,77,54,100,50,0.11640945764981221,-1.1550387792356522
83,1576148400,556,913,357,1469,50,3.529835167445918,0.9038780030216498
83,1576162800,784,444,0,1228,50,-0.49192383716533533,0.541424427766712
83,1576177200,1776,511,0,2287,50,-0.49192383716533533,2.134114619447123
83,1576191600,935,194,0,1129,50,-0.49192383716533533,0.3925327101308662
83,1576206000,173,28,0,201,50,-0.49192383716533533,-1.0031391481122136
83,1576220400,23,83,60,106,50,0.1840020459626064,-1.1460150387728738
83,1576234800,482,749,267,1231,50,2.515946342754005,0.5459362979981013
83,1576249200,729,459,0,1188,50,-0.49192383716533533,0.4812661580148551
83,1576263600,1454,462,0,1916,50,-0.49192383716533533,1.5761466674986504
83,1576278000,665,220,0,885,50,-0.49192383716533533,0.025567264644539178
83,1576292400,178,46,0,224,50,-0.49192383716533533,-0.9685481430048959
83,1576306800,18,27,9,45,50,-0.3905349546961441,-1.2377564001444554
83,1576321200,151,230,79,381,50,0.3980452422864546,-0.7324269342288576
83,1576335600,513,411,0,924,50,-0.49192383716533533,0.08422157765259965
83,1576350000,829,355,0,1184,50,-0.49192383716533533,0.4752503310396694
83,1576364400,496,182,0,678,50,-0.49192383716533533,-0.28575178132132023
83,1576378800,145,48,0,193,50,-0.49192383716533533,-1.015170802062585
83,1576393200,18,31,13,49,50,-0.3454732291542813,-1.2317405731692699
83,1576407600,132,225,93,357,50,0.5557612816829743,-0.7685218960799718
83,1576422000,524,347,0,871,50,-0.49192383716533533,0.0045118702313892665
83,1576436400,657,281,0,938,50,-0.49192383716533533,0.10527697206574956
83,1576450800,326,118,0,444,50,-0.49192383716533533,-0.637677659369683
83,1576465200,73,13,0,86,50,-0.49192383716533533,-1.1760941736488022
83,1576479600,21,85,64,106,50,0.22906377150446916,-1.1460150387728738
83,1576494000,558,761,203,1319,50,1.7949587340842008,0.6782844914521864
83,1576508400,719,687,0,1406,50,-0.49192383716533533,0.8091287281624752
83,1576522800,1339,865,0,2204,50,-0.49192383716533533,2.00928620971202
83,1576537200,744,289,0,1033,50,-0.49192383716533533,0.24815286272640966
83,1576551600,94,35,0,129,51,-0.49170695876590453,-1.0444804923622155
83,1576566000,26,130,104,156,51,0.20903030050787652,-1.0081716759171429
83,1576580400,624,1155,531,1779,51,3.086095778487728,1.17439162372555
83,1576594800,688,655,0,1343,51,-0.49170695876590453,0.5880714766866011
83,1576609200,1740,894,0,2634,51,-0.49170695876590453,2.3241708111528467
83,1576623600,868,315,0,1183,51,-0.49170695876590453,0.3729081199750602
83,1576638000,143,65,0,208,51,-0.49170695876590453,-0.9382435849858921
83,1576652400,28,131,103,159,51,0.20229244224562862,-1.0041373629788015
83,1576666800,579,1091,512,1670,51,2.958076471505018,1.0278115869658129
83,1576681200,801,686,0,1487,51,-0.49170695876590453,0.7817184977269879
83,1576695600,1897,907,0,2804,51,-0.49170695876590453,2.552781877658859
83,1576710000,816,307,0,1123,51,-0.49170695876590453,0.29222186120823235
83,1576724400,135,35,0,170,51,-0.49170695876590453,-0.9893448822048831
83,1576738800,21,110,89,131,51,0.1079624265741581,-1.0417909504033211
83,1576753200,528,1070,542,1598,51,3.1602122193724544,0.9309880764456194
83,1576767600,751,710,0,1461,51,-0.49170695876590453,0.7467544522613625
83,1576782000,1327,921,0,2248,51,-0.49170695876590453,1.8050892130862544
83,1576796400,671,299,0,970,51,-0.49170695876590453,0.08647190135282136
83,1576810800,145,40,0,185,51,-0.49170695876590453,-0.9691733175131761
83,1576825200,19,126,107,145,51,0.2292438752946202,-1.0229641566910614
83,1576839600,433,903,470,1336,51,2.675086424490606,0.5786580798304711
83,1576854000,737,709,0,1446,51,-0.49170695876590453,0.7265828875696555
83,1576868400,1251,849,0,2100,51,-0.49170695876590453,1.6060631081280792
83,1576882800,573,300,0,873,51,-0.49170695876590453,-0.043970883653550306
83,1576897200,150,83,0,233,51,-0.49170695876590453,-0.9046243104997139
83,1576911600,17,32,15,49,51,-0.3906390848321861,-1.152062170717986
83,1576926000,128,245,117,373,51,0.2966224579170992,-0.7163563733771156
83,1576940400,461,436,0,897,51,-0.49170695876590453,-0.011696380146819169
83,1576954800,662,538,0,1200,51,-0.49170695876590453,0.3957692266256614
83,1576969200,390,273,0,663,51,-0.49170695876590453,-0.32637278933744773
83,1576983600,100,69,0,169,51,-0.49170695876590453,-0.9906896531843302
83,1576998000,11,39,28,50,51,-0.3030469274229635,-1.1507173997385387
83,1577012400,132,204,72,336,51,-0.006581163884056119,-0.7661128996166594
83,1577026800,384,475,91,859,51,0.12143814309865389,-0.06279767736581013
83,1577041200,678,499,0,1177,51,-0.49170695876590453,0.3648394940983774
83,1577055600,316,220,0,536,51,-0.49170695876590453,-0.4971587037272333
83,1577070000,63,31,0,94,51,-0.49170695876590453,-1.091547476642865
83,1577084400,18,84,66,102,51,-0.04700831345754349,-1.080789308807288
83,1577089673,31,206,175,237,51,0.6874182371274771,-0.8992452265819254
83,1577098800,312,428,116,740,51,0.28988459965485125,-0.22282542392001867
83,1577113200,717,635,0,1352,51,-0.49170695876590453,0.6001744155016252
83,1577127600,1157,646,0,1803,51,-0.49170695876590453,1.2066661272322812
83,1577142000,492,245,0,737,51,-0.49170695876590453,-0.22685973685836006
83,1577156400,80,45,0,125,52,-0.4841935761138922,-0.9214185093671583
83,1577170800,13,75,62,88,52,0.3487313270739363,-1.0038837014975792
83,1577185200,257,442,185,699,52,2.0011468608175313,0.3579063631426153
83,1577199600,664,455,0,1119,52,-0.4841935761138922,1.293997733271718
83,1577214000,674,393,0,1067,52,-0.4841935761138922,1.1781007064938291
83,1577228400,241,140,0,381,52,-0.4841935761138922,-0.35084853138370525
83,1577242800,53,33,0,86,52,-0.4841935761138922,-1.008341279450575
83,1577257200,10,13,3,23,52,-0.44389075821770696,-1.1487549849699403
83,1577271600,83,94,11,177,52,-0.3364165771612129,-0.8055214825892694
83,1577286000,229,168,0,397,52,-0.4841935761138922,-0.3151879077597394
83,1577300400,288,266,0,554,52,-0.4841935761138922,0.03473196155042512
83,1577314800,116,133,17,249,52,-0.25581094136884247,-0.6450486762814233
83,1577329200,34,20,0,54,52,-0.4841935761138922,-1.0796625266985067
83,1577343600,20,61,41,81,52,0.06661160180063953,-1.0194852243330643
83,1577358000,216,441,225,657,52,2.5385177661000013,0.2642972261297051
83,1577372400,490,466,0,956,52,-0.4841935761138922,0.9307051301025663
83,1577386800,815,590,0,1405,52,-0.4841935761138922,1.9314313805501069
83,1577401200,373,191,0,564,52,-0.4841935761138922,0.057019851315403755
83,1577415600,89,43,0,132,52,-0.4841935761138922,-0.9058169865316732
83,1577430000,19,75,56,94,52,0.26812569128156577,-0.990510967638592
83,1577444400,224,489,265,713,52,3.0758886713824714,0.3891094088135854
83,1577458800,551,550,0,1101,52,-0.4841935761138922,1.2538795316947564
83,1577473200,896,629,0,1525,52,-0.4841935761138922,2.1988860577298506
83,1577487600,440,235,0,675,52,-0.4841935761138922,0.3044154277066666
