remote_unit_id,time_stamp,entries,exits,num_people_exited,sum_exit_entry,week_num,z_score_num_people_exited,z_score_sum_exit_entry
84,1546311600,498,273,0,771,1,-0.4076323812995012,-0.5580074752441352
84,1546326000,85,65,0,150,1,-0.4076323812995012,-1.150112884899039
84,1546340400,308,240,0,548,1,-0.4076323812995012,-0.7706314790332552
84,1546354800,586,727,141,1313,1,0.2896521253601308,-0.041226264240982434
84,1546369200,847,757,0,1604,1,-0.4076323812995012,0.23623375864078408
84,1546383600,450,260,0,710,1,-0.4076323812995012,-0.6161691982537151
84,1546398000,129,52,0,181,1,-0.4076323812995012,-1.1205552879597442
84,1546412400,139,258,119,397,1,0.18085596120047193,-0.9146055802536908
84,1546426800,1212,1784,572,2996,1,2.4210678868516298,1.5634652083020177
84,1546441200,1149,864,0,2013,1,-0.4076323812995012,0.6262033440656724
84,1546455600,2287,1034,0,3321,1,-0.4076323812995012,1.8733432407301074
84,1546470000,979,393,0,1372,1,-0.4076323812995012,0.01502851703057847
84,1546484400,204,76,0,280,1,-0.4076323812995012,-1.026161671927803
84,1546498800,137,253,116,390,1,0.1660201206332457,-0.9212798763367573
84,1546513200,1142,1922,780,3064,1,3.449686166179314,1.6283012273946642
84,1546527600,1115,810,0,1925,1,-0.4076323812995012,0.5422979075928358
84,1546542000,2327,1055,0,3382,1,-0.4076323812995012,1.9315049637396873
84,1546556400,1058,471,0,1529,1,-0.4076323812995012,0.16472344346507106
84,1546570800,218,62,0,280,1,-0.4076323812995012,-1.026161671927803
84,1546585200,130,255,125,385,1,0.21052764233492433,-0.9260472306818048
84,1546599600,1117,1775,658,2892,1,2.8463619831121147,1.464304237925029
84,1546614000,1019,805,0,1824,1,-0.4076323812995012,0.4459973498228756
84,1546628400,2127,1117,0,3244,1,-0.4076323812995012,1.7999259838163755
84,1546642800,989,453,0,1442,1,-0.4076323812995012,0.08177147786124395
84,1546657200,300,89,0,389,1,-0.4076323812995012,-0.9222333472057668
84,1546671600,69,91,22,160,1,-0.29883621713984226,-1.140578176208944
84,1546686000,425,509,84,934,1,0.007771154582832768,-0.40259172359558554
84,1546700400,745,571,0,1316,1,-0.4076323812995012,-0.03836585163395392
84,1546714800,1003,622,0,1625,1,-0.4076323812995012,0.25625664688998373
84,1546729200,670,353,0,1023,1,-0.4076323812995012,-0.31773281625373945
84,1546743600,233,84,0,317,1,-0.4076323812995012,-0.9908832497744513
84,1546758000,52,62,10,114,1,-0.3581795794087471,-1.1844378361833812
84,1546772400,357,363,6,720,1,-0.37796070016504874,-0.60663448956362
84,1546786800,806,632,0,1438,1,-0.4076323812995012,0.07795759438520593
84,1546801200,886,634,0,1520,1,-0.4076323812995012,0.15614220564398548
84,1546815600,536,350,0,886,1,-0.4076323812995012,-0.44835832530804187
84,1546830000,133,45,0,178,1,-0.4076323812995012,-1.1234157005667729
84,1546844400,147,230,83,377,1,0.002825874393757364,-0.9336749976338808
84,1546858800,1323,2069,746,3392,1,3.2815466397507502,1.9410396724297825
84,1546873200,1067,722,0,1789,1,-0.4076323812995012,0.41262586940754287
84,1546887600,2311,929,0,3240,1,-0.4076323812995012,1.7961121003403373
84,1546902000,1053,478,0,1531,1,-0.4076323812995012,0.16663038520309006
84,1546916400,224,64,0,288,2,-0.443078465901059,-1.0681171348897562
84,1546930800,131,240,109,371,2,0.021940611791524223,-0.996678437776775
84,1546945200,1444,2014,570,3458,2,1.9886726743262109,1.6603246705096442
84,1546959600,1123,742,0,1865,2,-0.443078465901059,0.2892181102568856
84,1546974000,2294,1067,0,3361,2,-0.443078465901059,1.5768360726788109
84,1546988400,1087,460,0,1547,2,-0.443078465901059,0.015513222522813268
84,1547002800,228,58,0,286,2,-0.443078465901059,-1.0698385492780207
84,1547017200,149,243,94,392,2,-0.042052839267088145,-0.9786035866999967
84,1547031600,1322,2039,717,3361,2,2.6158084947006124,1.5768360726788109
84,1547046000,1119,828,0,1947,2,-0.443078465901059,0.35979610017573443
84,1547060400,2325,1042,0,3367,2,-0.443078465901059,1.5820003158436047
84,1547074800,1091,534,0,1625,2,-0.443078465901059,0.0826483836651329
84,1547089200,202,62,0,264,2,-0.443078465901059,-1.0887741075489314
84,1547103600,134,256,122,390,2,0.07740160270898828,-0.9803250010882613
84,1547118000,1138,2077,939,3215,2,3.562911570368075,1.4511728223354947
84,1547132400,1125,778,0,1903,2,-0.443078465901059,0.32192498363391314
84,1547146800,2380,1036,0,3416,2,-0.443078465901059,1.6241749683560875
84,1547161200,1086,478,0,1564,2,-0.443078465901059,0.03014524482306242
84,1547175600,240,48,0,288,2,-0.443078465901059,-1.0681171348897562
84,1547190000,114,260,146,374,2,0.17979112440276807,-0.9940963161943781
84,1547204400,1127,1913,786,3040,2,2.9101783695702292,1.3005490633623416
84,1547218800,1044,785,0,1829,2,-0.443078465901059,0.2582326512681227
84,1547233200,2296,1152,0,3448,2,-0.443078465901059,1.6517175985683212
84,1547247600,1042,442,0,1484,2,-0.443078465901059,-0.03871133070752182
84,1547262000,253,90,0,343,2,-0.443078465901059,-1.0207782392124796
84,1547276400,73,98,25,171,2,-0.33642271413670505,-1.1688198766032356
84,1547290800,443,546,103,989,2,-0.003656768631920724,-0.4647613918030118
84,1547305200,864,748,0,1612,2,-0.443078465901059,0.07145919014141296
84,1547319600,1094,727,0,1821,2,-0.443078465901059,0.2513469937150643
84,1547334000,672,404,0,1076,2,-0.443078465901059,-0.38987986591350143
84,1547348400,242,79,0,321,2,-0.443078465901059,-1.03971379748339
84,1547362800,48,62,14,110,2,-0.3833512449130208,-1.221323015445306
84,1547377200,336,360,24,696,2,-0.3406889442072792,-0.7169485996837766
84,1547391600,756,568,0,1324,2,-0.443078465901059,-0.1764244817686903
84,1547406000,931,554,0,1485,2,-0.443078465901059,-0.03785062351338952
84,1547420400,503,234,0,737,2,-0.443078465901059,-0.6816596047243522
84,1547434800,142,44,0,186,2,-0.443078465901059,-1.155909268691251
84,1547449200,111,245,134,356,2,0.12859636355587817,-1.0095890456887595
84,1547463600,1367,1946,579,3313,2,2.0270687449613782,1.5355221273604602
84,1547478000,1083,758,0,1841,2,-0.443078465901059,0.26856113759771033
84,1547492400,2306,1050,0,3356,2,-0.443078465901059,1.5725325367081493
84,1547506800,984,413,0,1397,2,-0.443078465901059,-0.11359285659703218
84,1547521200,236,51,0,287,3,-0.46276436703521723,-1.010249682600119
84,1547535600,120,268,148,388,3,0.23138218351760856,-0.919823468184401
84,1547550000,1238,2043,805,3281,3,3.31283004644468,1.6703056239410645
84,1547564400,1114,809,0,1923,3,-0.46276436703521723,0.4544759291237876
84,1547578800,2321,1074,0,3395,3,-0.46276436703521723,1.7723708560538551
84,1547593200,1038,445,0,1483,3,-0.46276436703521723,0.06053994553056089
84,1547607600,236,59,0,295,3,-0.46276436703521723,-1.0030872101711512
84,1547622000,132,251,119,383,3,0.09536698104441974,-0.9243000134525059
84,1547636400,1360,2078,718,3438,3,2.9047844390251134,1.8108691453595567
84,1547650800,1151,826,0,1977,3,-0.46276436703521723,0.5028226180193199
84,1547665200,2459,1133,0,3592,3,-0.46276436703521723,1.948746739617186
84,1547679600,1026,475,0,1501,3,-0.46276436703521723,0.07665550849573835
84,1547694000,257,59,0,316,3,-0.46276436703521723,-0.9842857200451108
84,1547708400,143,260,117,403,3,0.08598662225316533,-0.9063938323800864
84,1547722800,1380,2095,715,3475,3,2.890713900838232,1.8439955803435326
84,1547737200,1213,856,0,2069,3,-0.46276436703521723,0.5851910509524492
84,1547751600,2356,1142,0,3498,3,-0.46276436703521723,1.864587688576815
84,1547766000,1189,468,0,1657,3,-0.46276436703521723,0.21632372086060964
84,1547780400,274,56,0,330,3,-0.46276436703521723,-0.9717513932944173
84,1547794800,124,254,130,378,3,0.14695895439631895,-0.9287765587206107
84,1547809200,1237,1927,690,3164,3,2.773459415947552,1.565554464667411
84,1547823600,1110,793,0,1903,3,-0.46276436703521723,0.43656974805136817
84,1547838000,2118,1089,0,3207,3,-0.46276436703521723,1.6040527539731126
84,1547852400,1020,409,0,1429,3,-0.46276436703521723,0.012193256635028522
84,1547866800,263,92,0,355,3,-0.46276436703521723,-0.949368666953893
84,1547881200,64,101,37,165,3,-0.28922772939701075,-1.1194773871418773
84,1547895600,449,644,195,1093,3,0.45182061511208704,-0.2886305853816173
84,1547910000,905,1033,128,1938,3,0.13757859560506455,0.46790556492810215
84,1547924400,1075,678,0,1753,3,-0.46276436703521723,0.30227339000822273
84,1547938800,663,298,0,961,3,-0.46276436703521723,-0.4068113804595853
84,1547953200,209,80,0,289,3,-0.46276436703521723,-1.008459064492877
84,1547967600,43,76,33,119,3,-0.30798844697951955,-1.1606616036084418
84,1547982000,337,356,19,693,3,-0.3736509585183004,-0.6467542068300052
84,1547996400,678,575,0,1253,3,-0.46276436703521723,-0.14538113680226217
84,1548010800,754,544,0,1298,3,-0.46276436703521723,-0.10509222938931852
84,1548025200,446,240,0,686,3,-0.46276436703521723,-0.653021370205352
84,1548039600,141,47,0,188,3,-0.46276436703521723,-1.098885278908595
84,1548054000,56,175,119,231,3,0.09536698104441974,-1.0603869896028932
84,1548068400,485,656,171,1141,3,0.3392563096170342,-0.24565575080781077
84,1548082800,701,559,0,1260,3,-0.46276436703521723,-0.13911397342691537
84,1548097200,949,544,0,1493,3,-0.46276436703521723,0.06949303606677058
84,1548111600,481,277,0,758,3,-0.46276436703521723,-0.5885591183446421
84,1548126000,133,45,0,178,4,-0.44758311176913146,-1.18836446774879
84,1548140400,123,264,141,387,4,0.15840389963845808,-1.0120173121032796
84,1548154800,1306,2073,767,3379,4,2.8488143190792456,1.5125314424008698
84,1548169200,1039,819,0,1858,4,-0.44758311176913146,0.2291629077749302
84,1548183600,2193,1042,0,3235,4,-0.44758311176913146,1.391029095927408
84,1548198000,1082,542,0,1624,4,-0.44758311176913146,0.03172159475555489
84,1548212400,230,53,0,283,4,-0.44758311176913146,-1.0997690067785575
84,1548226800,127,263,136,390,4,0.13691499852471375,-1.0094860132184158
84,1548241200,1330,2088,758,3418,4,2.810134297074506,1.545438327904099
84,1548255600,1091,798,0,1889,4,-0.44758311176913146,0.25531966291852265
84,1548270000,2280,1177,0,3457,4,-0.44758311176913146,1.5783452134073281
84,1548284400,1133,463,0,1596,4,-0.44758311176913146,0.008096138496826218
84,1548298800,254,67,0,321,4,-0.44758311176913146,-1.067705887570283
84,1548313200,129,239,110,368,4,0.02517271273324335,-1.028048871707417
84,1548327600,1407,2103,696,3510,4,2.5436719232640765,1.6230648270399217
84,1548342000,1160,858,0,2018,4,-0.44758311176913146,0.36416551496766547
84,1548356400,2247,1157,0,3404,4,-0.44758311176913146,1.5336255997747346
84,1548370800,1106,480,0,1586,4,-0.44758311176913146,-0.00034152445271973546
84,1548385200,254,66,0,320,4,-0.44758311176913146,-1.0685496538652375
84,1548399600,143,243,100,386,4,-0.01780508949424527,-1.0128610783982341
84,1548414000,1319,1919,600,3238,4,2.131085021880186,1.393560394812272
84,1548428400,1333,842,0,2175,4,-0.44758311176913146,0.49663682327553693
84,1548442800,2196,1097,0,3293,4,-0.44758311176913146,1.4399675410347745
84,1548457200,1107,501,0,1608,4,-0.44758311176913146,0.018221334036281362
84,1548471600,278,107,0,385,4,-0.44758311176913146,-1.0137048446931887
84,1548486000,62,101,39,163,4,-0.2799696830819259,-1.201020962173109
84,1548500400,474,531,57,1005,4,-0.20260963907244633,-0.49056974182133967
84,1548514800,881,712,0,1593,4,-0.44758311176913146,0.005564839611962432
84,1548529200,1039,715,0,1754,4,-0.44758311176913146,0.1414112130996523
84,1548543600,720,386,0,1106,4,-0.44758311176913146,-0.4053493460309255
84,1548558000,292,107,0,399,4,-0.44758311176913146,-1.0018921165638244
84,1548572400,52,78,26,130,4,-0.3358408259776611,-1.2288652499066106
84,1548586800,377,384,7,761,4,-0.41749865020988947,-0.696448717790261
84,1548601200,750,694,0,1444,4,-0.44758311176913146,-0.12015633833627228
84,1548615600,918,611,0,1529,4,-0.44758311176913146,-0.04843620326513167
84,1548630000,506,243,0,749,4,-0.44758311176913146,-0.7065739133297161
84,1548644400,179,52,0,231,4,-0.44758311176913146,-1.1436448541161965
84,1548658800,139,278,139,417,4,0.14980833919296035,-0.9867043232546417
84,1548673200,1337,2135,798,3472,4,2.9820455059844604,1.5910017078316472
84,1548687600,1341,876,0,2217,4,-0.44758311176913146,0.5320750076636299
84,1548702000,2454,1129,0,3583,4,-0.44758311176913146,1.6846597665716072
84,1548716400,1317,453,0,1770,4,-0.44758311176913146,0.1549114738189258
84,1548730800,236,51,0,287,5,-0.4495170119044686,-1.0808293859726257
84,1548745200,149,249,100,398,5,-0.05765909368139508,-0.9905650397819089
84,1548759600,1434,2106,672,3540,5,2.1837681985545854,1.564485192030992
84,1548774000,1398,827,0,2225,5,-0.4495170119044686,0.49513730697880715
84,1548788400,2512,1171,0,3683,5,-0.4495170119044686,1.6807716920784919
84,1548802800,1317,451,0,1768,5,-0.4495170119044686,0.12350842221162199
84,1548817200,226,54,0,280,5,-0.4495170119044686,-1.086521732128797
84,1548831600,154,242,88,396,5,-0.1046820438681639,-0.9921914243979578
84,1548846000,1416,2214,798,3630,5,2.677509175515658,1.6376724997531946
84,1548860400,1392,857,0,2249,5,-0.4495170119044686,0.5146539223713945
84,1548874800,2551,1139,0,3690,5,-0.4495170119044686,1.6864640382346632
84,1548889200,1157,501,0,1658,5,-0.4495170119044686,0.03405726832892973
84,1548903600,170,51,0,221,5,-0.4495170119044686,-1.134500078302241
84,1548918000,127,233,106,360,5,-0.034147618588010666,-1.021466347486839
84,1548932400,1181,2194,1013,3375,5,3.520003699695266,1.4303084612069534
84,1548946800,1125,855,0,1980,5,-0.4495170119044686,0.2959051915128107
84,1548961200,2150,1057,0,3207,5,-0.4495170119044686,1.2936921534588417
84,1548975600,1258,475,0,1733,5,-0.4495170119044686,0.09504669143076537
84,1548990000,225,63,0,288,5,-0.4495170119044686,-1.080016193664601
84,1549004400,109,219,110,328,5,-0.018473301859087726,-1.0474885013436221
84,1549018800,1278,1956,678,3234,5,2.20727967364797,1.3156483457755026
84,1549033200,1184,874,0,2058,5,-0.4495170119044686,0.35933419153871976
84,1549047600,2151,1163,0,3314,5,-0.4495170119044686,1.3807037304174605
84,1549062000,1031,511,0,1542,5,-0.4495170119044686,-0.06027303940190938
84,1549076400,290,98,0,388,5,-0.4495170119044686,-0.9986969628621537
84,1549090800,61,116,55,177,5,-0.23399515688177816,-1.170280539855318
84,1549105200,432,613,181,1045,5,0.2597458200792945,-0.4644296164900735
84,1549119600,858,719,0,1577,5,-0.4495170119044686,-0.031811308621052754
84,1549134000,975,705,0,1680,5,-0.4495170119044686,0.051947499105468184
84,1549148400,649,400,0,1049,5,-0.4495170119044686,-0.4611768472579756
84,1549162800,294,106,0,400,5,-0.4495170119044686,-0.98893865516586
84,1549177200,50,61,11,111,5,-0.4064126408999305,-1.2239512321849333
84,1549191600,328,434,106,762,5,-0.034147618588010666,-0.694563039661
84,1549206000,733,629,0,1362,5,-0.4495170119044686,-0.2066476548463149
84,1549220400,863,488,0,1351,5,-0.4495170119044686,-0.21559277023458412
84,1549234800,431,194,0,625,5,-0.4495170119044686,-0.8059703858603531
84,1549249200,176,66,0,242,5,-0.4495170119044686,-1.117423039833727
84,1549263600,138,256,118,394,5,0.012875331598758153,-0.9938178090140068
84,1549278000,1339,2121,782,3460,5,2.6148119085999664,1.499429807389034
84,1549292400,1416,942,0,2358,5,-0.4495170119044686,0.6032918839460623
84,1549306800,2485,1196,0,3681,5,-0.4495170119044686,1.679145307462443
84,1549321200,1324,447,0,1771,5,-0.4495170119044686,0.12594799913569543
84,1549335600,219,78,0,297,6,-0.4373577475231243,-1.1109663646983068
84,1549350000,146,255,109,401,6,-0.03433363960024528,-1.0286879082815787
84,1549364400,1388,2132,744,3520,6,2.3135590992165267,1.4388746452162557
84,1549378800,1392,965,0,2357,6,-0.4373577475231243,0.5187799835561142
84,1549393200,2425,1163,0,3588,6,-0.4373577475231243,1.492672097488732
84,1549407600,1402,464,0,1866,6,-0.4373577475231243,0.13033073258867703
84,1549422000,273,109,0,382,6,-0.4373577475231243,-1.0437195493577118
84,1549436400,174,262,88,436,6,-0.11198048608079995,-1.0009980431413337
84,1549450800,1496,2280,784,3776,6,2.461457854417583,1.6414062302420482
84,1549465200,1477,966,0,2443,6,-0.4373577475231243,0.5868179379007163
84,1549479600,2510,1236,0,3746,6,-0.4373577475231243,1.617672060121838
84,1549494000,1507,547,0,2054,6,-0.4373577475231243,0.2790648653419931
84,1549508400,267,79,0,346,6,-0.4373577475231243,-1.0722005535019636
84,1549522800,127,252,125,379,6,0.024825862480177322,-1.0460929663697327
84,1549537200,1229,2346,1117,3575,6,3.692714991466379,1.4823872904366409
84,1549551600,1371,944,0,2315,6,-0.4373577475231243,0.4855521453878202
84,1549566000,2504,1164,0,3668,6,-0.4373577475231243,1.555963217809292
84,1549580400,1449,535,0,1984,6,-0.4373577475231243,0.22368513506150306
84,1549594800,256,69,0,325,6,-0.4373577475231243,-1.0888144725861109
84,1549609200,147,238,91,385,6,-0.10088807944072072,-1.0413461323456907
84,1549623600,1362,2107,745,3469,6,2.3172565680965533,1.398526556011899
84,1549638000,1328,859,0,2187,6,-0.4373577475231243,0.3842863528749242
84,1549652400,2231,1140,0,3371,6,-0.4373577475231243,1.3209949336192128
84,1549666800,1094,540,0,1634,6,-0.4373577475231243,-0.0532135163409471
84,1549681200,308,117,0,425,6,-0.4373577475231243,-1.0097005721854106
84,1549695600,61,117,56,178,6,-0.23029949024164517,-1.2051119061751399
84,1549710000,496,666,170,1162,6,0.1912119620813659,-0.42663112623225136
84,1549724400,892,733,0,1625,6,-0.4373577475231243,-0.06033376737701011
84,1549738800,1145,632,0,1777,6,-0.4373577475231243,0.05991936123205397
84,1549753200,731,382,0,1113,6,-0.4373577475231243,-0.46539693742859434
84,1549767600,261,78,0,339,6,-0.4373577475231243,-1.0777385265300128
84,1549782000,59,65,6,124,6,-0.4151729342429658,-1.2478334123915178
84,1549796400,386,420,34,806,6,-0.31164380560222626,-0.7082766116587436
84,1549810800,750,561,0,1311,6,-0.4373577475231243,-0.3087514146352083
84,1549825200,883,482,0,1365,6,-0.4373577475231243,-0.26602990841883023
84,1549839600,495,282,0,777,6,-0.4373577475231243,-0.7312196427749466
84,1549854000,151,45,0,196,6,-0.4373577475231243,-1.1908714041030137
84,1549868400,130,257,127,387,6,0.03222080024023015,-1.0397638543376768
84,1549882800,1406,2178,772,3584,6,2.4170882278572665,1.489507541472704
84,1549897200,1434,875,0,2309,6,-0.4373577475231243,0.48080531136377824
84,1549911600,2495,1108,0,3603,6,-0.4373577475231243,1.5045391825488368
84,1549926000,1369,499,0,1868,6,-0.4373577475231243,0.13191301059669103
84,1549940400,234,53,0,287,7,-0.4393663636816329,-1.0934865468575543
84,1549954800,133,247,114,380,7,0.04868573574446375,-1.013027795070339
84,1549969200,1350,1948,598,3298,7,2.120766578921927,1.5114736857371232
84,1549983600,1066,783,0,1849,7,-0.4393663636816329,0.25787442402018934
84,1549998000,2071,1130,0,3201,7,-0.4393663636816329,1.4275543424751889
84,1550012400,996,566,0,1562,7,-0.4393663636816329,0.009576985709105873
84,1550026800,258,58,0,316,7,-0.4393663636816329,-1.068397258665842
84,1550041200,152,276,124,428,7,0.0914973234134196,-0.9715006973737118
84,1550055600,1355,2283,928,3638,7,3.5335489719974698,1.8056239610882325
84,1550070000,1485,998,0,2483,7,-0.4393663636816329,0.8063781727631404
84,1550084400,2498,1343,0,3841,7,-0.4393663636816329,1.9812489784302185
84,1550098800,1392,559,0,1951,7,-0.4393663636816329,0.34611950662552216
84,1550113200,221,75,0,296,7,-0.4393663636816329,-1.0857002160394367
84,1550127600,125,288,163,413,7,0.25846251532234743,-0.9844779154039078
84,1550142000,1258,2312,1054,3570,7,4.0729749766263135,1.7467939060180107
84,1550156400,1330,961,0,2291,7,-0.4393663636816329,0.6402697819766315
84,1550170800,2642,1336,0,3978,7,-0.4393663636816329,2.099774236439342
84,1550185200,1509,563,0,2072,7,-0.4393663636816329,0.45080239873576994
84,1550199600,331,76,0,407,7,-0.4393663636816329,-0.9896688026159862
84,1550214000,143,250,107,393,7,0.018717624376194654,-1.0017808727775024
84,1550228139,348,627,279,975,7,0.7550769322822353,-0.49826481320589766
84,1550228400,1300,1823,523,3123,7,1.799679671404758,1.3600728087181697
84,1550242800,1348,829,0,2177,7,-0.4393663636816329,0.541642924947142
84,1550257200,2281,1120,0,3401,7,-0.4393663636816329,1.6005839162111357
84,1550271600,1079,472,0,1551,7,-0.4393663636816329,6.0359153628804884e-05
84,1550286000,297,105,0,402,7,-0.4393663636816329,-0.9939945419593849
84,1550300400,68,103,35,171,7,-0.28952580684028745,-1.1938436996244033
84,1550314800,428,523,95,951,7,-0.032656280826552364,-0.5190283620542112
84,1550329200,855,936,81,1791,7,-0.09259250356309055,0.20769584763676482
84,1550343600,1036,980,0,2016,7,-0.4393663636816329,0.40235411808970484
84,1550358000,798,472,0,1270,7,-0.4393663636816329,-0.24304619194537627
84,1550372400,302,121,0,423,7,-0.4393663636816329,-0.9758264367171104
84,1550386800,49,77,28,126,7,-0.31949391820855655,-1.2327753537149913
84,1550401200,406,421,15,827,7,-0.37514898217819914,-0.6263066977704982
84,1550415600,700,864,164,1564,7,0.262743674089243,0.01130728144646534
84,1550430000,937,807,0,1744,7,-0.4393663636816329,0.16703389780881736
84,1550444400,565,338,0,903,7,-0.4393663636816329,-0.5605554597508384
84,1550458800,170,70,0,240,7,-0.4393663636816329,-1.1341484966855018
84,1550473200,56,134,78,190,7,-0.10543597986377731,-1.1774058901194884
84,1550487600,791,739,0,1530,7,-0.4393663636816329,-0.018107746088645595
84,1550502000,783,810,27,1593,7,-0.32377507697545216,0.036396569638177605
84,1550516400,1184,842,0,2026,7,-0.4393663636816329,0.41100559677650217
84,1550530800,680,362,0,1042,7,-0.4393663636816329,-0.4402999060043555
84,1550545200,167,50,0,217,8,-0.5244244250166246,-1.3306245833019839
84,1550559600,127,275,148,402,8,0.040457779513655145,-1.183163551582722
84,1550574000,1324,2135,811,3459,8,2.5709773849432187,1.253530361745838
84,1550588400,1398,934,0,2332,8,-0.5244244250166246,0.35521369824525345
84,1550602800,2344,1156,0,3500,8,-0.5244244250166246,1.2862109147214582
84,1550617200,1427,547,0,1974,8,-0.5244244250166246,0.06985667470203312
84,1550631600,218,66,0,284,8,-0.5244244250166246,-1.2772197772198728
84,1550646000,151,254,103,405,8,-0.13129694483676774,-1.180772291608896
84,1550660400,1503,2111,608,3614,8,1.7961727395402,1.3770787937268412
84,1550674800,1557,864,0,2421,8,-0.5244244250166246,0.42615441080208755
84,1550689200,2410,1102,0,3512,8,-0.5244244250166246,1.2957759546167618
84,1550703600,1349,524,0,1873,8,-0.5244244250166246,-0.010649077750104456
84,1550718000,240,52,0,292,8,-0.5244244250166246,-1.2708430839563372
84,1550732400,125,262,137,387,8,-0.0015267086608926695,-1.1951198514518513
84,1550746800,1216,2174,958,3390,8,3.132042817821267,1.1985313823478432
84,1550761200,1299,1045,0,2344,8,-0.5244244250166246,0.3647787381405569
84,1550775600,2504,1265,0,3769,8,-0.5244244250166246,1.5006272257078446
84,1550790000,1358,560,0,1918,8,-0.5244244250166246,0.025219821857283574
84,1550804400,274,99,0,373,8,-0.5244244250166246,-1.2062790646630388
84,1550818800,133,248,115,381,8,-0.08549568500998829,-1.1999023713995032
84,1550824633,440,607,167,1047,8,0.11297644090605591,-0.6690426572101603
84,1550833200,838,1226,388,2064,8,0.9564829760492438,0.14159447391680918
84,1550847600,1306,908,0,2214,8,-0.5244244250166246,0.2611574726081026
84,1550862000,2195,1152,0,3347,8,-0.5244244250166246,1.164256656056339
84,1550876400,1080,560,0,1640,8,-0.5244244250166246,-0.19637026905058025
84,1551495600,9860,9026,0,18886,9,-0.3716762816712613,4.040135403346687
84,1551510000,59,90,31,149,9,-0.02075349796133949,-0.49927815407599446
84,1551524400,472,519,47,991,9,0.16036793879216854,-0.29528678857725416
84,1551538800,977,763,0,1740,9,-0.3716762816712613,-0.11382653589488304
84,1551553200,1269,769,0,2038,9,-0.3716762816712613,-0.04163006687038825
84,1551567600,718,415,0,1133,9,-0.3716762816712613,-0.26088444427699153
84,1551582000,277,88,0,365,9,-0.3716762816712613,-0.44694782753474993
84,1551596400,56,75,19,131,9,-0.15659457552647052,-0.5036390146210982
84,1551610800,453,417,0,870,9,-0.3716762816712613,-0.32460146224156244
84,1551625200,807,734,0,1541,9,-0.3716762816712613,-0.1620382719213074
84,1551639600,1022,698,0,1720,9,-0.3716762816712613,-0.11867193650055383
84,1551654000,592,251,0,843,9,-0.3716762816712613,-0.33114275305921803
84,1551668400,153,54,0,207,9,-0.3716762816712613,-0.4852264923195492
84,1551682800,127,243,116,370,9,0.9414541347916718,-0.4457364773833322
84,1551697200,1205,1583,378,2788,9,3.9073176616303664,0.1400724558422664
84,1551711600,923,685,0,1608,9,-0.3716762816712613,-0.14580617989231026
84,1551726000,1998,996,0,2994,9,-0.3716762816712613,0.18998008208067557
84,1551740400,953,450,0,1403,9,-0.3716762816712613,-0.19547153610043588
84,1551754800,226,57,0,283,10,-0.4626787269261727,-1.1285422655560482
84,1551769200,170,305,135,475,10,0.08012871807101316,-0.9789627907044848
84,1551783600,1533,2310,777,3843,10,2.661479678724297,1.6449104973166913
84,1551798000,1480,895,0,2375,10,-0.4626787269261727,0.501250762514112
84,1551812400,2646,1298,0,3944,10,-0.4626787269261727,1.7235955335667323
84,1551826800,1539,517,0,2056,10,-0.4626787269261727,0.2527306975263582
84,1551841200,243,86,0,329,10,-0.4626787269261727,-1.0927055163728612
84,1551855600,147,281,134,428,10,0.07610792218214511,-1.0155785996525237
84,1551870000,1477,2344,867,3821,10,3.023351308722421,1.6277711824899495
84,1551884400,1516,957,0,2473,10,-0.4626787269261727,0.5775986194695976
84,1551898800,2530,1291,0,3821,10,-0.4626787269261727,1.6277711824899495
84,1551913200,1352,548,0,1900,10,-0.4626787269261727,0.13119737420946287
84,1551927600,218,60,0,278,10,-0.4626787269261727,-1.1324375643803077
84,1551942000,132,266,134,398,10,0.07610792218214511,-1.0389503925980805
84,1551945999,268,454,186,722,10,0.2851893084032834,-0.7865350287860672
84,1551956400,993,1905,912,2898,10,3.2042871237214827,0.9086990195316522
84,1551970800,1267,981,0,2248,10,-0.4626787269261727,0.40231017237792166
84,1551985200,2575,1268,0,3843,10,-0.4626787269261727,1.6449104973166913
84,1551999600,1457,585,0,2042,10,-0.4626787269261727,0.24182386081843169
84,1552014000,290,64,0,354,10,-0.4626787269261727,-1.073229022251564
84,1552028400,130,282,152,412,10,0.1484822481817699,-1.0280435558901542
84,1552042800,1303,1983,680,3286,10,2.271462477504097,1.2109742082941868
84,1552057200,1438,862,0,2300,10,-0.4626787269261727,0.4428212801502201
84,1552071600,2189,1218,0,3407,10,-0.4626787269261727,1.3052404398412658
84,1552086000,1222,547,0,1769,10,-0.4626787269261727,0.029140545013864875
84,1552100400,303,110,0,413,10,-0.4626787269261727,-1.0272644961253021
84,1552114800,64,81,17,145,10,-0.39432519681541595,-1.2360525131056095
84,1552129200,581,543,0,1124,10,-0.4626787269261727,-0.47335300331560615
84,1552143600,1066,921,0,1987,10,-0.4626787269261727,0.19897557375157757
84,1552158000,1283,911,0,2194,10,-0.4626787269261727,0.3602409450759194
84,1552172400,845,458,0,1303,10,-0.4626787269261727,-0.3339013054071173
84,1552190400,266,94,0,360,10,-0.4626787269261727,-1.0685546636624526
84,1552204800,107,114,7,221,10,-0.4345331557040964,-1.1768439709768657
84,1552219200,448,357,0,805,10,-0.4626787269261727,-0.7218730683033601
84,1552233600,806,670,0,1476,10,-0.4626787269261727,-0.1991239660877398
84,1552248000,955,572,0,1527,10,-0.4626787269261727,-0.15939191808029327
84,1552262400,440,203,0,643,10,-0.4626787269261727,-0.8480807502093668
84,1552276800,83,30,0,113,10,-0.4626787269261727,-1.2609824255808701
84,1552291200,360,624,264,984,10,0.5988113877349908,-0.5824213703948712
84,1552305600,1421,1989,568,3410,10,1.821133337950876,1.3075776191358215
84,1552320000,1604,874,0,2478,10,-0.4626787269261727,0.5814939182938571
84,1552334400,2577,1262,0,3839,10,-0.4626787269261727,1.6417942582572835
84,1552348800,1048,372,0,1420,11,-0.5842697212888235,-0.28539579935782877
84,1552363200,109,67,0,176,11,-0.5842697212888235,-1.2807079671596837
84,1552377600,359,653,294,1012,11,1.0194037594224474,-0.6118325875114917
84,1552392000,1502,2078,576,3580,11,2.557621179696524,1.4427989614556813
84,1552406400,1730,1029,0,2759,11,-0.5842697212888235,0.7859249343131388
84,1552420800,2705,1169,0,3874,11,-0.5842697212888235,1.678025470566409
84,1552435200,1170,365,0,1535,11,-0.5842697212888235,-0.1933854301478502
84,1552449600,143,56,0,199,11,-0.5842697212888235,-1.2623058933176878
84,1552463713,87,203,116,290,11,0.048472196270725666,-1.1894976881167485
84,1552464000,398,607,209,1005,11,0.5557566646589849,-0.6174332186807948
84,1552478400,1507,2070,563,3577,11,2.4867104475562294,1.4403986909545514
84,1552492800,1680,1046,0,2726,11,-0.5842697212888235,0.7595219588007103
84,1552507200,2701,1222,0,3923,11,-0.5842697212888235,1.7172298887515305
84,1552521600,1112,413,0,1525,11,-0.5842697212888235,-0.2013863318182831
84,1552536000,160,58,0,218,11,-0.5842697212888235,-1.2471041801438654
84,1552550400,388,673,285,1061,11,0.9703117140945514,-0.5726281693263705
84,1552564800,1548,2012,464,3560,11,1.946697948949373,1.4267971581148156
84,1552579200,1717,996,0,2713,11,-0.5842697212888235,0.7491207866291475
84,1552593600,2496,1282,0,3778,11,-0.5842697212888235,1.6012168145302532
84,1552608000,1149,435,0,1584,11,-0.5842697212888235,-0.1541810119627289
84,1552622400,208,74,0,282,11,-0.5842697212888235,-1.1958984094530947
84,1552636800,339,647,308,986,11,1.0957691632658413,-0.6326349318546174
84,1552651200,1335,1744,409,3079,11,1.646691005278897,1.0419537877669922
84,1552665600,1411,1196,0,2607,11,-0.5842697212888235,0.6643112289225586
84,1552680000,2205,1038,0,3243,11,-0.5842697212888235,1.173168575162092
84,1552694400,878,432,0,1310,11,-0.5842697212888235,-0.37340571773259085
84,1552708800,188,86,0,274,11,-0.5842697212888235,-1.202299130789441
84,1552723200,136,230,94,366,11,-0.07153058119746468,-1.1286908354214582
84,1552737600,654,952,298,1606,11,1.0412224462348458,-0.1365790282877765
84,1552752000,1149,1320,171,2469,11,0.34847913994120155,0.5538987858705843
84,1552766400,1189,1117,0,2306,11,-0.5842697212888235,0.42348408864252773
84,1552780800,679,450,0,1129,11,-0.5842697212888235,-0.5182220379674266
84,1552795200,180,125,0,305,11,-0.5842697212888235,-1.177496335611099
84,1552809600,157,164,7,321,11,-0.5460870193671266,-1.1646948929384064
84,1552824000,1172,843,0,2015,11,-0.5842697212888235,0.19065785003292982
84,1552838400,1043,1016,0,2059,11,-0.5842697212888235,0.22586181738283465
84,1552852800,961,822,0,1783,11,-0.5842697212888235,0.005036931278886144
84,1552867200,453,335,0,788,11,-0.5842697212888235,-0.7910527849291891
84,1552881600,87,34,0,121,11,-0.5842697212888235,-1.3247129263470647
84,1552896000,370,622,252,992,11,0.790307547892266,-0.6278343908523576
84,1552896906,25,27,2,52,11,-0.5733603778826243,-1.379919147873052
84,1552910400,1412,2077,665,3489,11,3.043086961272385,1.3699907562547418
84,1552924800,1485,954,0,2439,11,-0.5842697212888235,0.5298960808592855
84,1552939200,2407,1232,0,3639,11,-0.5842697212888235,1.4900042813112355
84,1552953600,960,306,0,1266,12,-0.5485163163939988,-0.377189334784245
84,1552968000,110,30,0,140,12,-0.5485163163939988,-1.3077280697064695
84,1552982400,381,665,284,1046,12,0.8260950638242475,-0.558999744804573
84,1552996800,1466,2057,591,3523,12,2.3120306051165067,1.4880201898333931
84,1553011200,1608,872,0,2480,12,-0.5485163163939988,0.6260735641461107
84,1553025600,2484,1244,0,3728,12,-0.5485163163939988,1.6574344355341535
84,1553040000,1041,280,0,1321,12,-0.5485163163939988,-0.33173673227916295
84,1553054400,133,37,0,170,12,-0.5485163163939988,-1.2829357410673339
84,1553068800,411,661,250,1072,12,0.6615289126713588,-0.5375130599839888
84,1553083200,1408,2080,672,3488,12,2.704085259333682,1.4590958064210682
84,1553097600,1657,938,0,2595,12,-0.5485163163939988,0.721110823929464
84,1553112000,2475,1208,0,3683,12,-0.5485163163939988,1.6202459425754498
84,1553126400,1119,316,0,1435,12,-0.5485163163939988,-0.23752588345044753
84,1553140800,129,38,0,167,12,-0.5485163163939988,-1.2854149739312473
84,1553155200,381,624,243,1005,12,0.6276476462575288,-0.5928825939447251
84,1553169600,1430,2161,731,3591,12,2.9896559333931068,1.5442161347487673
84,1553184000,1586,874,0,2460,12,-0.5485163163939988,0.6095453450533536
84,1553198400,2511,1349,0,3860,12,-0.5485163163939988,1.7665206815463503
84,1553212800,960,346,0,1306,12,-0.5485163163939988,-0.3441328965987308
84,1553227200,130,30,0,160,12,-0.5485163163939988,-1.2911998506137123
84,1553241600,350,592,242,942,12,0.6228074653412674,-0.6449464840869099
84,1553242553,85,138,53,223,12,-0.291986727832143,-1.2391359604715275
84,1553256000,1211,1783,572,2994,12,2.2200671677075396,1.050848794829968
84,1553270400,1386,923,0,2309,12,-0.5485163163939988,0.48475729090303754
84,1553284800,2111,1026,0,3137,12,-0.5485163163939988,1.1690255613431813
84,1553299200,828,442,0,1270,12,-0.5485163163939988,-0.37388369096569357
84,1553313600,251,121,0,372,12,-0.5485163163939988,-1.1160007282304871
84,1553328000,148,208,60,356,12,-0.25810546141831303,-1.1292233035046928
84,1553342400,644,809,165,1453,12,0.25011353478913717,-0.22265048626696612
84,1553356800,1104,1091,0,2195,12,-0.5485163163939988,0.3905464420743221
84,1553371200,1169,1078,0,2247,12,-0.5485163163939988,0.43351981171549053
84,1553385600,697,472,0,1169,12,-0.5485163163939988,-0.4573511973841169
84,1553400000,198,104,0,302,12,-0.5485163163939988,-1.173849495055137
84,1553414400,113,138,25,251,12,-0.4275117934874631,-1.2159964537416676
84,1553428800,518,599,81,1117,12,-0.15646166217682297,-0.5003245670252854
84,1553443200,954,983,29,1937,12,-0.40815106982241733,0.17733241577775558
84,1553457600,958,799,0,1757,12,-0.5485163163939988,0.028578443942941706
84,1553472000,518,366,0,884,12,-0.5485163163939988,-0.6928783194559055
84,1553486400,103,34,0,137,12,-0.5485163163939988,-1.310207302570383
84,1553500800,355,651,296,1006,12,0.8841772348193846,-0.5920561829900872
84,1553515200,1407,1986,579,3393,12,2.2539484341213694,1.380586765730472
84,1553529600,1572,886,0,2458,12,-0.5485163163939988,0.6078925231440779
84,1553544000,2487,1172,0,3659,12,-0.5485163163939988,1.6004120796641415
84,1553558400,975,271,0,1246,13,-0.5599843376600974,-0.45201932199677647
84,1553572800,172,27,0,199,13,-0.5599843376600974,-1.3077948274639588
84,1553587200,374,746,372,1120,13,1.0155955815910032,-0.5550066321103055
84,1553601600,1507,2134,627,3641,13,2.0956302036582897,1.505556929764352
84,1553616000,1696,1018,0,2714,13,-0.5599843376600974,0.7478645767862452
84,1553630400,2521,1225,0,3746,13,-0.5599843376600974,1.591379688192293
84,1553644800,1111,317,0,1428,13,-0.5599843376600974,-0.3032598740550122
84,1553659200,178,41,0,219,13,-0.5599843376600974,-1.2914476353824462
84,1553673600,373,710,337,1083,13,0.867355535424905,-0.5852489374611037
84,1553688000,1345,2078,733,3423,13,2.544585772047044,1.3273725360758653
84,1553702400,1588,1804,216,3392,13,0.3548685186792513,1.302034388349521
84,1553716800,2541,1161,0,3702,13,-0.5599843376600974,1.5554158656129655
84,1553731200,1173,318,0,1491,13,-0.5599843376600974,-0.25176621899824764
84,1553745600,196,35,0,231,13,-0.5599843376600974,-1.2816393201335388
84,1553760000,397,614,217,1011,13,0.35910394856971123,-0.644098828954549
84,1553774400,1422,2142,720,3564,13,2.4895251834710646,1.4426202402505288
84,1553788800,1717,996,0,2713,13,-0.5599843376600974,0.7470472171821696
84,1553803200,2500,1197,0,3697,13,-0.5599843376600974,1.5513290675925873
84,1553817600,1206,304,0,1510,13,-0.5599843376600974,-0.23623638652081072
84,1553832000,252,42,0,294,13,-0.5599843376600974,-1.2301456650767741
84,1553846400,348,607,259,955,13,0.536992003969029,-0.6898709667827841
84,1553860800,1278,1856,578,3134,13,1.8880941390257524,1.091155610498009
84,1553875200,1481,1003,0,2484,13,-0.5599843376600974,0.5598718678488508
84,1553889600,2219,1105,0,3324,13,-0.5599843376600974,1.2464539352723782
84,1553904000,1115,391,0,1506,13,-0.5599843376600974,-0.23950582493711323
84,1553918400,294,86,0,380,13,-0.5599843376600974,-1.15985273912627
84,1553932800,135,199,64,334,13,-0.28891682467066077,-1.197451280913749
84,1553947200,569,684,115,1253,13,-0.07290990025720342,-0.44629780476824704
84,1553961600,1030,1148,118,2178,13,-0.060203610585823575,0.3097598290017087
84,1553976000,1186,962,0,2148,13,-0.5599843376600974,0.28523904087943985
84,1553990400,953,404,0,1357,13,-0.5599843376600974,-0.3612924059443818
84,1554004800,308,78,0,386,13,-0.5599843376600974,-1.1549485815018163
84,1554019200,115,135,20,250,13,-0.47527573985089844,-1.2661094876561017
84,1554033600,464,477,13,941,13,-0.5049237490841181,-0.7013140012398429
84,1554048000,812,658,0,1470,13,-0.5599843376600974,-0.2689307706838358
84,1554062400,931,533,0,1464,13,-0.5599843376600974,-0.2738349283082896
84,1554076800,583,281,0,864,13,-0.5599843376600974,-0.7642506907536663
84,1554091200,120,25,0,145,13,-0.5599843376600974,-1.3519322460840426
84,1554105600,344,634,290,978,13,0.6682903305732875,-0.6710716958890447
84,1554120000,1290,2164,874,3454,13,3.1417813866018967,1.3527106838022098
84,1554134400,1598,908,0,2506,13,-0.5599843376600974,0.5778537791385145
84,1554148800,2486,1138,0,3624,13,-0.5599843376600974,1.4916618164950666
84,1554163200,991,346,0,1337,14,-0.5761744048315842,-0.36791368461570684
84,1554177600,191,39,0,230,14,-0.5761744048315842,-1.2680757039033286
84,1554192000,409,682,273,1091,14,0.7498825453488543,-0.5679496889018449
84,1554206400,1488,2081,593,3569,14,2.3042350144248265,1.4470471347609613
84,1554220800,1660,991,0,2651,14,-0.5761744048315842,0.7005713138882993
84,1554235200,2600,1187,0,3787,14,-0.5761744048315842,1.6243148133559941
84,1554249600,1003,357,0,1360,14,-0.5761744048315842,-0.3492111313694419
84,1554264000,157,28,0,185,14,-0.5761744048315842,-1.3046676559068904
84,1554278400,379,644,265,1023,14,0.711023733621955,-0.6232441941516718
84,1554292800,1435,2093,658,3528,14,2.619962859705883,1.4137078007132715
84,1554307200,1631,1075,0,2706,14,-0.5761744048315842,0.7452948107815416
84,1554321600,2553,1214,0,3767,14,-0.5761744048315842,1.6080517235766334
84,1554336000,1054,350,0,1404,14,-0.5761744048315842,-0.3134323338548481
84,1554350400,172,35,0,207,14,-0.5761744048315842,-1.2867782571495934
84,1554364800,389,706,317,1095,14,0.9636060098468004,-0.5646970709459728
84,1554379200,1494,2110,616,3604,14,2.415954098139662,1.4755075418748427
84,1554393600,1698,1008,0,2706,14,-0.5761744048315842,0.7452948107815416
84,1554408000,2502,1359,0,3861,14,-0.5761744048315842,1.6844882455396293
84,1554422400,1049,402,0,1451,14,-0.5761744048315842,-0.27521407287335015
84,1554436800,160,40,0,200,14,-0.5761744048315842,-1.2924703385723697
84,1554451200,332,605,273,937,14,0.7498825453488543,-0.6931754802029233
84,1554465600,1288,1844,556,3132,14,2.124513010187917,1.0916986230819272
84,1554480000,1546,1024,0,2570,14,-0.5761744048315842,0.6347058002818879
84,1554494400,2264,1241,0,3505,14,-0.5761744048315842,1.3950052474670065
84,1554508800,824,448,0,1272,14,-0.5761744048315842,-0.4207687263986295
84,1554523200,188,72,0,260,14,-0.5761744048315842,-1.2436810692342872
84,1554537600,148,209,61,357,14,-0.2798759654139771,-1.1648050838043873
84,1554552000,597,813,216,1410,14,0.4730135117946968,-0.30855340692103983
84,1554566400,1010,1078,68,2088,14,-0.2458745051529402,0.24276533659929211
84,1554580800,1062,921,0,1983,14,-0.5761744048315842,0.15738411525764778
84,1554595200,696,499,0,1195,14,-0.5761744048315842,-0.4833816220491687
84,1554609600,178,122,0,300,14,-0.5761744048315842,-1.2111548896755655
84,1554624000,109,143,34,252,14,-0.4110244549922622,-1.2501863051460316
84,1554638400,504,528,24,1032,14,-0.45959796965088634,-0.6159258037509594
84,1554652800,835,922,87,1757,14,-0.15358482730155437,-0.026388799249129537
84,1554667200,957,783,0,1740,14,-0.5761744048315842,-0.04021242556158624
84,1554681600,509,351,0,860,14,-0.5761744048315842,-0.7557883758534625
84,1554696000,97,57,0,154,14,-0.5761744048315842,-1.3298754450648995
84,1554710400,378,660,282,1038,14,0.7935987085416161,-0.6110468768171512
84,1554724800,1389,2048,659,3437,14,2.6248202111717456,1.3397107422171797
84,1554739200,1568,935,0,2503,14,-0.5761744048315842,0.5802244495210293
84,1554753600,2421,1192,0,3613,14,-0.5761744048315842,1.482825932275555
84,1554768000,1071,336,0,1407,15,-0.5323447550667435,-0.33070301792630463
84,1554782400,195,37,0,232,15,-0.5323447550667435,-1.3056832398429743
84,1554796800,413,658,245,1071,15,0.6282119249410512,-0.6095058728743906
84,1554811200,1451,2122,671,3573,15,2.646159458342359,1.4665796720068924
84,1554825600,1579,955,0,2534,15,-0.5323447550667435,0.604448224712067
84,1554840000,2617,1199,0,3816,15,-0.5323447550667435,1.6682138796032762
84,1554854400,1126,332,0,1458,15,-0.5323447550667435,-0.288384727443113
84,1554868800,135,42,0,177,15,-0.5323447550667435,-1.3513206119326908
84,1554883200,386,664,278,1050,15,0.7845318042890398,-0.626931051308646
84,1554897600,1440,2017,577,3457,15,2.200884650502634,1.3703263054176724
84,1554912000,1757,1020,0,2777,15,-0.5323447550667435,0.8060824323084507
84,1554926400,2516,1287,0,3803,15,-0.5323447550667435,1.6574268643820704
84,1554940800,1267,421,0,1688,15,-0.5323447550667435,-0.09753753506793511
84,1554955200,242,31,0,273,15,-0.5323447550667435,-1.2716626533760949
84,1554969600,423,638,215,1061,15,0.4861029437156069,-0.6178035768907028
84,1554984000,1503,2154,651,3657,15,2.5514201375253966,1.536280385743914
84,1554998400,1740,1002,0,2742,15,-0.5323447550667435,0.7770404682513584
84,1555012800,2465,1254,0,3719,15,-0.5323447550667435,1.5877261506450489
84,1555027200,1200,400,0,1600,15,-0.5323447550667435,-0.17055733041148144
84,1555041600,190,33,0,223,15,-0.5323447550667435,-1.3131511734576553
84,1555056000,371,571,200,942,15,0.4150484531028848,-0.7165462546848165
84,1555070400,1245,1856,611,3101,15,2.361941495891471,1.0749280424369623
84,1555084800,1535,998,0,2533,15,-0.5323447550667435,0.6036184543104359
84,1555099200,2289,1176,0,3465,15,-0.5323447550667435,1.376964468630722
84,1555113600,1064,475,0,1539,15,-0.5323447550667435,-0.22117332491098515
84,1555128000,221,75,0,296,15,-0.5323447550667435,-1.252577934138577
84,1555142400,151,177,26,328,15,-0.4091836380046918,-1.2260252812863783
84,1555156800,657,795,138,1452,15,0.12135655857030002,-0.29336334985290025
84,1555171200,1110,1216,106,2326,15,-0.030226354736840516,0.43185598117277574
84,1555185600,1228,971,0,2199,15,-0.5323447550667435,0.3264751401656123
84,1555200000,896,414,0,1310,15,-0.5323447550667435,-0.41119074688453183
84,1555214400,296,83,0,379,15,-0.5323447550667435,-1.1837069908031868
84,1555228800,119,192,73,311,15,-0.18654623408482918,-1.240131378114109
84,1555243200,578,564,0,1142,15,-0.5323447550667435,-0.5505921743585749
84,1555257600,845,813,0,1658,15,-0.5323447550667435,-0.12243064711687136
84,1555272000,923,654,0,1577,15,-0.5323447550667435,-0.18964204964899922
84,1555286400,448,281,0,729,15,-0.5323447550667435,-0.8932873502322638
84,1555300800,94,28,0,122,15,-0.5323447550667435,-1.3969579840224073
84,1555315200,391,600,209,991,15,0.4576811474705181,-0.6758875050048873
84,1555329600,1270,1990,720,3260,15,2.8782707943439183,1.2068615362963242
84,1555344000,1521,865,0,2386,15,-0.5323447550667435,0.48164220527064827
84,1555358400,2365,1104,0,3469,15,-0.5323447550667435,1.3802835502372468
84,1555372800,973,372,0,1345,16,-0.5242460018165094,-0.2508209472171319
84,1555387200,120,32,0,152,16,-0.5242460018165094,-1.264918028813258
84,1555400362,79,177,98,256,16,0.05256147903330017,-1.1765139244662361
84,1555401600,424,657,233,1081,16,0.8471432128570175,-0.47523136594418747
84,1555416000,1526,2138,612,3664,16,3.077857858184342,1.7204205718284813
84,1555430400,1639,1112,0,2751,16,-0.5242460018165094,0.9443345403974142
84,1555444800,2469,1184,0,3653,16,-0.5242460018165094,1.711070137714854
84,1555459200,1074,376,0,1450,16,-0.5242460018165094,-0.16156680340523477
84,1555473600,117,30,0,147,16,-0.5242460018165094,-1.269168226137634
84,1555488000,418,644,226,1062,16,0.8059426785106025,-0.49138211577681645
84,1555502400,1481,2093,612,3574,16,3.077857858184342,1.6439170199897124
84,1555516800,1682,1152,0,2834,16,-0.5242460018165094,1.0148878159820567
84,1555531200,2497,1204,0,3701,16,-0.5242460018165094,1.7518720320288639
84,1555545600,1112,409,0,1521,16,-0.5242460018165094,-0.10121400139909482
84,1555560000,118,57,0,175,16,-0.5242460018165094,-1.2453671211211281
84,1555574400,393,629,236,1022,16,0.8648005847197667,-0.5253836943718249
84,1555588800,1544,2051,507,3595,16,2.4598498429881177,1.6617678487520917
84,1555603200,1468,999,0,2467,16,-0.5242460018165094,0.7029233323728543
84,1555617600,2698,1297,0,3995,16,-0.5242460018165094,2.001783634702176
84,1555632000,1006,380,0,1386,16,-0.5242460018165094,-0.21596932915724823
84,1555646400,149,59,0,208,16,-0.5242460018165094,-1.2173158187802462
84,1555660800,263,448,185,711,16,0.5646252630530291,-0.7897459679480153
84,1555675200,1208,1468,260,2676,16,1.006059559621761,0.8805815805317734
84,1555689600,1303,1048,0,2351,16,-0.5242460018165094,0.6043187544473299
84,1555704000,1598,916,0,2514,16,-0.5242460018165094,0.7428751872219892
84,1555718400,953,348,0,1301,16,-0.5242460018165094,-0.2882226836716411
84,1555732800,238,75,0,313,16,-0.5242460018165094,-1.1280616749683492
84,1555747200,118,161,43,279,16,-0.27115700511710317,-1.1569630167741063
84,1555761600,610,496,0,1106,16,-0.5242460018165094,-0.45398037932230717
84,1555776000,933,786,0,1719,16,-0.5242460018165094,0.06709381264619686
84,1555790400,1086,724,0,1810,16,-0.5242460018165094,0.144447403949841
84,1555804800,778,302,0,1080,16,-0.5242460018165094,-0.4760814054090627
84,1555819200,259,63,0,322,16,-0.5242460018165094,-1.1204113197844723
84,1555833600,108,139,31,247,16,-0.34178649256810023,-1.184164279650113
84,1555848000,538,521,0,1059,16,-0.5242460018165094,-0.49393223417144205
84,1555862400,745,802,57,1547,16,-0.1887559364242732,-0.07911297531233935
84,1555876800,929,559,0,1488,16,-0.5242460018165094,-0.12926530373997677
84,1555891200,626,263,0,889,16,-0.5242460018165094,-0.6384389432002279
84,1555905600,139,35,0,174,16,-0.5242460018165094,-1.2462171605860033
84,1555920000,296,536,240,832,16,0.8883437472034325,-0.6868911926981148
84,1555934400,1213,1703,490,2916,16,2.3597914024325384,1.0845910521018238
84,1555948800,1206,860,0,2066,16,-0.5242460018165094,0.3620575069578949
84,1555963200,2016,1068,0,3084,16,-0.5242460018165094,1.2273976822008592
84,1555977600,841,319,0,1160,17,-0.5237567752113531,-0.4066201400187676
84,1555992000,175,26,0,201,17,-0.5237567752113531,-1.2649978129577573
84,1556006400,336,534,198,870,17,0.7196235681108315,-0.6661921161942702
84,1556020800,1365,1845,480,3210,17,2.4904986025393976,1.4282852088080613
84,1556035200,1155,1161,6,2316,17,-0.4860785829894687,0.6280874615635808
84,1556049600,2085,1154,0,3239,17,-0.5237567752113531,1.4542424064256116
84,1556064000,1131,360,0,1491,17,-0.5237567752113531,-0.1103500568667284
84,1556078400,161,32,0,193,17,-0.5237567752113531,-1.2721584191970816
84,1556092800,349,527,178,876,17,0.5940295940378836,-0.6608216615147771
84,1556107200,1234,1791,557,3025,17,2.974035402720247,1.262696189523689
84,1556121600,1287,1003,0,2290,17,-0.5237567752113531,0.6048154912857772
84,1556136000,2075,1197,0,3272,17,-0.5237567752113531,1.483779907162824
84,1556150400,845,367,0,1212,17,-0.5237567752113531,-0.3600761994631602
84,1556164800,107,47,0,154,17,-0.5237567752113531,-1.3070663746137872
84,1556179200,360,563,203,923,17,0.7510220616290685,-0.6187530998587474
84,1556193600,1307,1773,466,3080,17,2.402582820688334,1.3119253574190428
84,1556208000,1270,1075,0,2345,17,-0.5237567752113531,0.6540446591811311
84,1556222400,2243,1282,0,3525,17,-0.5237567752113531,1.7102340794814521
84,1556236800,834,359,0,1193,17,-0.5237567752113531,-0.3770826392815552
84,1556251200,136,66,0,202,17,-0.5237567752113531,-1.2641027371778417
84,1556265600,336,527,191,863,17,0.6756656771852998,-0.6724576466536789
84,1556280000,1297,1609,312,2906,17,1.4355092203266349,1.1561821717137413
84,1556294400,1359,970,0,2329,17,-0.5237567752113531,0.6397234467024826
84,1556308800,2012,1038,0,3050,17,-0.5237567752113531,1.2850730840215772
84,1556323200,811,349,0,1160,17,-0.5237567752113531,-0.4066201400187676
84,1556337600,163,73,0,236,17,-0.5237567752113531,-1.2336701606607139
84,1556352000,146,199,53,345,17,-0.19093274391804105,-1.1361069006499216
84,1556366400,676,714,38,1390,17,-0.28512822447275205,-0.20075271063819655
84,1556380800,974,955,0,1929,17,-0.5237567752113531,0.2816931347362721
84,1556395200,1031,833,0,1864,17,-0.5237567752113531,0.22351320904176292
84,1556409600,702,355,0,1057,17,-0.5237567752113531,-0.4988129453500668
84,1556424000,150,84,0,234,17,-0.5237567752113531,-1.235460312220545
84,1556438400,107,141,34,248,17,-0.3102470192873416,-1.2229292513017276
84,1556452800,575,560,0,1135,17,-0.5237567752113531,-0.4289970345166558
84,1556467200,817,677,0,1494,17,-0.5237567752113531,-0.10766482952698182
84,1556481600,819,550,0,1369,17,-0.5237567752113531,-0.21954930201642262
84,1556496000,434,228,0,662,17,-0.5237567752113531,-0.8523678784166997
84,1556510400,77,38,0,115,17,-0.5237567752113531,-1.3419743300304925
84,1556524800,384,639,255,1023,17,1.0775663942187332,-0.5292455218671948
84,1556539200,1416,1948,532,3364,17,2.817042935129062,1.5661268789150524
84,1556553600,1560,980,0,2540,17,-0.5237567752113531,0.8285844362646587
84,1556568000,2457,1253,0,3710,17,-0.5237567752113531,1.8758230987658244
84,1556582400,997,337,0,1334,18,-0.6216357618736333,-0.39137351921679714
84,1556596800,128,65,0,193,18,-0.6216357618736333,-1.3567037877796337
84,1556611200,372,653,281,1025,18,0.8445003815381613,-0.6527995078109395
84,1556625600,1378,1987,609,3365,18,2.555862143243032,1.3269312796010129
84,1556640000,1453,984,0,2437,18,-0.6216357618736333,0.5418072750205463
84,1556654400,2404,1307,0,3711,18,-0.6216357618736333,1.6196607037226092
84,1556668800,1125,395,0,1520,18,-0.6216357618736333,-0.2340103027814881
84,1556683200,132,69,0,201,18,-0.6216357618736333,-1.3499354773953194
84,1556697600,379,642,263,1021,18,0.7505841872982599,-0.6561836630030967
84,1556712000,1524,2045,521,3569,18,2.096716304736847,1.4995231944010292
84,1556726400,1642,941,0,2583,18,-0.6216357618736333,0.6653289395342834
84,1556740800,2513,1363,0,3876,18,-0.6216357618736333,1.759257105399093
84,1556755200,1020,420,0,1440,18,-0.6216357618736333,-0.3016934066246318
84,1556769600,123,54,0,177,18,-0.6216357618736333,-1.3702404085482625
84,1556784000,395,651,256,1046,18,0.7140612228716315,-0.6350326930521143
84,1556798400,1495,1993,498,3488,18,1.97671227876364,1.4309940517598463
84,1556812800,1541,1094,0,2635,18,-0.6216357618736333,0.7093229570323268
84,1556827200,2509,1258,0,3767,18,-0.6216357618736333,1.66703887641281
84,1556841600,1071,456,0,1527,18,-0.6216357618736333,-0.228088031195213
84,1556856000,154,75,0,229,18,-0.6216357618736333,-1.3262463910502191
84,1556870400,377,608,231,985,18,0.5836220642051018,-0.6866410597325114
84,1556884800,1277,1837,560,3114,18,2.300201392256634,1.1145755412931495
84,1556899200,1464,985,0,2449,18,-0.6216357618736333,0.5519597405970178
84,1556913600,2116,1207,0,3323,18,-0.6216357618736333,1.2913976500833624
84,1556928000,869,460,0,1329,18,-0.6216357618736333,-0.3956037132069936
84,1556942400,175,101,0,276,18,-0.6216357618736333,-1.2864825675423721
84,1556956800,149,283,134,432,18,0.07751812857896628,-1.1545005150482421
84,1556971200,691,1137,446,1828,18,1.705398828737258,0.02656964701461505
84,1556985600,1055,949,0,2004,18,-0.6216357618736333,0.17547247546953113
84,1557000000,1186,1064,0,2250,18,-0.6216357618736333,0.38359801978719793
84,1557014400,801,582,0,1383,18,-0.6216357618736333,-0.34991761811287164
84,1557028800,188,108,0,296,18,-0.6216357618736333,-1.2695617915815862
84,1557043200,110,286,176,396,18,0.2966559151387363,-1.1849579117776567
84,1557057600,548,735,187,1283,18,0.3540491449520094,-0.4345214979168012
84,1557072000,952,788,0,1740,18,-0.6216357618736333,-0.04788176721284299
84,1557086400,1193,631,0,1824,18,-0.6216357618736333,0.023185491822457865
84,1557100800,606,298,0,904,18,-0.6216357618736333,-0.7551702023736944
84,1557115200,85,33,0,118,18,-0.6216357618736333,-1.420156697632581
84,1557129600,383,680,297,1063,18,0.9279814430847404,-0.6206500334854463
84,1557144000,1330,1875,545,3205,18,2.221937897056716,1.1915650719147255
84,1557158400,1514,1087,0,2601,18,-0.6216357618736333,0.6805576378989908
84,1557172800,2339,1171,0,3510,18,-0.6216357618736333,1.4496069053167107
84,1557187200,1086,340,0,1426,19,-0.5489062346397227,-0.2601281062634395
84,1557201600,120,36,0,156,19,-0.5489062346397227,-1.331905735499641
84,1557216000,434,671,237,1105,19,0.8177302485027983,-0.5310262314483377
84,1557230400,1495,2001,506,3496,19,2.368891488862875,1.486785037452259
84,1557244800,1515,1075,0,2590,19,-0.5489062346397227,0.7221940673042287
84,1557259200,2265,1200,0,3465,19,-0.5489062346397227,1.4606235362661786
84,1557273600,1090,348,0,1438,19,-0.5489062346397227,-0.25000107354624707
84,1557288000,124,50,0,174,19,-0.5489062346397227,-1.3167151864238524
84,1557302400,380,651,271,1031,19,1.013787803046451,-0.5934762665376911
84,1557316800,1475,1945,470,3420,19,2.1613011369931248,1.4226471635767068
84,1557331200,1636,958,0,2594,19,-0.5489062346397227,0.7255697448766262
84,1557345600,2449,1210,0,3659,19,-0.5489062346397227,1.6243438985274568
84,1557360000,1155,337,0,1492,19,-0.5489062346397227,-0.204429426318881
84,1557374400,133,37,0,170,19,-0.5489062346397227,-1.3200908639962499
84,1557388800,360,645,285,1005,19,1.0945173843291318,-0.6154181707582749
84,1557403200,1430,2014,584,3444,19,2.8186705845806665,1.4429012290110919
84,1557417600,1671,1055,0,2726,19,-0.5489062346397227,0.8369671047657432
84,1557432000,2463,1143,0,3606,19,-0.5489062346397227,1.57961617069319
84,1557446400,1136,371,0,1507,19,-0.5489062346397227,-0.19177063542239042
84,1557460800,151,53,0,204,19,-0.5489062346397227,-1.2913976046308713
84,1557475200,355,572,217,927,19,0.7024022752418262,-0.6812438834200258
84,1557489600,1314,1660,346,2974,19,1.446267702775097,1.0462591142543873
84,1557504000,1435,935,0,2370,19,-0.5489062346397227,0.5365318008223671
84,1557518400,2028,1059,0,3087,19,-0.5489062346397227,1.1416220056746162
84,1557532800,885,400,0,1285,19,-0.5489062346397227,-0.3791207406904509
84,1557547200,184,97,0,281,19,-0.5489062346397227,-1.2264158113622197
84,1557561600,145,191,46,336,19,-0.2836518961394865,-1.1800002447417544
84,1557576000,760,815,55,1575,19,-0.23175430817204898,-0.13438411669163317
84,1557590400,1087,1167,80,2254,19,-0.08759434159583368,0.43863715122283997
84,1557604800,1332,961,0,2293,19,-0.5489062346397227,0.47155000755371546
84,1557619200,741,358,0,1099,19,-0.5489062346397227,-0.536089747806934
84,1557633600,206,85,0,291,19,-0.5489062346397227,-1.2179766174312259
84,1557648000,86,140,54,226,19,-0.2375207068350976,-1.2728313779826852
84,1557662400,560,376,0,936,19,-0.5489062346397227,-0.6736486088821314
84,1557676800,880,647,0,1527,19,-0.5489062346397227,-0.174892247560403
84,1557691200,880,458,0,1338,19,-0.5489062346397227,-0.33439301285618417
84,1557705600,466,235,0,701,19,-0.5489062346397227,-0.8719696662604837
84,1557720000,68,30,0,98,19,-0.5489062346397227,-1.3808530602994047
84,1557734400,394,624,230,1018,19,0.777365457861458,-0.604447218647983
84,1557748800,1391,2008,617,3399,19,3.008961740461271,1.4049248563216201
84,1557763200,1541,975,0,2516,19,-0.5489062346397227,0.6597440322148752
84,1557777600,2432,1167,0,3599,19,-0.5489062346397227,1.5737087349414944
84,1557792000,765,301,0,1066,20,-0.6287535422988492,-0.5533587832027101
84,1557806400,113,40,0,153,20,-0.6287535422988492,-1.3534755215394796
84,1557820800,391,721,330,1112,20,1.5668937482685608,-0.5130462202635082
84,1557835200,1415,1915,500,3330,20,2.697984776742681,1.430720401457143
84,1557849600,1647,998,0,2645,20,-0.6287535422988492,0.8304137576885922
84,1557864000,2485,1199,0,3684,20,-0.6287535422988492,1.7409518640762192
84,1557878400,1009,299,0,1308,20,-0.6287535422988492,-0.34127964773995195
84,1557892800,109,42,0,151,20,-0.6287535422988492,-1.355228241667271
84,1557907200,391,620,229,1011,20,0.8948926078221716,-0.6015585867169734
84,1557921600,1393,1896,503,3289,20,2.71794520665693,1.3947896388374197
84,1557936000,1605,1072,0,2677,20,-0.6287535422988492,0.8584572797332544
84,1557950400,2326,1139,0,3465,20,-0.6287535422988492,1.549029010083062
84,1557964800,976,363,0,1339,20,-0.6287535422988492,-0.31411248575918543
84,1557979200,119,59,0,178,20,-0.6287535422988492,-1.3315665199420872
84,1557993600,426,634,208,1060,20,0.7551695984224274,-0.5586169435860843
84,1558008000,1454,1873,419,3327,20,2.159053169057953,1.428091321265456
84,1558022400,1516,964,0,2480,20,-0.6287535422988492,0.6858143471458025
84,1558036800,2218,1203,0,3421,20,-0.6287535422988492,1.5104691672716515
84,1558051200,1000,404,0,1404,20,-0.6287535422988492,-0.2571490816059653
84,1558065600,135,44,0,179,20,-0.6287535422988492,-1.3306901598781915
84,1558080000,386,589,203,975,20,0.721902215232012,-0.6331075490172183
84,1558094400,1302,1610,308,2912,20,1.4205172622307334,1.0644018947487426
84,1558108800,1401,1002,0,2403,20,-0.6287535422988492,0.618334622225834
84,1558123200,2014,1054,0,3068,20,-0.6287535422988492,1.201114064716471
84,1558137600,793,374,0,1167,20,-0.6287535422988492,-0.46484641674924493
84,1558152000,162,87,0,249,20,-0.6287535422988492,-1.269344955405493
84,1558166400,167,187,20,354,20,-0.495684009537188,-1.177327148696445
84,1558180800,665,788,123,1453,20,0.18962408418536722,-0.2142074384750762
84,1558195200,987,1219,232,2206,20,0.9148530377364208,0.44569168963838207
84,1558209600,1186,896,0,2082,20,-0.6287535422988492,0.3370230417153159
84,1558224000,730,392,0,1122,20,-0.6287535422988492,-0.5042826196245512
84,1558238400,186,80,0,266,20,-0.6287535422988492,-1.254446834319266
84,1558252800,130,139,9,269,20,-0.5688722525561016,-1.251817754127579
84,1558267200,536,653,117,1189,20,0.14970322435686886,-0.44556649534353965
84,1558281600,887,1018,131,1905,20,0.2428518972900317,0.1819073104057779
84,1558296000,959,800,0,1759,20,-0.6287535422988492,0.05395874107700645
84,1558310400,462,268,0,730,20,-0.6287535422988492,-0.8478157646716636
84,1558324800,84,50,0,134,20,-0.6287535422988492,-1.3701263627534979
84,1558339200,334,626,292,960,20,1.3140616360214044,-0.6462529499756537
84,1558353600,1389,1734,345,3123,20,1.6666958978398065,1.2493138682307343
84,1558368000,1346,944,0,2290,20,-0.6287535422988492,0.5193059350056205
84,1558382400,2244,1153,0,3397,20,-0.6287535422988492,1.4894365257381548
84,1558396800,921,340,0,1261,21,-0.5685807396997372,-0.20496784927753114
84,1558411200,121,79,0,200,21,-0.5685807396997372,-1.2370807902409937
84,1558425600,398,590,192,988,21,0.8128889436431965,-0.4705350810240206
84,1558440000,1390,1860,470,3250,21,2.8131419226501526,1.7298791248754635
84,1558454400,1401,973,0,2374,21,-0.5685807396997372,0.8777293263043104
84,1558468800,2385,1282,0,3667,21,-0.5685807396997372,2.135525775565156
84,1558483200,902,367,0,1269,21,-0.5685807396997372,-0.19718565933624208
84,1558497600,114,59,0,173,21,-0.5685807396997372,-1.2633456812928443
84,1558512000,403,608,205,1011,21,0.9064259534528744,-0.44816128494281454
84,1558526400,1471,1836,365,3307,21,2.057650689571986,1.785327228207148
84,1558540800,1480,1075,0,2555,21,-0.5685807396997372,1.0538013737259757
84,1558555200,2257,1188,0,3445,21,-0.5685807396997372,1.9195700046943844
84,1558569600,1189,400,0,1589,21,-0.5685807396997372,0.11410193831532064
84,1558584000,567,285,0,852,21,-0.5685807396997372,-0.6028323100259347
84,1558597609,64,180,116,244,21,0.2660571939866186,-1.194278745563904
84,1558598400,358,556,198,914,21,0.8560598712476633,-0.5425203379809445
84,1558612800,1243,1884,641,3127,21,4.043513359377453,1.610227954528144
84,1558627200,1335,968,0,2303,21,-0.5685807396997372,0.8086623905753699
84,1558641600,2225,1225,0,3450,21,-0.5685807396997372,1.92443387340769
84,1558656000,1155,328,0,1483,21,-0.5685807396997372,0.010987921593240491
84,1558670400,297,43,0,340,21,-0.5685807396997372,-1.1008924662684352
84,1558684800,363,481,118,844,21,0.28044750318810746,-0.6106144999672238
84,1558687000,177,397,220,574,21,1.0143532724640412,-0.8732634104857299
84,1558699200,887,1118,231,2005,21,1.0934999730722301,0.5187758152623522
84,1558713600,1587,1148,0,2735,21,-0.5685807396997372,1.2289006474049797
84,1558728000,1636,1062,0,2698,21,-0.5685807396997372,1.1929080189265178
84,1558742400,989,355,0,1344,21,-0.5685807396997372,-0.12422762863665707
84,1558756800,287,78,0,365,21,-0.5685807396997372,-1.0765731227019069
84,1558771200,132,156,24,288,21,-0.39589702928187054,-1.151476700886814
84,1558785600,521,636,115,1157,21,0.2588620393858741,-0.306136318514289
84,1558800000,800,963,163,1763,21,0.6042294602216076,0.28336456953835787
84,1558814400,1048,726,0,1774,21,-0.5685807396997372,0.2940650807076303
84,1558828800,747,308,0,1055,21,-0.5685807396997372,-0.4053592402657247
84,1558843200,223,58,0,281,21,-0.5685807396997372,-1.158286117085442
84,1558857600,116,122,6,238,21,-0.5254098120952706,-1.2001153880198707
84,1558872000,476,502,26,978,21,-0.38150672008038167,-0.48026281845063196
84,1558886400,718,951,233,1669,21,1.1078902822737189,0.1919238377282113
84,1558900800,997,674,0,1671,21,-0.5685807396997372,0.19386938521353358
84,1558915200,597,257,0,854,21,-0.5685807396997372,-0.6008867625406125
84,1558929600,163,58,0,221,21,-0.5685807396997372,-1.21665254164511
84,1558944000,130,156,26,286,21,-0.38150672008038167,-1.1534222483721364
84,1558958400,494,477,0,971,21,-0.5685807396997372,-0.48707223464925986
84,1558972800,782,910,128,1692,21,0.3523990491955519,0.21429763380941738
84,1558987200,812,678,0,1490,21,-0.5685807396997372,0.017797337791868425
84,1559001600,637,281,0,918,22,-0.3211691279682387,-0.6242517135824697
84,1559016000,200,48,0,248,22,-0.3211691279682387,-1.2109144801793605
84,1559030400,367,521,154,888,22,-0.04514973922274737,-0.6505201956688976
84,1559044800,1256,1816,560,3072,22,0.6825377401971844,1.2618253002230566
84,1559059200,1433,786,0,2219,22,-0.3211691279682387,0.5149247928989554
84,1559073600,2587,991,0,3578,22,-0.3211691279682387,1.7048870314141413
84,1559088000,697,354,0,1051,22,-0.3211691279682387,-0.5077947763326391
84,1559102400,110,40,0,150,22,-0.3211691279682387,-1.296724854995025
84,1559116800,401,3959,3558,4360,22,6.055954152268503,2.3896187978003627
84,1559131200,1072,1782,710,2854,22,0.9513877941700657,1.0709409970616803
84,1559145600,1181,898,0,2079,22,-0.3211691279682387,0.3923385431622917
84,1559160000,2278,1257,0,3535,22,-0.3211691279682387,1.6672355404235946
84,1559174400,737,386,0,1123,22,-0.3211691279682387,-0.4447504193252121
84,1559188800,113,35,0,148,22,-0.3211691279682387,-1.2984760871341203
84,1559203200,375,554,179,929,22,-0.00034139689393384166,-0.6146199368174461
84,1559217600,1227,1789,562,3016,22,0.6861224075834894,1.2127908003283911
84,1559232000,1255,934,0,2189,22,-0.3211691279682387,0.48865631081252753
84,1559246400,2202,1301,0,3503,22,-0.3211691279682387,1.6392158261980714
84,1559260800,797,392,0,1189,22,-0.3211691279682387,-0.3869597587350706
84,1559275200,114,43,0,157,22,-0.3211691279682387,-1.2905955425081919
84,1559289600,381,585,204,966,22,0.04446694543487969,-0.582222142244185
84,1559304000,1148,1480,332,2628,22,0.273885658158405,0.8730517653439231
84,1559318400,1311,1026,0,2337,22,-0.3211691279682387,0.618247489105572
84,1559332800,2004,1100,0,3104,22,-0.3211691279682387,1.2898450144485798
84,1559347200,820,428,0,1248,22,-0.3211691279682387,-0.3352984106317623
84,1559361600,194,143,0,337,22,-0.3211691279682387,-1.1329846499896241
84,1559376000,151,179,28,330,22,-0.2709837845599676,-1.1391139624764575
84,1559390400,573,656,83,1229,22,-0.1724054314365778,-0.3519351159531667
84,1559404800,843,984,141,1827,22,-0.06845007723373041,0.171683293636297
84,1559419200,940,860,0,1800,22,-0.3211691279682387,0.14804165975851186
84,1559433600,659,443,0,1102,22,-0.3211691279682387,-0.46313835678571164
84,1559448000,173,94,0,267,22,-0.3211691279682387,-1.194277774857956
84,1559462400,123,188,65,311,22,-0.20466743791332354,-1.1557506677978617
84,1559476800,518,600,82,1118,22,-0.17419776512973034,-0.4491284996729501
84,1559491200,780,878,98,1658,22,-0.1455204260392897,0.02370417788275292
84,1559505600,852,626,0,1478,22,-0.3211691279682387,-0.13390671463581474
84,1559520000,406,296,0,702,22,-0.3211691279682387,-0.8133847846047509
84,1559534400,100,45,0,145,22,-0.3211691279682387,-1.301102935342763
84,1559548800,336,524,188,860,22,0.01578960634443903,-0.6750374456162304
84,1559563200,1091,1673,582,2764,22,0.7219690814465403,0.9921355508023965
84,1559577600,1106,878,0,1984,22,-0.3211691279682387,0.3091550165552699
84,1559592000,2047,1051,0,3098,22,-0.3211691279682387,1.2845913180312942
84,1559606400,760,308,0,1068,23,-0.618921217711439,-0.44943301421389453
84,1559620800,104,44,0,148,23,-0.618921217711439,-1.3522700650594572
84,1559635200,354,573,219,927,23,0.8138175008698345,-0.5878026057021819
84,1559649600,1146,1724,578,2870,23,3.1624622495943884,1.3189499918988272
84,1559664000,1147,904,0,2051,23,-0.618921217711439,0.5152287477221795
84,1559678400,2028,1225,0,3253,23,-0.618921217711439,1.694804981544317
84,1559692800,784,332,0,1116,23,-0.618921217711439,-0.4023284724306478
84,1559707200,124,50,0,174,23,-0.618921217711439,-1.3267551049268653
84,1559721600,314,596,282,910,23,1.2259752144343106,-0.604485464250415
84,1559725983,520,804,284,1324,23,1.2390595862935003,-0.19820879136991185
84,1559736000,736,1137,401,1873,23,2.0044953400560988,0.3405494052759729
84,1559750400,1254,915,0,2169,23,-0.618921217711439,0.6310274129393278
84,1559764800,2216,1135,0,3351,23,-0.618921217711439,1.7909767543517792
84,1559779200,852,353,0,1205,23,-0.618921217711439,-0.3149888012075444
84,1559793600,122,44,0,166,23,-0.618921217711439,-1.3346058618907397
84,1559808000,370,637,267,1007,23,1.1278424254903876,-0.5092950360634373
84,1559822400,1378,1733,355,3111,23,1.7035547872947352,1.5554540454355454
84,1559836800,1292,997,0,2289,23,-0.618921217711439,0.7487887673974447
84,1559851200,2042,1222,0,3264,23,-0.618921217711439,1.7055997723696443
84,1559865600,836,383,0,1219,23,-0.618921217711439,-0.30124997652076413
84,1559880000,131,60,0,191,23,-0.618921217711439,-1.310072246378632
84,1559894400,380,528,148,908,23,0.34932229986859975,-0.6064481534913837
84,1559908800,1315,1611,296,2926,23,1.3175658174486384,1.3739052906459486
84,1559923200,1373,966,0,2339,23,-0.618921217711439,0.7978559984216601
84,1559937600,1901,1116,0,3017,23,-0.618921217711439,1.4632076511100205
84,1559952000,872,389,0,1261,23,-0.618921217711439,-0.2600335024604232
84,1559966400,165,96,0,261,23,-0.618921217711439,-1.2413781229447305
84,1559980800,161,352,191,513,23,0.6306362948411786,-0.9940792785826851
84,1559995200,647,609,0,1256,23,-0.618921217711439,-0.26494022556284474
84,1560009600,921,949,28,1870,23,-0.43574001168278303,0.33760537141451996
84,1560024000,1079,798,0,1877,23,-0.618921217711439,0.3444747837579101
84,1560038400,633,403,0,1036,23,-0.618921217711439,-0.48083604206939234
84,1560052800,147,79,0,226,23,-0.618921217711439,-1.2757251846616813
84,1560067200,75,157,82,232,23,-0.08246197148466078,-1.2698371169387754
84,1560081600,438,565,127,1003,23,0.21193639534710776,-0.5132204145453745
84,1560096000,739,869,130,1608,23,0.23156295313589234,0.08049308084763143
84,1560110400,906,652,0,1558,23,-0.618921217711439,0.03142584982341607
84,1560124800,426,243,0,669,23,-0.618921217711439,-0.8409895177871332
84,1560139200,80,25,0,105,23,-0.618921217711439,-1.3944678837402824
84,1560153600,351,502,151,853,23,0.36894885765738433,-0.6604221076180206
84,1560168000,1245,1774,529,3019,23,2.84189513904424,1.465170340350989
84,1560182400,1371,924,0,2295,23,-0.618921217711439,0.7546768351203506
84,1560196800,2079,1020,0,3099,23,-0.618921217711439,1.5436779099897335
84,1560211200,717,289,0,1006,24,-0.6389404856186682,-0.6906819474195607
84,1560225600,103,40,0,143,24,-0.6389404856186682,-1.460147144960458
84,1560240000,398,573,175,971,24,0.1937567513731916,-0.7218885313290988
84,1560254400,1298,1678,380,2976,24,1.1692020861350845,1.0658029183458715
84,1560268800,1231,965,0,2196,24,-0.6389404856186682,0.3703419055047359
84,1560283200,2152,1184,0,3336,24,-0.6389404856186682,1.3867849242725494
84,1560297600,775,364,0,1139,24,-0.6389404856186682,-0.5720969285633157
84,1560312000,124,33,0,157,24,-0.6389404856186682,-1.4476645113966429
84,1560326400,409,636,227,1045,24,0.4411867875079157,-0.6559088967775039
84,1560333112,308,738,430,1046,24,1.4071155824184731,-0.6550172800943742
84,1560340800,1340,1855,515,3195,24,1.8115685261002337,1.2610669719512673
84,1560355200,1389,999,0,2388,24,-0.6389404856186682,0.5415323086656307
84,1560369600,2276,1282,0,3558,24,-0.6389404856186682,1.5847238279273341
84,1560384000,910,372,0,1282,24,-0.6389404856186682,-0.44459574287577425
84,1560398400,116,54,0,170,24,-0.6389404856186682,-1.4360734945159572
84,1560412800,423,585,162,1008,24,0.1318992423395106,-0.6888987140533013
84,1560427200,1295,2025,730,3320,24,2.834596560118804,1.3725190573424748
84,1560441600,1286,965,0,2251,24,-0.6389404856186682,0.41938082307686725
84,1560456000,2114,1034,0,3148,24,-0.6389404856186682,1.2191609878441731
84,1560470400,840,383,0,1223,24,-0.6389404856186682,-0.4972011271804242
84,1560484800,128,45,0,173,24,-0.6389404856186682,-1.4333986444665683
84,1560499200,340,556,216,896,24,0.3888458183255702,-0.7887597825638234
84,1560513600,1059,1581,522,2640,24,1.844876415579908,0.7662197128143053
84,1560528000,1364,1047,0,2411,24,-0.6389404856186682,0.562039492377613
84,1560542400,1799,1039,0,2838,24,-0.6389404856186682,0.9427598160739782
84,1561161600,9171,8775,0,17946,25,-0.5718957719549548,4.0148578989326476
84,1561176000,176,93,0,269,25,-0.5718957719549548,-0.501921116687388
84,1561190400,143,185,42,328,25,-0.2492441274788758,-0.4868455969769404
84,1561204800,596,678,82,1274,25,0.05804315297453273,-0.24512624704332306
84,1561219200,874,1157,283,2031,25,1.6021617372529104,-0.051699663639783594
84,1561233600,980,1016,36,1996,25,-0.2953372195468871,-0.060642768552760976
84,1561248000,651,506,0,1157,25,-0.5718957719549548,-0.2750217691809903
84,1561262400,206,106,0,312,25,-0.5718957719549548,-0.4909338735085872
84,1561276800,123,150,27,273,25,-0.36447685764890403,-0.5008990475544763
84,1561291200,566,584,18,1150,25,-0.4336164957509209,-0.2768103901635858
84,1561305600,801,993,192,1794,25,0.9030831742214063,-0.11225725976480189
84,1561320000,835,805,0,1640,25,-0.5718957719549548,-0.15160692138190238
84,1561334400,473,299,0,772,25,-0.5718957719549548,-0.37339592322374154
84,1561348800,98,45,0,143,25,-0.5718957719549548,-0.5341162943741066
84,1561363200,355,513,158,868,25,0.641888985836009,-0.34886626403386073
84,1561377600,1223,1725,502,2948,25,3.2845595977353224,0.1826096850802239
84,1561392000,1124,949,0,2073,25,-0.5718957719549548,-0.04096793774421073
84,1561406400,2040,1186,0,3226,25,-0.5718957719549548,0.25364348981758716
84,1561420800,834,362,0,1196,26,-0.5196519473307166,-0.3411774710011536
84,1561435200,112,44,0,156,26,-0.5196519473307166,-1.324641213631783
84,1561449600,396,550,154,946,26,0.4502283218981463,-0.5775870245181318
84,1561464000,1276,1841,565,3117,26,3.0386750144505013,1.4753935382233072
84,1561478400,1141,879,0,2020,26,-0.5196519473307166,0.4380284173908067
84,1561492800,2107,1054,0,3161,26,-0.5196519473307166,1.5170016196422953
84,1561507200,802,370,0,1172,26,-0.5196519473307166,-0.3638727881387835
84,1561521600,117,70,0,187,26,-0.5196519473307166,-1.2953264289956776
84,1561535746,95,231,136,326,26,0.33686569302724023,-1.1638827172402377
84,1561536000,391,560,169,951,26,0.544697179290568,-0.5728588334477922
84,1561550400,1314,1936,622,3250,26,3.3976566725417037,1.6011634206943397
84,1561564800,1223,1060,0,2283,26,-0.5196519473307166,0.6867312676906678
84,1561579200,2183,1204,0,3387,26,-0.5196519473307166,1.7307158560216438
84,1561593600,873,382,0,1255,26,-0.5196519473307166,-0.2853848163711467
84,1561608000,138,64,0,202,26,-0.5196519473307166,-1.281141855784659
84,1561622400,340,542,202,882,26,0.7525286655538957,-0.6381078702184783
84,1561636800,1330,1892,562,3222,26,3.019781242972017,1.574685550700438
84,1561651200,1309,1024,0,2333,26,-0.5196519473307166,0.7340131783940634
84,1561665600,2082,1268,0,3350,26,-0.5196519473307166,1.695727242101131
84,1561680000,971,425,0,1396,26,-0.5196519473307166,-0.15204982818757098
84,1561694400,176,66,0,242,26,-0.5196519473307166,-1.2433163272219425
84,1561708800,324,460,136,784,26,0.33686569302724023,-0.7307804151971337
84,1561723200,1280,1487,207,2767,26,0.784018284684703,1.1444201632995377
84,1561737600,1417,1022,0,2439,26,-0.5196519473307166,0.8342508290852623
84,1561752000,1782,1160,0,2942,26,-0.5196519473307166,1.3099068507614224
84,1561766400,757,460,0,1217,26,-0.5196519473307166,-0.3213190685057274
84,1561780800,192,91,0,283,26,-0.5196519473307166,-1.204545160445158
84,1561795200,132,196,64,328,26,-0.11658482245638399,-1.161991440812102
84,1561809600,633,567,0,1200,26,-0.5196519473307166,-0.33739491814488193
84,1561824000,961,875,0,1836,26,-0.5196519473307166,0.26403098600231073
84,1561838400,1018,812,0,1830,26,-0.5196519473307166,0.2583571567179032
84,1561852800,688,357,0,1045,26,-0.5196519473307166,-0.4839688413254084
84,1561867200,164,88,0,252,26,-0.5196519473307166,-1.2338599450812633
84,1561881600,103,131,28,234,26,-0.3433100801981961,-1.2508814329344857
84,1561896000,608,472,0,1080,26,-0.5196519473307166,-0.4508715038330315
84,1561910400,921,960,39,1881,26,-0.2740329181104202,0.3065847056353668
84,1561924800,833,1009,176,1842,26,0.5887826460736981,0.2697048152867182
84,1561939200,686,380,0,1066,26,-0.5196519473307166,-0.46411043882998226
84,1561953600,105,73,0,178,26,-0.5196519473307166,-1.3038371729222888
84,1561968000,351,482,131,833,26,0.305376073896433,-0.684444142707806
84,1561982400,1265,1622,357,2887,26,1.7287068586089203,1.2578967489876873
84,1561996800,1171,862,0,2033,26,-0.5196519473307166,0.45032171417368955
84,1562011200,1936,1015,0,2951,26,-0.5196519473307166,1.3184175946880337
84,1562025600,741,383,0,1124,27,-0.5735749651345413,-0.05180092506871636
84,1562040000,103,38,0,141,27,-0.5735749651345413,-1.1807500467510759
84,1562054400,341,491,150,832,27,0.7287712187092611,-0.3871550893934864
84,1562063244,396,720,324,1116,27,2.239492791968072,-0.06098871039268266
84,1562068800,1213,1680,467,2893,27,3.48106282056583,1.9798481046933325
84,1562083200,1167,936,0,2103,27,-0.5735749651345413,1.07255430395166
84,1562097600,1961,1059,0,3020,27,-0.5735749651345413,2.1257041967112977
84,1562112000,758,374,0,1132,27,-0.5735749651345413,-0.042613139744750055
84,1562126400,102,61,0,163,27,-0.5735749651345413,-1.1554836371101687
84,1562140800,336,509,173,845,27,0.9284643002319775,-0.3722249382420412
84,1562143316,85,220,135,305,27,0.5985366003248809,-0.9924004476097666
84,1562144457,47,110,63,157,27,-0.0265895679201443,-1.1623744761031434
84,1562155200,1185,1396,211,2581,27,1.258392000139074,1.6215244770586468
84,1562169600,1389,1074,0,2463,27,-0.5735749651345413,1.4860046435301437
84,1562184000,1631,929,0,2560,27,-0.5735749651345413,1.5974065405832352
84,1562198400,737,377,0,1114,27,-0.5735749651345413,-0.06328565672367424
84,1562212800,110,59,0,169,27,-0.5735749651345413,-1.148592798117194
84,1562227200,134,165,31,299,27,-0.3044234204734888,-0.9992912866027415
84,1562241600,505,447,0,952,27,-0.5735749651345413,-0.2493383095339919
84,1562256000,708,723,15,1431,27,-0.44334034675016104,0.30078033673849053
84,1562270400,881,570,0,1451,27,-0.5735749651345413,0.3237498000484063
84,1562284800,482,535,53,1017,27,-0.11341264684306446,-0.17468755377676567
84,1562299200,94,113,19,207,27,-0.408611115180993,-1.104950817828354
84,1562313600,187,305,118,492,27,0.45093736615591656,-0.7776359656620544
84,1562328000,804,729,0,1533,27,-0.5735749651345413,0.4179245996190609
84,1562342400,1026,974,0,2000,27,-0.5735749651345413,0.9542615679055939
84,1562356800,1227,819,0,2046,27,-0.5735749651345413,1.0070913335184002
84,1562371200,710,320,0,1030,27,-0.5735749651345413,-0.15975740262532043
84,1562385600,124,79,0,203,27,-0.5735749651345413,-1.109544710490337
84,1562400000,121,189,68,310,27,0.016821971541315782,-0.9866580817822878
84,1562414400,556,620,64,1176,27,-0.017907260027852284,0.007919679537064617
84,1562428800,841,826,0,1667,27,-0.5735749651345413,0.5718200037954965
84,1562443200,914,656,0,1570,27,-0.5735749651345413,0.4604181067424051
84,1562457600,559,301,0,860,27,-0.5735749651345413,-0.3549978407596044
84,1562472000,138,61,0,199,27,-0.5735749651345413,-1.1141386031523202
84,1562486400,100,156,56,256,27,-0.08736572316618842,-1.0486756327190603
84,1562500800,477,460,0,937,27,-0.5735749651345413,-0.2665654070164287
84,1562515200,726,741,15,1467,27,-0.44334034675016104,0.3421253706963389
84,1562529600,833,640,0,1473,27,-0.5735749651345413,0.34901620968931363
84,1562544000,472,291,0,763,27,-0.5735749651345413,-0.46639973781269584
84,1562558400,79,29,0,108,27,-0.5735749651345413,-1.218649661212437
84,1562571381,234,360,126,594,27,0.5203958292942527,-0.660491702781484
84,1562572501,94,409,315,503,27,2.1613520209374437,-0.7650027608416007
84,1562572800,113,194,81,307,27,0.129691974141112,-0.9901035012787751
84,1562576319,184,438,254,622,27,1.6317312395076307,-0.6283344541476019
84,1562587200,1286,1719,433,3005,27,3.1858643522279015,2.108477099228861
84,1562601600,1136,834,0,1970,27,-0.5735749651345413,0.9198073729407202
84,1562616000,1969,982,0,2951,27,-0.5735749651345413,2.046459548292088
84,1562630400,643,318,0,961,28,-0.6590870975694185,-0.44304094641951
84,1562644800,105,35,0,140,28,-0.6590870975694185,-1.2365711624212938
84,1562659200,339,534,195,873,28,0.5717044072553629,-0.5280965603149509
84,1562673600,1134,1630,496,2764,28,2.471541550600282,1.2996325973700351
84,1562688000,1264,885,0,2149,28,-0.6590870975694185,0.7052098411689423
84,1562702400,2074,1155,0,3229,28,-0.6590870975694185,1.7490741935220808
84,1562716800,763,338,0,1101,28,-0.6590870975694185,-0.3077251970403994
84,1562731200,112,52,0,164,28,-0.6590870975694185,-1.2133741768134463
84,1562743024,46,117,71,163,28,-0.21095275478706224,-1.21434071788044
84,1562745600,304,549,245,853,28,0.8872919725950504,-0.5474273816548239
84,1562748934,161,383,222,544,28,0.7421216925387942,-0.8460885713558607
84,1562749004,125,238,113,363,28,0.05414080009827532,-1.0210325044817108
84,1562760000,1197,1731,534,2928,28,2.7113881002584446,1.458145332356993
84,1562774400,1326,899,0,2225,28,-0.6590870975694185,0.7786669622604595
84,1562788800,2078,1172,0,3250,28,-0.6590870975694185,1.7693715559289473
84,1562803200,835,401,0,1236,28,-0.6590870975694185,-0.17724215299625712
84,1562817600,131,65,0,196,28,-0.6590870975694185,-1.1824448626696498
84,1562832000,284,544,260,828,28,0.9819682421969568,-0.571590908329665
84,1562846400,1162,1693,531,2855,28,2.6924528463380635,1.387587834466457
84,1562860800,1398,994,0,2392,28,-0.6590870975694185,0.9400793204483985
84,1562875200,2157,1201,0,3358,28,-0.6590870975694185,1.8737579911642612
84,1562889600,776,391,0,1167,28,-0.6590870975694185,-0.24393348661881875
84,1562904000,145,48,0,193,28,-0.6590870975694185,-1.1853444858706306
84,1562918400,308,482,174,790,28,0.43915762981269413,-0.6083194688754235
84,1562932800,1098,1444,346,2542,28,1.5247788545812193,1.0850604804974455
84,1562947200,1275,968,0,2243,28,-0.6590870975694185,0.7960647014663451
84,1562961600,1823,1112,0,2935,28,-0.6590870975694185,1.4649111198259486
84,1562976000,765,460,0,1225,28,-0.6590870975694185,-0.18787410473318725
84,1562990400,164,84,0,248,28,-0.6590870975694185,-1.13218472718598
84,1563004800,115,222,107,337,28,0.016270292257512812,-1.0461625722235455
84,1563019200,642,591,0,1233,28,-0.6590870975694185,-0.18014177619723806
84,1563033600,749,859,110,1608,28,0.035205546177894065,0.18231112392537943
84,1563048000,677,724,47,1401,28,-0.36243478615011226,-0.017762876942305425
84,1563062400,517,734,217,1251,28,0.7105629360048255,-0.16274403699135243
84,1563076800,56,82,26,138,28,-0.49498156359278106,-1.2385042445552812
84,1563091200,112,139,27,251,28,-0.48866981228598727,-1.1292851039849992
84,1563105600,441,488,47,929,28,-0.36243478615011226,-0.47397026056330666
84,1563120000,661,838,177,1499,28,0.4580928837330754,0.07695814762307195
84,1563134400,809,834,25,1643,28,-0.5012933148995747,0.21614006127015709
84,1563148800,428,283,0,711,28,-0.6590870975694185,-0.6846762131679216
84,1563163200,89,32,0,121,28,-0.6590870975694185,-1.2549354426941732
84,1563177600,324,530,206,854,28,0.6411336716300942,-0.5464608405878302
84,1563192000,1203,1726,523,2929,28,2.641958835883713,1.4591118734239867
84,1563206400,1064,910,0,1974,28,-0.6590870975694185,0.5360651544450541
84,1563220800,2038,1040,0,3078,28,-0.6590870975694185,1.60312649240604
84,1563235200,715,425,0,1140,29,-0.5697995683432606,-0.2918439582394551
84,1563249600,109,46,0,155,29,-0.5697995683432606,-1.2369041166967791
84,1563264000,313,582,269,895,29,1.1425697898481917,-0.526909682931886
84,1563278400,1212,1741,529,2953,29,2.797647979921715,1.4476424044845333
84,1563292800,1208,893,0,2101,29,-0.5697995683432606,0.6301893537173859
84,1563307200,2236,1158,0,3394,29,-0.5697995683432606,1.8707607089309086
84,1563321600,769,377,0,1146,29,-0.5697995683432606,-0.2860872466143344
84,1563336000,113,54,0,167,29,-0.5697995683432606,-1.2253906934465377
84,1563350400,342,578,236,920,29,0.9325021734157831,-0.5029233844938829
84,1563364800,1269,1820,551,3089,29,2.93769305754332,1.5781278679872703
84,1563379200,1260,878,0,2138,29,-0.5697995683432606,0.6656890754056306
84,1563393600,2181,1172,0,3353,29,-0.5697995683432606,1.8314231794925835
84,1563408000,849,380,0,1229,29,-0.5697995683432606,-0.2064527358001639
84,1563422400,112,57,0,169,29,-0.5697995683432606,-1.2234717895714973
84,1563436800,363,530,167,893,29,0.49326988451165593,-0.5288285868069262
84,1563451200,1287,1564,277,2851,29,1.1934952726196848,1.3497783068574802
84,1563465600,1318,828,0,2146,29,-0.5697995683432606,0.6733646909057915
84,1563480000,2117,1098,0,3215,29,-0.5697995683432606,1.6990188121148062
84,1563494400,859,359,0,1218,29,-0.5697995683432606,-0.21700670711288528
84,1563508800,125,48,0,173,29,-0.5697995683432606,-1.2196339818214168
84,1563523200,309,486,177,795,29,0.5569267379760222,-0.6228548766838986
84,1563537600,1205,1498,293,2703,29,1.2953462381626708,1.2077794201045018
84,1563552000,1302,900,0,2202,29,-0.5697995683432606,0.7270939994069187
84,1563566400,1860,1236,0,3096,29,-0.5697995683432606,1.5848440315499113
84,1563580800,677,498,0,1175,29,-0.5697995683432606,-0.2582631404262507
84,1563595200,164,83,0,247,29,-0.5697995683432606,-1.1486345384449275
84,1563609600,127,202,75,329,29,-0.09237316736051368,-1.0699594795682772
84,1563624000,520,566,46,1086,29,-0.27697804240717583,-0.3436543628655419
84,1563638400,712,707,0,1419,29,-0.5697995683432606,-0.024156867671339975
84,1563652800,776,593,0,1369,29,-0.5697995683432606,-0.07212946454734627
84,1563667200,474,340,0,814,29,-0.5697995683432606,-0.6046252898710162
84,1563681600,148,71,0,219,29,-0.5697995683432606,-1.1754991926954912
84,1563696000,109,159,50,268,29,-0.2515153010214293,-1.128486047757005
84,1563710400,495,433,0,928,29,-0.5697995683432606,-0.4952477689937218
84,1563724800,707,608,0,1315,29,-0.5697995683432606,-0.12393986917343307
84,1563739200,758,507,0,1265,29,-0.5697995683432606,-0.17191246604943936
84,1563753600,409,264,0,673,29,-0.5697995683432606,-0.7399080130613539
84,1563768000,90,27,0,117,29,-0.5697995683432606,-1.273363290322544
84,1563782400,356,508,152,864,29,0.39778460431510654,-0.5566526929950099
84,1563794667,472,967,495,1439,29,2.5812146781428695,-0.004967828920937459
84,1563794735,352,579,227,931,29,0.8752110052978535,-0.49236941318116145
84,1563794806,1136,1591,455,2727,29,2.326587264285404,1.2308062666049848
84,1563796800,99,128,29,227,29,-0.3851946932965985,-1.16782357719533
84,1563811200,1199,768,0,1967,29,-0.5697995683432606,0.501622794089689
84,1563825600,2208,1260,0,3468,29,-0.5697995683432606,1.941760152307398
84,1563840000,631,355,0,986,30,-0.5659789970672738,-0.5849127549839382
84,1563854400,1528,459,0,1987,30,-0.5659789970672738,0.44324094750202
84,1563868800,351,570,219,921,30,0.7819785687856645,-0.6516759824180914
84,1563879273,1055,1572,517,2627,30,2.6161856675261923,1.1006019560844509
84,1563883200,553,1150,597,1703,30,3.108590257792106,0.1515369999435663
84,1563897600,1199,801,0,2000,30,-0.5659789970672738,0.4565935929888506
84,1563912000,2010,1110,0,3120,30,-0.5659789970672738,1.6069753580081045
84,1563926400,752,355,0,1107,30,-0.5659789970672738,-0.4606304392988224
84,1563940800,122,51,0,173,30,-0.5659789970672738,-1.4199666611988075
84,1563955200,340,588,248,928,30,0.960475232757058,-0.644486096386721
84,1563969600,1317,1657,340,2974,30,1.5267405115628587,1.4570148779252377
84,1563984000,1338,916,0,2254,30,-0.5659789970672738,0.7174837432700029
84,1563998400,2118,1265,0,3383,30,-0.5659789970672738,1.8771096474724474
84,1564012800,834,459,0,1293,30,-0.5659789970672738,-0.26958489617955345
84,1564027200,131,61,0,192,30,-0.5659789970672738,-1.4004512562565166
84,1564041600,286,558,272,844,30,1.108196609836832,-0.7307647287631651
84,1564056000,1129,1650,521,2779,30,2.640805897039488,1.256725195622778
84,1564070400,1192,1078,0,2270,30,-0.5659789970672738,0.7339177684845636
84,1564084800,2089,1174,0,3263,30,-0.5659789970672738,1.7538544583632414
84,1564099200,790,433,0,1223,30,-0.5659789970672738,-0.34148375649325685
84,1564113600,137,55,0,192,30,-0.5659789970672738,-1.4004512562565166
84,1564128000,318,513,195,831,30,0.6342571917058905,-0.7441173742499957
84,1564142400,1238,1394,156,2632,30,0.3942099539512576,1.105737588964001
84,1564156800,1352,893,0,2245,30,-0.5659789970672738,0.7082396040868124
84,1564171200,1710,1047,0,2757,30,-0.5659789970672738,1.234128410952757
84,1564185600,813,468,0,1281,30,-0.5659789970672738,-0.28191041509047404
84,1564200000,184,101,0,285,30,-0.5659789970672738,-1.304928484696882
84,1564214400,131,219,88,350,30,-0.024333947774768962,-1.2381652572627289
84,1564228800,594,535,0,1129,30,-0.5659789970672738,-0.4380336546288014
84,1564243200,833,897,64,1730,30,-0.17205532485454303,0.1792694174931376
84,1564257600,895,879,0,1774,30,-0.5659789970672738,0.22446298683317972
84,1564272000,643,388,0,1031,30,-0.5659789970672738,-0.5386920590679861
84,1564286400,164,129,0,293,30,-0.5659789970672738,-1.2967114720896016
84,1564300800,98,154,56,252,30,-0.22129578388113438,-1.3388236617019136
84,1564315200,489,476,0,965,30,-0.5659789970672738,-0.6064824130780493
84,1564329600,786,874,88,1660,30,-0.024333947774768962,0.10737055717943422
84,1564344000,827,706,0,1533,30,-0.5659789970672738,-0.023074517961141905
84,1564358400,588,312,0,900,30,-0.5659789970672738,-0.6732456405122024
84,1564372800,81,38,0,119,30,-0.5659789970672738,-1.47543149629795
84,1564387200,357,506,149,863,30,0.3511245523029901,-0.7112493238208742
84,1564401600,1252,1696,444,2948,30,2.1668664789085463,1.4303095869515763
84,1564416000,1232,784,0,2016,30,-0.5659789970672738,0.4730276182034114
84,1564430400,2006,1066,0,3072,30,-0.5659789970672738,1.5576732823644224
84,1564444800,735,389,0,1124,31,-0.6669172043910576,-0.537490561688499
84,1564459200,117,46,0,163,31,-0.6669172043910576,-1.386764533708636
84,1564472518,256,399,143,655,31,0.20899352510858643,-0.9519645397087324
84,1564473600,145,465,320,610,31,1.29316274973402,-0.99173283184287
84,1564488000,1336,1807,471,3143,31,2.218075478086791,1.246780145396472
84,1564502400,1264,897,0,2161,31,-0.6669172043910576,0.3789476370470706
84,1564516800,2063,1081,0,3144,31,-0.6669172043910576,1.247663885221675
84,1564531200,765,482,0,1247,31,-0.6669172043910576,-0.428790563188523
84,1564545600,130,50,0,180,31,-0.6669172043910576,-1.3717409566801841
84,1564560000,352,563,211,915,31,0.6255105153601654,-0.7221921851559377
84,1564574400,1354,1738,384,3092,31,1.6851787405590355,1.201709414311116
84,1564588800,1387,897,0,2284,31,-0.6669172043910576,0.4876476355470465
84,1564603200,2202,1202,0,3404,31,-0.6669172043910576,1.4774362397744696
84,1564617600,768,360,0,1128,31,-0.6669172043910576,-0.5339556023876867
84,1564632000,151,46,0,197,31,-0.6669172043910576,-1.3567173796517322
84,1564646400,325,552,227,877,31,0.7235145130664193,-0.7557742985136539
84,1564660800,1242,1769,527,3011,31,2.5610894700586795,1.1301264884696685
84,1564675200,1263,1023,0,2286,31,-0.6669172043910576,0.4894151151974526
84,1564689600,2169,1462,0,3631,31,-0.6669172043910576,1.6780451800955636
84,1564704000,990,428,0,1418,31,-0.6669172043910576,-0.27767105307880036
84,1564718400,153,76,0,229,31,-0.6669172043910576,-1.3284377052452345
84,1564732800,296,501,205,797,31,0.5887590162203202,-0.8264734845298984
84,1564747200,1166,1400,234,2566,31,0.7663912620629053,0.7368622662543084
84,1564761600,1263,980,0,2243,31,-0.6669172043910576,0.4514143027137212
84,1564776000,1812,988,0,2800,31,-0.6669172043910576,0.9436573853518236
84,1565395200,9306,9461,155,18767,32,0.898188007905976,4.018887500808353
84,1565409600,162,91,0,253,32,-0.47719318971074903,-0.4839679139034327
84,1565424000,129,180,51,309,32,-0.024648408559439523,-0.4703479558595815
84,1565438400,685,553,0,1238,32,-0.47719318971074903,-0.24440258045355098
84,1565452800,946,919,0,1865,32,-0.47719318971074903,-0.09190769306971767
84,1565467200,1007,835,0,1842,32,-0.47719318971074903,-0.09750160440915653
84,1565481600,577,399,0,976,32,-0.47719318971074903,-0.3081245270158545
84,1565496000,150,97,0,247,32,-0.47719318971074903,-0.4854271951224167
84,1565510400,133,134,1,267,32,-0.4683197626293508,-0.4805629243924699
84,1565524800,509,531,22,1040,32,-0.28197779391998806,-0.2925588606800247
84,1565539200,809,889,80,1698,32,0.23268097680110902,-0.13252435366477375
84,1565553600,852,784,0,1636,32,-0.47719318971074903,-0.14760359292760894
84,1565568000,485,340,0,825,32,-0.47719318971074903,-0.34484977102695313
84,1565582400,69,49,0,118,32,-0.47719318971074903,-0.5168017413305738
84,1565596800,293,500,207,793,32,1.3596062161386837,-0.3526326041948681
84,1565611200,1179,1631,452,2810,32,3.533595851081249,0.13792909892027033
84,1565625600,1247,904,0,2151,32,-0.47719318971074903,-0.022348621631477914
84,1565640000,2533,1004,0,3537,32,-0.47719318971074903,0.31474533995383785
84,1565654400,770,407,0,1177,33,-0.7162353881472867,-0.3764249601093527
84,1565668800,97,39,0,136,33,-0.7162353881472867,-1.4270491332839976
84,1565683200,309,555,246,864,33,0.6425052746615367,-0.6923186836479347
84,1565697600,1272,1724,452,2996,33,1.7803124963632344,1.4593919188576783
84,1565712000,1278,845,0,2123,33,-0.7162353881472867,0.5783209263682785
84,1565726400,2501,1025,0,3526,33,-0.7162353881472867,1.994291834114702
84,1565740800,720,349,0,1069,33,-0.7162353881472867,-0.48542343340701044
84,1565755200,101,47,0,148,33,-0.7162353881472867,-1.41493819180648
84,1565769600,340,498,158,838,33,0.15645170422586005,-0.7185590568492227
84,1565772602,341,483,142,824,33,0.06807832778300975,-0.7326884885729932
84,1565784000,927,1251,324,2178,33,1.0733254848204319,0.6338294081402338
84,1565798400,1102,917,0,2019,33,-0.7162353881472867,0.47335943356312665
84,1565812800,2002,1116,0,3118,33,-0.7162353881472867,1.5825198238791063
84,1565827200,733,355,0,1088,33,-0.7162353881472867,-0.4662477760676077
84,1565841600,108,43,0,151,33,-0.7162353881472867,-1.4119104564371008
84,1565856000,295,500,205,795,33,0.4160484975267328,-0.7619565971436605
84,1565870400,1220,1720,500,2940,33,2.0454326256917854,1.4028741919625964
84,1565884800,1161,1082,0,2243,33,-0.7162353881472867,0.6994303411434537
84,1565899200,2039,1060,0,3099,33,-0.7162353881472867,1.5633441665397037
84,1565913600,764,431,0,1195,33,-0.7162353881472867,-0.35825854789307643
84,1565928000,125,55,0,180,33,-0.7162353881472867,-1.3826423478664334
84,1565942400,275,486,211,761,33,0.44918851369280166,-0.7962709313299601
84,1565956800,1163,1457,294,2620,33,0.9076254039900876,1.0799157525621292
84,1565971200,1215,903,0,2118,33,-0.7162353881472867,0.5732747007526462
84,1565985600,1632,933,0,2565,33,-0.7162353881472867,1.024407270790174
84,1566000000,648,390,0,1038,33,-0.7162353881472867,-0.5167100322239306
84,1566014400,195,148,0,343,33,-0.7162353881472867,-1.2181353927968204
84,1566028800,169,339,170,508,33,0.22273173655799777,-1.0516099474809546
84,1566043200,713,1037,324,1750,33,1.0733254848204319,0.20187249544210892
84,1566057600,992,1500,508,2492,33,2.0896193139132104,0.9507323768019423
84,1566072000,1127,1483,356,2610,33,1.2500722377061326,1.0698233013308647
84,1566086400,780,671,0,1451,33,-0.7162353881472867,-0.09989179637270267
84,1566100800,168,157,0,325,33,-0.7162353881472867,-1.2363018050130967
84,1566115200,113,245,132,358,33,0.012844967506228303,-1.2029967159499235
84,1566129600,627,818,191,1445,33,0.3387217931392388,-0.10594726711146142
84,1566144000,844,1309,465,2153,33,1.8521158647230505,0.6085982800620723
84,1566158400,950,973,23,1923,33,-0.5891986595106894,0.3764719017429865
84,1566172800,541,529,0,1070,33,-0.7162353881472867,-0.48441418828388394
84,1566187200,94,66,0,160,33,-0.7162353881472867,-1.4028272503289627
84,1566201600,297,487,190,784,33,0.33319845711156065,-0.7730582934980516
84,1566216000,976,1661,685,2637,33,3.067249790812242,1.097072919655279
84,1566230400,1017,863,0,1880,33,-0.7162353881472867,0.33307436144854874
84,1566244800,1944,1007,0,2951,33,-0.7162353881472867,1.4139758883169875
84,1566259200,542,331,0,873,34,-0.6744248742894372,-0.601701385431761
84,1566273600,109,45,0,154,34,-0.6744248742894372,-1.3087305601419343
84,1566288000,282,548,266,830,34,0.6035339266041142,-0.6439854668122025
84,1566291424,112,191,79,303,34,-0.2948807191368411,-1.1622113014050557
84,1566302400,1080,1675,595,2755,34,2.184167180340875,1.248964688009889
84,1566310119,176,298,122,474,34,-0.08829339418036476,-0.9940583266130673
84,1566316800,1101,793,0,1894,34,-0.6744248742894372,0.40229970967128087
84,1566331200,2010,1012,0,3022,34,-0.6744248742894372,1.5115193328605376
84,1566345600,635,322,0,957,34,-0.6744248742894372,-0.5190999241304334
84,1566360000,109,54,0,163,34,-0.6744248742894372,-1.299880403573935
84,1566374400,279,505,226,784,34,0.4113596708306478,-0.6892196003819772
84,1566375518,27,43,16,70,34,-0.5975551719800506,-1.391332021443262
84,1566388800,1095,1699,604,2794,34,2.227406387889905,1.2873153664712198
84,1566403200,1019,862,0,1881,34,-0.6744248742894372,0.38951615018417063
84,1566417600,2111,1140,0,3251,34,-0.6744248742894372,1.7367066499796333
84,1566432000,653,347,0,1000,34,-0.6744248742894372,-0.47681584274999184
84,1566446400,102,49,0,151,34,-0.6744248742894372,-1.3116806123312674
84,1566460800,272,531,259,803,34,0.5699034318437576,-0.6705359365162007
84,1566475200,1144,1642,498,2786,34,1.7181446100902191,1.2794485606329982
84,1566489600,1051,923,0,1974,34,-0.6744248742894372,0.48096776805349767
84,1566504000,2006,1018,0,3024,34,-0.6744248742894372,1.513486034320093
84,1566518400,653,396,0,1049,34,-0.6744248742894372,-0.428631656990884
84,1566532800,111,61,0,172,34,-0.6744248742894372,-1.2910302470059356
84,1566547200,247,440,193,687,34,0.25281590981753804,-0.784604621170415
84,1566561600,1057,1494,437,2551,34,1.425078870035683,1.0483611391352363
84,1566576000,1187,884,0,2071,34,-0.6744248742894372,0.5763527888419355
84,1566590400,1584,905,0,2489,34,-0.6744248742894372,0.9873933938890183
84,1566604800,657,376,0,1033,34,-0.6744248742894372,-0.4443652686673274
84,1566619200,210,161,0,371,34,-0.6744248742894372,-1.0953434517801715
84,1566633600,188,325,137,513,34,-0.01622804826531488,-0.9557076481517366
84,1566648000,684,1047,363,1731,34,1.0695564968547702,0.24201354071751413
84,1566662400,1040,1648,608,2688,34,2.246623813467252,1.1830801891147826
84,1566676800,1399,1308,0,2707,34,-0.6744248742894372,1.201763852980559
84,1566691200,986,717,0,1703,34,-0.6744248742894372,0.21447972028373827
84,1566705600,213,162,0,375,34,-0.6744248742894372,-1.0914100488610605
84,1566720000,136,229,93,365,34,-0.2276197296161279,-1.1012435561588376
84,1566734400,573,941,368,1514,34,1.0935782788264534,0.028626432355751085
84,1566748800,973,1600,627,2573,34,2.337906584959648,1.069994855190346
84,1566763200,1207,1232,25,2439,34,-0.5543159644310207,0.9382258574001328
84,1566777600,773,556,0,1329,34,-0.6744248742894372,-0.15329345265312525
84,1566792000,91,64,0,155,34,-0.6744248742894372,-1.3077472094121567
84,1566806400,283,522,239,805,34,0.47381630395702434,-0.6685692350566452
84,1566820800,1052,1614,562,2666,34,2.0256234193277654,1.161446473059673
84,1566835200,983,935,0,1918,34,-0.6744248742894372,0.4259001271859459
84,1566849600,1939,1034,0,2973,34,-0.6744248742894372,1.4633351471014298
84,1566864000,653,334,0,987,35,-0.5232368468411435,-0.33491160972509487
84,1566878400,110,46,0,156,35,-0.5232368468411435,-1.1790356945109477
84,1566892800,280,658,378,938,35,1.7735367706468212,-0.38468547272690806
84,1566907200,1184,1792,608,2976,35,3.1710445273193923,1.6855009108995276
84,1566921600,1296,993,0,2289,35,-0.5232368468411435,0.9876510357516565
84,1566936000,2258,1084,0,3342,35,-0.5232368468411435,2.057281193729398
84,1566950400,794,352,0,1146,35,-0.5232368468411435,-0.1734005032498234
84,1566964800,123,45,0,168,35,-0.5232368468411435,-1.1668461770411158
84,1566979200,304,558,254,862,35,1.0200978061798698,-0.46188575003584287
84,1566993600,1125,1827,702,2952,35,3.742199871350791,1.661121875959864
84,1567008000,1407,912,0,2319,35,-0.5232368468411435,1.018124829426236
84,1567022400,2278,1051,0,3329,35,-0.5232368468411435,2.04407588313708
84,1567036800,790,363,0,1153,35,-0.5232368468411435,-0.1662899513924215
84,1567051200,120,58,0,178,35,-0.5232368468411435,-1.156688245816256
84,1567065600,308,582,274,890,35,1.1416202198035716,-0.4334435426062353
84,1567080000,1286,1708,422,2994,35,2.0408860806189653,1.7037851871042753
84,1567094400,1342,1019,0,2361,35,-0.5232368468411435,1.0607881405706474
84,1567108800,2208,1175,0,3383,35,-0.5232368468411435,2.098928711751323
84,1567123200,759,409,0,1168,35,-0.5232368468411435,-0.15105305455513174
84,1567137600,145,74,0,219,35,-0.5232368468411435,-1.1150407277943306
84,1567151039,55,147,92,202,35,0.03576625582788499,-1.1323092108765924
84,1567152000,250,459,209,709,35,0.7466723755265408,-0.6173020977761985
84,1567166400,932,1219,287,2151,35,1.2206097886589777,0.8474715848485906
84,1567179391,398,538,140,936,35,0.3274200485247694,-0.3867170589718801
84,1567180800,1395,1029,0,2424,35,-0.5232368468411435,1.1247831072872643
84,1567195200,1477,858,0,2335,35,-0.5232368468411435,1.0343775193860119
84,1567209600,593,417,0,1010,35,-0.5232368468411435,-0.31154836790791723
84,1567224000,174,104,0,278,35,-0.5232368468411435,-1.0551089335676576
84,1567238400,111,173,62,284,35,-0.14651736460766776,-1.0490141748327417
84,1567252800,541,525,0,1066,35,-0.5232368468411435,-0.2546639530487021
84,1567267200,765,925,160,1690,35,0.4489424621484712,0.379190955382552
84,1567281600,796,798,2,1594,35,-0.5110846054787732,0.2816748156238975
84,1567296000,480,402,0,882,35,-0.5232368468411435,-0.4415698875861232
84,1567310400,154,80,0,234,35,-0.5232368468411435,-1.099803830957041
84,1567324800,87,117,30,204,35,-0.34095322640559067,-1.1302776246316204
84,1567339200,527,422,0,949,35,-0.5232368468411435,-0.37351174837956225
84,1567353600,684,757,73,1441,35,-0.07968003711463174,0.12625846788354195
84,1567368000,718,748,30,1466,35,-0.34095322640559067,0.15165329594569155
84,1567382400,432,356,0,788,35,-0.5232368468411435,-0.5370544410998057
84,1567396800,113,72,0,185,35,-0.5232368468411435,-1.1495776939588542
84,1567411200,81,147,66,228,35,-0.1222128818829274,-1.1058985896919569
84,1567425600,476,380,0,856,35,-0.5232368468411435,-0.4679805087707588
84,1567440000,591,506,0,1097,35,-0.5232368468411435,-0.2231743662516366
84,1567454400,666,450,0,1116,35,-0.5232368468411435,-0.2038742969244029
84,1567468800,350,279,0,629,36,-0.5515549207986015,-0.8220232921910303
84,1567483200,72,40,0,112,36,-0.5515549207986015,-1.260972086373502
84,1567497600,301,635,334,936,36,0.8660362167907684,-0.5613709134405103
84,1567512000,1198,1830,632,3028,36,2.130833100029188,1.2148009964815998
84,1567526400,1320,967,0,2287,36,-0.5515549207986015,0.5856693591717128
84,1567540800,2441,1159,0,3600,36,-0.5515549207986015,1.7004464708962495
84,1567555200,888,384,0,1272,36,-0.5515549207986015,-0.27609664874938744
84,1567569600,98,55,0,153,36,-0.5515549207986015,-1.2261618338367877
84,1567584000,300,652,352,952,36,0.9424333439662435,-0.5477864246456949
84,1567598400,1276,1965,689,3241,36,2.372757336084859,1.3956445035625795
84,1567612800,1350,1019,0,2369,36,-0.5515549207986015,0.6552898642451417
84,1567627200,2520,1104,0,3624,36,-0.5515549207986015,1.7208232040884726
84,1567641600,821,350,0,1171,36,-0.5515549207986015,-0.3618487342666595
84,1567656000,109,62,0,171,36,-0.5515549207986015,-1.2108792839426203
84,1567670400,314,666,352,980,36,0.9424333439662435,-0.524013569254768
84,1567684800,1235,1977,742,3212,36,2.5977044327682024,1.3710226176219766
84,1567699200,1422,977,0,2399,36,-0.5515549207986015,0.6807607807354205
84,1567713600,2454,1195,0,3649,36,-0.5515549207986015,1.7420489678303717
84,1567728000,794,355,0,1149,36,-0.5515549207986015,-0.38052740635953064
84,1567742400,132,59,0,191,36,-0.5515549207986015,-1.1938986729491012
84,1567756800,271,663,392,934,36,1.1122047376895212,-0.5630689745398622
84,1567771200,1123,1753,630,2876,36,2.122344530343024,1.0857483529308538
84,1567785600,1469,989,0,2458,36,-0.5515549207986015,0.7308535831663021
84,1567800000,2244,1220,0,3464,36,-0.5515549207986015,1.5849783161403188
84,1567814400,658,333,0,991,36,-0.5515549207986015,-0.5146742332083324
84,1567828800,141,69,0,210,36,-0.5515549207986015,-1.177767092505258
84,1567843200,115,183,68,298,36,-0.26294355146902915,-1.1030524041337733
84,1567857600,558,620,62,1178,36,-0.28840926052752086,-0.35590552041892776
84,1567872000,888,882,0,1770,36,-0.5515549207986015,0.14672056498924108
84,1567886400,906,714,0,1620,36,-0.5515549207986015,0.019365982537846955
84,1567900800,552,357,0,909,36,-0.5515549207986015,-0.5842947382817613
84,1567915200,165,114,0,279,36,-0.5515549207986015,-1.1191839845776166
84,1567929600,80,150,70,230,36,-0.2544549817828653,-1.1607864815117386
84,1567944000,485,485,0,970,36,-0.5515549207986015,-0.5325038747515276
84,1567958400,684,690,6,1374,36,-0.5260892117401098,-0.18949553268243943
84,1567972800,744,622,0,1366,36,-0.5515549207986015,-0.1962877770798471
84,1567987200,405,261,0,666,36,-0.5515549207986015,-0.7906091618530198
84,1568001600,97,35,0,132,36,-0.5515549207986015,-1.2439914753799828
84,1568016000,305,703,398,1008,36,1.137670446748013,-0.5002407138638411
84,1568030400,1221,1952,731,3173,36,2.551017299494301,1.3379104261846142
84,1568044800,1353,997,0,2350,36,-0.5515549207986015,0.6391582838012984
84,1568059200,2436,1265,0,3701,36,-0.5515549207986015,1.7861985564135214
84,1568073600,790,313,0,1103,37,-0.5783080225425394,-0.5229879599766095
84,1568088000,103,42,0,145,37,-0.5783080225425394,-1.3353940891411087
84,1568102400,315,715,400,1030,37,0.9626237425192626,-0.5848936462281841
84,1568116800,1283,2069,786,3352,37,2.449622895803902,1.3842159904314892
84,1568131200,1410,1020,0,2430,37,-0.5783080225425394,0.602338692843109
84,1568145600,2569,1212,0,3781,37,-0.5783080225425394,1.748017900046907
84,1568160000,1007,368,0,1375,37,-0.5783080225425394,-0.292325676957044
84,1568174400,144,46,0,190,37,-0.5783080225425394,-1.2972330496709599
84,1568188800,351,691,340,1042,37,0.7314839777599923,-0.5747173690361445
84,1568203200,1276,2118,842,3394,37,2.665353342912554,1.4198329606036282
84,1568217600,1459,1075,0,2534,37,-0.5783080225425394,0.6905330951741194
84,1568232000,2518,1218,0,3736,37,-0.5783080225425394,1.7098568605767583
84,1568246400,1261,344,0,1605,37,-0.5783080225425394,-0.09728036410961724
84,1568260800,161,67,0,228,37,-0.5783080225425394,-1.2650081718961677
84,1568275200,337,693,356,1030,37,0.7931212483624644,-0.5848936462281841
84,1568289600,1284,2051,767,3335,37,2.376428636963466,1.3697995977427664
84,1568304000,1510,1015,0,2525,37,-0.5783080225425394,0.6829008872800897
84,1568318400,2643,1268,0,3911,37,-0.5783080225425394,1.8582609029606698
84,1568332800,1301,455,0,1756,37,-0.5783080225425394,0.030771123890215094
84,1568347200,183,64,0,247,37,-0.5783080225425394,-1.2488957330087715
84,1568361600,314,624,310,938,37,0.6159140953803571,-0.6629117713671547
84,1568376000,1114,1805,691,2919,37,2.0836516016017237,1.017021988418725
84,1568390400,1375,973,0,2348,37,-0.5783080225425394,0.5328007986975047
84,1568404800,2092,1072,0,3164,37,-0.5783080225425394,1.2247876477562014
84,1568419200,812,494,0,1306,37,-0.5783080225425394,-0.350839270811272
84,1568433600,172,95,0,267,37,-0.5783080225425394,-1.2319352710220388
84,1568448000,110,214,104,324,37,-0.17766576362647088,-1.1835979543598505
84,1568462400,527,687,160,1214,37,0.038064683482181415,-0.4288573959502427
84,1568476800,887,849,0,1736,37,-0.5783080225425394,0.013810661903482334
84,1568491200,926,886,0,1812,37,-0.5783080225425394,0.07826041745306682
84,1568505600,469,365,0,834,37,-0.5783080225425394,-0.7511061736981651
84,1568520000,658,363,0,1021,37,-0.5783080225425394,-0.5925258541222138
84,1568534400,95,139,44,234,37,-0.4088055283857412,-1.259920033300148
84,1568548800,431,566,135,997,37,-0.058243551834181215,-0.6128784085062932
84,1568563200,697,876,179,1573,37,0.11125894232261702,-0.12441710328838966
84,1568577600,833,692,0,1525,37,-0.5783080225425394,-0.16512221205654828
84,1568592000,441,276,0,717,37,-0.5783080225425394,-0.8503248763205518
84,1568606400,79,32,0,111,37,-0.5783080225425394,-1.3642268745185544
84,1568620800,326,712,386,1038,37,0.9086911307420995,-0.578109461433491
84,1568635200,1152,1957,805,3109,37,2.522817154644337,1.1781463772926863
84,1568649600,1430,970,0,2400,37,-0.5783080225425394,0.5768979998630099
84,1568664000,2583,1309,0,3892,37,-0.5783080225425394,1.8421484640732737
84,1568678400,788,339,0,1127,38,-0.5663931735222771,-0.5127301643130863
84,1568692800,113,46,0,159,38,-0.5663931735222771,-1.3266918027477927
84,1568707200,315,720,405,1035,38,0.8735033862765474,-0.5900901547428311
84,1568721600,1218,2018,800,3236,38,2.2778469445988576,1.2606635293426947
84,1568736000,1446,1074,0,2520,38,-0.5663931735222771,0.6586009951285936
84,1568750400,2501,1199,0,3700,38,-0.5663931735222771,1.6508269593361904
84,1568764800,909,371,0,1280,38,-0.5663931735222771,-0.3840771367505758
84,1568779200,123,42,0,165,38,-0.5663931735222771,-1.3216465859806354
84,1568793600,313,717,404,1030,38,0.869948086128896,-0.5942945020487955
84,1568808000,1224,2164,940,3388,38,2.7755889652700563,1.3884756874440123
84,1568822400,1483,1057,0,2540,38,-0.5663931735222771,0.6754183843524512
84,1568836800,2612,1235,0,3847,38,-0.5663931735222771,1.7744347701315437
84,1568851200,906,394,0,1300,38,-0.5663931735222771,-0.36725974752671825
84,1568865600,147,48,0,195,38,-0.5663931735222771,-1.2964205021448492
84,1568880000,317,784,467,1101,38,1.0939319954309354,-0.5345927703041011
84,1568894400,1193,2117,924,3310,38,2.7187041629076334,1.3228878694709678
84,1568908800,1477,1074,0,2551,38,-0.5663931735222771,0.6846679484255729
84,1568923200,2565,1328,0,3893,38,-0.5663931735222771,1.8131147653464161
84,1568937600,888,425,0,1313,38,-0.5663931735222771,-0.3563284445312108
84,1568952000,137,57,0,194,38,-0.5663931735222771,-1.297261371606042
84,1568966400,279,632,353,911,38,0.6886277785986736,-0.694357967930748
84,1568980800,1080,1787,707,2867,38,1.9472040308672756,0.9503826981625225
84,1568995200,1339,982,0,2321,38,-0.5663931735222771,0.4912679723512108
84,1569009600,2083,1139,0,3222,38,-0.5663931735222771,1.2488913568859943
84,1569024000,716,434,0,1150,38,-0.5663931735222771,-0.49339016670565006
84,1569038400,176,98,0,274,38,-0.5663931735222771,-1.2299918147106117
84,1569052800,146,180,34,326,38,-0.4455129685021289,-1.186266602728582
84,1569067200,637,836,199,1473,38,0.14111155586035518,-0.22178933074035026
84,1569081600,1090,1195,105,2285,38,-0.1930866580188782,0.46099667174826714
84,1569096000,1295,953,0,2248,38,-0.5663931735222771,0.42988450168413067
84,1569110400,803,555,0,1358,38,-0.5663931735222771,-0.3184893187775313
84,1569124800,185,118,0,303,38,-0.5663931735222771,-1.2056066003360182
84,1569139200,92,148,56,240,38,-0.3672963652537977,-1.2585813763911695
84,1569153600,530,567,37,1097,38,-0.43484706805917467,-0.5379562481488727
84,1569168000,817,913,96,1730,38,-0.22508435934774096,-0.0056858792137804625
84,1569182400,1161,803,0,1964,38,-0.5663931735222771,0.19107757470535314
84,1569196800,507,318,0,825,38,-0.5663931735222771,-0.7666727415933355
84,1569211200,86,38,0,124,38,-0.5663931735222771,-1.3561222338895436
84,1569225600,308,668,360,976,38,0.7135148796322336,-0.6397014529532109
84,1569240000,1202,2006,804,3208,38,2.292068145189463,1.2371191844292941
84,1569254400,1439,1041,0,2480,38,-0.5663931735222771,0.6249662166808785
84,1569268800,2545,1133,0,3678,38,-0.5663931735222771,1.632327831189947
84,1569283200,876,290,0,1166,39,-0.5677364204645164,-0.5148126282914074
84,1569297600,979,361,0,1340,39,-0.5677364204645164,-0.3684101577663235
84,1569312000,341,745,404,1086,39,1.0575970673778854,-0.5821241089925954
84,1569326400,1147,2061,914,3208,39,3.1093794406442834,1.2033129166064158
84,1569340800,1478,1139,0,2617,39,-0.5677364204645164,0.7060493529263896
84,1569355200,2579,1169,0,3748,39,-0.5677364204645164,1.6576654113394347
84,1569369600,996,325,0,1321,39,-0.5677364204645164,-0.38439663443285566
84,1569384000,112,72,0,184,39,-0.5677364204645164,-1.3410610538984897
84,1569398400,332,704,372,1036,39,0.9288577812121505,-0.6241937844308378
84,1569412800,1294,2075,781,3369,39,2.574306782517948,1.3387772715175565
84,1569427200,1475,1109,0,2584,39,-0.5677364204645164,0.6782833671371495
84,1569441600,2691,1302,0,3993,39,-0.5677364204645164,1.8638068209868226
84,1569456000,1030,380,0,1410,39,-0.5677364204645164,-0.30951261215278403
84,1569470400,138,63,0,201,39,-0.5677364204645164,-1.3267573642494874
84,1569484800,321,680,359,1001,39,0.8765574462073207,-0.6536425572376076
84,1569499200,1220,2015,795,3235,39,2.630630220215457,1.2260305413430668
84,1569513600,1771,1126,0,2897,39,-0.5677364204645164,0.9416395353805475
84,1569528000,3481,1286,0,4767,39,-0.5677364204645164,2.5150453967708164
84,1569542400,1183,364,0,1547,39,-0.5677364204645164,-0.19424170145199962
84,1569556800,138,52,0,190,39,-0.5677364204645164,-1.3360126928459006
84,1569571200,306,616,310,922,39,0.6794254142660393,-0.7201126444300306
84,1569585600,1168,1811,643,2979,39,2.019118610928217,1.0106338030992652
84,1569600000,1351,1063,0,2414,39,-0.5677364204645164,0.535246470647125
84,1569614400,2294,1220,0,3514,39,-0.5677364204645164,1.4607793302884597
84,1569628800,804,379,0,1183,39,-0.5677364204645164,-0.5005089386424049
84,1569643200,210,85,0,295,39,-0.5677364204645164,-1.2476663744255916
84,1569657600,112,218,106,330,39,-0.14128753504051994,-1.2182176016188218
84,1569672000,653,807,154,1460,39,0.051821394208082225,-0.26744293671454156
84,1569686400,1055,1186,131,2241,39,-0.04070996772353965,0.38968539363080607
84,1569700800,1359,1112,0,2471,39,-0.5677364204645164,0.5832059006467215
84,1569715200,955,468,0,1423,39,-0.5677364204645164,-0.298574496538841
84,1569729600,182,85,0,267,39,-0.5677364204645164,-1.2712253926710073
84,1569744000,146,152,6,298,39,-0.5435978043084412,-1.245142193899297
84,1569758400,565,651,86,1216,39,-0.22174958889410418,-0.47274295285316487
84,1569772800,827,944,117,1771,39,-0.09703340542104862,-0.005769555488673282
84,1569787200,1038,726,0,1764,39,-0.5677364204645164,-0.011659310050027231
84,1569801600,648,316,0,964,39,-0.5677364204645164,-0.684774117061907
84,1569816000,77,43,0,120,39,-0.5677364204645164,-1.39491023845944
84,1569830400,294,495,201,789,39,0.2409072207640052,-0.8320179810957558
84,1569844800,1032,1580,548,2612,39,1.6369238551236918,0.7018423853825654
84,1569859200,1042,870,0,1912,39,-0.5677364204645164,0.11286692924717052
84,1569873600,1846,979,0,2825,39,-0.5677364204645164,0.8810592027494784
84,1569888000,665,283,0,948,40,-0.36884394014009136,-0.6178235374887684
84,1569902400,108,37,0,145,40,-0.36884394014009136,-1.218495699423278
84,1569916800,320,568,248,888,40,0.02547798129059647,-0.6627056417429036
84,1569931200,1097,1750,653,2847,40,0.669431119110873,0.8026950621546112
84,1569945600,1038,980,0,2018,40,-0.36884394014009136,0.18257398837664296
84,1569960000,2142,1118,0,3260,40,-0.36884394014009136,1.111633546437242
84,1569974400,861,301,0,1162,40,-0.36884394014009136,-0.4577440323156861
84,1569988800,97,44,0,141,40,-0.36884394014009136,-1.221487839706887
84,1570003200,354,757,403,1111,40,0.27192918218477635,-0.49589382093170103
84,1570017600,1269,2189,920,3458,40,1.093963187747944,1.259744490475888
84,1570032000,1427,1040,0,2467,40,-0.36884394014009136,0.5184417352117549
84,1570046400,2621,1293,0,3914,40,-0.36884394014009136,1.6008484828073155
84,1570060800,956,333,0,1289,40,-0.36884394014009136,-0.3627435783110999
84,1570075200,105,45,0,150,40,-0.36884394014009136,-1.2147555240687666
84,1570089600,344,726,382,1070,40,0.23853901948298425,-0.5265632588386934
84,1570104000,1376,2202,826,3578,40,0.9445024594637319,1.3495086989841585
84,1570118400,1512,1019,0,2531,40,-0.36884394014009136,0.566315979749499
84,1570132800,2692,1348,0,4040,40,-0.36884394014009136,1.6951009017409995
84,1570147200,915,409,0,1324,40,-0.36884394014009136,-0.336562350829521
84,1570161600,122,39,0,161,40,-0.36884394014009136,-1.2065271382888418
84,1570176000,327,620,293,947,40,0.09702832993729386,-0.6185715725596707
84,1570190400,1176,1845,669,3021,40,0.6948712430741432,0.9328531644916033
84,1570204800,1384,1095,0,2479,40,-0.36884394014009136,0.5274181560625819
84,1570219200,2193,1232,0,3425,40,-0.36884394014009136,1.2350593331361137
84,1570233600,740,408,0,1148,40,-0.36884394014009136,-0.46821652330831764
84,1570248000,158,108,0,266,40,-0.36884394014009136,-1.1279834558441053
84,1570262400,127,219,92,346,40,-0.22256322735128783,-1.068140650171925
84,1570276800,633,729,96,1362,40,-0.21620319636047028,-0.30813701813523536
84,1570291200,1055,1098,43,2153,40,-0.30047360698880277,0.2835587229484472
84,1570305600,1036,895,0,1931,40,-0.36884394014009136,0.1174949372081469
84,1570320000,593,414,0,1007,40,-0.36884394014009136,-0.5736894683055354
84,1570334400,172,100,0,272,40,-0.36884394014009136,-1.1234952454186917
84,1570348800,101,142,41,243,40,-0.3036536224842115,-1.145188262474857
84,1570363200,539,563,24,1102,40,-0.3306837541951861,-0.5026261365698214
84,1570377600,769,4678,3909,5447,40,5.846496345636355,2.7475862465004703
84,1570392000,805,648,0,1453,40,-0.36884394014009136,-0.2400658266831303
84,1570406400,450,280,0,730,40,-0.36884394014009136,-0.7808951829454597
84,1570420800,78,36,0,114,40,-0.36884394014009136,-1.241684786621248
84,1570435200,305,706,401,1011,40,0.2687491666893676,-0.5706973280219264
84,1570449600,1290,2033,743,3323,40,0.8125318164042677,1.1587597559040839
84,1570464000,1395,1059,0,2454,40,-0.36884394014009136,0.5087172792900255
84,1570478400,2484,1285,0,3769,40,-0.36884394014009136,1.4923833975264889
84,1570492800,908,381,0,1289,41,-0.5582720143626,-0.3243572819243634
84,1570507200,113,47,0,160,41,-0.5582720143626,-1.368510275426703
84,1570521600,344,632,288,976,41,0.7361229033544806,-0.6138345954462697
84,1570536000,1209,1889,680,3098,41,2.4979382080249515,1.3486921115616703
84,1570550400,1181,969,0,2150,41,-0.5582720143626,0.47193654217263775
84,1570564800,2098,1216,0,3314,41,-0.5582720143626,1.5484592033211968
84,1570579200,790,346,0,1136,41,-0.5582720143626,-0.4658589719206946
84,1570593600,121,44,0,165,41,-0.5582720143626,-1.3638860371915287
84,1570608000,294,543,249,837,41,0.5608402582469593,-0.7423884183841131
84,1570622400,1092,1683,591,2775,41,2.0979342230359923,1.0499663215694155
84,1570636800,1119,890,0,2009,41,-0.5582720143626,0.34153302394072466
84,1570651200,1925,1050,0,2975,41,-0.5582720143626,1.2349358509763846
84,1570665600,769,347,0,1116,41,-0.5582720143626,-0.4843559248613915
84,1570680000,99,55,0,154,41,-0.5582720143626,-1.374059361308912
84,1570694400,355,700,345,1055,41,0.9923052308193194,-0.540771631330517
84,1570708800,1250,2121,871,3371,41,3.3563737263720435,1.601175519202183
84,1570723200,1497,1065,0,2562,41,-0.5582720143626,0.8529737727509937
84,1570737600,2554,1323,0,3877,41,-0.5582720143626,2.0691484286018142
84,1570752000,1105,433,0,1538,41,-0.5582720143626,-0.09407021781268711
84,1570766400,122,63,0,185,41,-0.5582720143626,-1.3453890842508318
84,1570780800,329,595,266,924,41,0.6372455138066481,-0.6619266730920816
84,1570795200,1197,1904,707,3101,41,2.6192877315609278,1.351466654502775
84,1570809600,1382,1169,0,2551,41,-0.5582720143626,0.8428004486336104
84,1570824000,2155,1297,0,3452,41,-0.5582720143626,1.6760881786120054
84,1570838400,911,448,0,1359,41,-0.5582720143626,-0.2596179466319243
84,1570852800,213,88,0,301,41,-0.5582720143626,-1.2381067571947897
84,1570867200,150,190,40,340,41,-0.37849494245744986,-1.202037698960431
84,1570881600,709,897,188,1606,41,0.28668022359160544,-0.031180577814317677
84,1570896000,1191,1160,0,2351,41,-0.5582720143626,0.6578309192266415
84,1570910400,1350,987,0,2337,41,-0.5582720143626,0.6448830521681537
84,1570924800,928,480,0,1408,41,-0.5582720143626,-0.21430041192721688
84,1570939200,186,90,0,276,41,-0.5582720143626,-1.261227948370661
84,1570953600,120,150,30,270,41,-0.4234392104337374,-1.26677703425287
84,1570968000,536,635,99,1171,41,-0.1133237613973535,-0.4334893042744751
84,1570982400,928,1159,231,2087,41,0.4799405758896418,0.41367114040944253
84,1570996800,1244,698,0,1942,41,-0.5582720143626,0.2795682315893901
84,1571011200,538,341,0,879,41,-0.5582720143626,-0.7035448172086497
84,1571025600,81,52,0,133,41,-0.5582720143626,-1.3934811618966436
84,1571040000,243,455,212,698,41,0.39454646673469546,-0.8709422413219565
84,1571054400,912,1332,420,2244,41,1.3293872406414757,0.5588722209939131
84,1571068800,998,929,0,1927,41,-0.5582720143626,0.26569551688386744
84,1571083200,1750,1019,0,2769,41,-0.5582720143626,1.0444172356872066
84,1571097600,572,300,0,872,42,-0.5550624321441661,-0.7553042373454986
84,1571112000,85,37,0,122,42,-0.5550624321441661,-1.349838783709215
84,1571126400,368,684,316,1052,42,0.8599949246398085,-0.6126159462182067
84,1571140800,1434,2110,676,3544,42,2.472085584267121,1.3628241731663018
84,1571155200,1684,1045,0,2729,42,-0.5550624321441661,0.7167632994510633
84,1571169600,2486,1306,0,3792,42,-0.5550624321441661,1.5594169298305707
84,1571184000,1082,464,0,1546,42,-0.5550624321441661,-0.22101585834663875
84,1571198400,97,55,0,152,42,-0.5550624321441661,-1.3260574018546665
84,1571212800,418,684,266,1102,42,0.6360934441360151,-0.5729803097939589
84,1571227200,1550,2096,546,3646,42,1.8899417349572585,1.4436808714717673
84,1571241600,1657,1110,0,2767,42,-0.5550624321441661,0.7468863831334916
84,1571256000,2613,1306,0,3919,42,-0.5550624321441661,1.66009144634816
84,1571270400,1006,434,0,1440,42,-0.5550624321441661,-0.30504340756604403
84,1571284800,119,38,0,157,42,-0.5550624321441661,-1.3220938382122416
84,1571299200,399,667,268,1066,42,0.6450495033561668,-0.6015179680194173
84,1571313600,1378,2052,674,3430,42,2.46312952504697,1.272454922119017
84,1571328000,1539,1127,0,2666,42,-0.5550624321441661,0.6668223975565112
84,1571342400,2649,1286,0,3935,42,-0.5550624321441661,1.6727748500039195
84,1571356800,1124,435,0,1559,42,-0.5550624321441661,-0.21071059287633434
84,1571371200,123,136,13,259,42,-0.49684804721317977,-1.241237139906776
84,1571385600,351,590,239,941,42,0.5151866446639667,-0.7006070590800367
84,1571400000,1142,1830,688,2972,42,2.525821939588032,0.9093924924729074
84,1571414400,1558,1072,0,2630,42,-0.5550624321441661,0.6382847393310528
84,1571428800,2214,1271,0,3485,42,-0.5550624321441661,1.3160541221856894
84,1571443200,810,436,0,1246,42,-0.5550624321441661,-0.45882967689212534
84,1571457600,180,100,0,280,42,-0.5550624321441661,-1.2245901726085922
84,1571472000,146,173,27,319,42,-0.4341556326721176,-1.193674376197679
84,1571486400,729,882,153,1611,42,0.13007609819744193,-0.16948953099511666
84,1571500800,1132,1169,37,2301,42,-0.38937533657135887,0.37748225165950244
84,1571515200,1374,1037,0,2411,42,-0.5550624321441661,0.46468065179284757
84,1571529600,853,424,0,1277,42,-0.5550624321441661,-0.4342555823090917
84,1571544000,193,103,0,296,42,-0.5550624321441661,-1.211906768952833
84,1571558400,108,196,88,304,42,-0.16099582645748955,-1.2055650671249531
84,1571572800,611,744,133,1355,42,0.040515505995924544,-0.3724239894872652
84,1571587200,1017,857,0,1874,42,-0.5550624321441661,0.03899391659642657
84,1571601600,1052,557,0,1609,42,-0.5550624321441661,-0.17107495645208656
84,1571616000,558,268,0,826,42,-0.5550624321441661,-0.7917690228558065
84,1571630400,84,45,0,129,42,-0.5550624321441661,-1.3442897946098205
84,1571644800,332,627,295,959,42,0.7659563028282153,-0.6863382299673075
84,1571659200,1233,2020,787,3253,42,2.9691468709855426,1.1321447691771798
84,1571673600,1626,1052,0,2678,42,-0.5550624321441661,0.6763349502983306
84,1571688000,2889,1242,0,4131,42,-0.5550624321441661,1.8281465447869707
84,1571702400,1245,370,0,1615,43,-0.5396096300057173,-0.26225086836013806
84,1571716800,106,52,0,158,43,-0.5396096300057173,-1.3429363658975308
84,1571731200,413,669,256,1082,43,1.1514083652788856,-0.6575874299163702
84,1571745600,1623,1959,336,3582,43,1.679851488805324,1.1967116392967265
84,1571760000,1917,932,0,2849,43,-0.5396096300057173,0.6530311522034465
84,1571774400,2765,1440,0,4205,43,-0.5396096300057173,1.6588029673446303
84,1571788800,1353,451,0,1804,43,-0.5396096300057173,-0.12206585872762793
84,1571803200,127,40,0,167,43,-0.5396096300057173,-1.3362608892483636
84,1571817600,458,705,247,1163,43,1.0919585138821613,-0.5975081400738659
84,1571832000,1648,2159,511,3807,43,2.835820821519408,1.3635985555259051
84,1571846400,1905,1186,0,3091,43,-0.5396096300057173,0.8325273021032743
84,1571860800,2941,1300,0,4241,43,-0.5396096300057173,1.685504873941299
84,1571875200,1278,415,0,1693,43,-0.5396096300057173,-0.20439673740068942
84,1571889600,126,46,0,172,43,-0.5396096300057173,-1.3325522911099374
84,1571904000,393,681,288,1074,43,1.3627856146894608,-0.6635211869378521
84,1571918400,1670,2172,502,3842,43,2.7763709701226835,1.3895587424948885
84,1571932800,1904,1297,0,3201,43,-0.5396096300057173,0.9141164611486505
84,1571947200,2964,1454,0,4418,43,-0.5396096300057173,1.8167892480415861
84,1571961600,1366,389,0,1755,43,-0.5396096300057173,-0.1584101204842046
84,1571976000,123,66,0,189,43,-0.5396096300057173,-1.3199430574392883
84,1571990400,403,523,120,926,43,0.2530550552839403,-0.7732956918352675
84,1572004800,1471,1868,397,3339,43,2.082789370494233,1.0164737697692134
84,1572019200,1644,1128,0,2772,43,-0.5396096300057173,0.5959187408716831
84,1572033600,2394,1249,0,3643,43,-0.5396096300057173,1.241956536585526
84,1572048000,1075,363,0,1438,43,-0.5396096300057173,-0.39353524246042526
84,1572062400,241,131,0,372,43,-0.5396096300057173,-1.1842083655728897
84,1572076800,169,209,40,378,43,-0.2753880682424981,-1.1797580478067782
84,1572091200,777,831,54,1608,43,-0.1829105216253714,-0.2674429057539347
84,1572105600,1283,1173,0,2456,43,-0.5396096300057173,0.3615353385231477
84,1572120000,1487,1004,0,2491,43,-0.5396096300057173,0.38749552549213107
84,1572134400,858,387,0,1245,43,-0.5396096300057173,-0.5366871306036763
84,1572148800,509,444,0,953,43,-0.5396096300057173,-0.753269261887766
84,1572163200,123,171,48,294,43,-0.22254375588985426,-1.2420624965323384
84,1572177600,571,570,0,1141,43,-0.5396096300057173,-0.6138259718829412
84,1572192000,871,743,0,1614,43,-0.5396096300057173,-0.26299258798782327
84,1572206400,899,554,0,1453,43,-0.5396096300057173,-0.3824094480451467
84,1572220800,495,268,0,763,43,-0.5396096300057173,-0.8941959911479613
84,1572235200,106,38,0,144,43,-0.5396096300057173,-1.353320440685124
84,1572249600,375,571,196,946,43,0.7550760226340568,-0.7584612992815627
84,1572264000,1559,1995,436,3554,43,2.3404053932133717,1.1759434897215397
84,1572278400,1852,1081,0,2933,43,-0.5396096300057173,0.7153356009290065
84,1572292800,2837,1272,0,4109,43,-0.5396096300057173,1.5875978830868474
84,1572307200,1123,313,0,1436,44,-0.5227472382732523,-0.381975734019312
84,1572321600,105,39,0,144,44,-0.5227472382732523,-1.308052272495284
84,1572336000,393,651,258,1044,44,1.194563351422768,-0.6629525165909692
84,1572350400,1729,2111,382,3840,44,2.0199374332921733,1.341157391751769
84,1572364800,1997,1145,0,3142,44,-0.5227472382732523,0.8408466921726447
84,1572379200,2974,1416,0,4390,44,-0.5227472382732523,1.7353850203599614
84,1572393600,1204,299,0,1503,44,-0.5227472382732523,-0.3339516410797686
84,1572408000,103,29,0,132,44,-0.5227472382732523,-1.316653602574008
84,1572422400,439,699,260,1138,44,1.2078758366142102,-0.5955754309742963
84,1572436800,1716,2097,381,3813,44,2.013281190696452,1.3218043990746395
84,1572451200,1847,1083,0,2930,44,-0.5227472382732523,0.6888898607818507
84,1572465600,2763,1448,0,4211,44,-0.5227472382732523,1.6070818466856587
84,1572480000,1231,358,0,1589,44,-0.5227472382732523,-0.27230877551557847
84,1572494400,135,41,0,176,44,-0.5227472382732523,-1.2851153922853529
84,1572508800,391,620,229,1011,44,1.0015323161468588,-0.6866061743074607
84,1572523200,1617,2030,413,3647,44,2.2262809537595247,1.2028193329856214
84,1572537600,1851,963,0,2814,44,-0.5227472382732523,0.6057436700208501
84,1572552000,2724,1080,0,3804,44,-0.5227472382732523,1.3153534015155963
84,1572566400,963,420,0,1383,44,-0.5227472382732523,-0.41996494186701055
84,1572580800,161,96,0,257,44,-0.5227472382732523,-1.2270564142539644
84,1572595200,342,547,205,889,44,0.8417824938495545,-0.7740530301078233
84,1572609600,1449,1819,370,3268,44,1.940062522143521,0.9311606579992489
84,1572624000,1767,1114,0,2881,44,-0.5227472382732523,0.6537677629603935
84,1572638400,2541,1301,0,3842,44,-0.5227472382732523,1.3425909467648898
84,1572652800,1125,363,0,1488,44,-0.5227472382732523,-0.3447033036781738
84,1572667200,165,70,0,235,44,-0.5227472382732523,-1.2428255193982922
84,1572681600,141,194,53,335,44,-0.16996638070003883,-1.1711477687422571
84,1572696000,720,745,25,1465,44,-0.3563411733802271,-0.3611891863290619
84,1572710400,1214,1054,0,2268,44,-0.5227472382732523,0.21438315143889902
84,1572724800,1422,890,0,2312,44,-0.5227472382732523,0.24592136172755444
84,1572739200,922,391,0,1313,44,-0.5227472382732523,-0.47013936732623507
84,1572750000,147,83,0,230,44,-0.5227472382732523,-1.2464094069310938
84,1572764400,123,101,0,224,44,-0.5227472382732523,-1.250710071970456
84,1572778800,519,578,59,1097,44,-0.13002892512571276,-0.6249633087432707
84,1572793200,1172,1191,19,2363,44,-0.3962786289545531,0.28247701456213226
84,1572807600,1817,826,0,2643,44,-0.5227472382732523,0.4831747163990302
84,1572822000,677,313,0,990,44,-0.5227472382732523,-0.701658501945228
84,1572836400,148,42,0,190,44,-0.5227472382732523,-1.2750805071935079
84,1572850800,147,244,97,391,44,0.12290829351168557,-1.1310082283748777
84,1572865200,1564,2190,626,3754,44,3.6440606266480993,1.2795145261875789
84,1572879600,1968,1118,0,3086,44,-0.5227472382732523,0.8007071518052652
84,1572894000,3364,1409,0,4773,44,-0.5227472382732523,2.0099108053725754
84,1572908400,1762,460,0,2222,44,-0.5227472382732523,0.18141138613712293
84,1572922800,246,80,0,326,45,-0.45921786636501444,-1.229492239122916
84,1572937200,183,264,81,447,45,-0.056884829699091394,-1.13688672040074
84,1572951600,1684,2150,466,3834,45,1.855438863095728,1.4553024689547156
84,1572966000,1590,1045,0,2635,45,-0.45921786636501444,0.5376659652531535
84,1572980400,2779,1374,0,4153,45,-0.45921786636501444,1.6994442910404524
84,1572994800,1474,470,0,1944,45,-0.45921786636501444,0.008819573211635894
84,1573009200,226,74,0,300,45,-0.45921786636501444,-1.2493909456252017
84,1573023600,167,252,85,419,45,-0.03701653159213223,-1.1583160966339707
84,1573038000,1645,2335,690,3980,45,2.9680635570854412,1.567041359313705
84,1573052400,1627,1117,0,2744,45,-0.45921786636501444,0.6210874655896591
84,1573066800,2830,1426,0,4256,45,-0.45921786636501444,1.7782737821841228
84,1573081200,1614,599,0,2213,45,-0.45921786636501444,0.21469465202374619
84,1573095600,356,331,0,687,45,-0.45921786636501444,-0.953206352687333
84,1573110000,126,238,112,364,45,0.09709448062984212,-1.20040951423496
84,1573124400,1538,2196,658,3734,45,2.809117172229768,1.3787689824074627
84,1573138800,1595,1068,0,2663,45,-0.45921786636501444,0.5590953414863842
84,1573153200,2634,1393,0,4027,45,-0.45921786636501444,1.6030120979909137
84,1573167600,1688,636,0,2324,45,-0.45921786636501444,0.2996468220911969
84,1573182000,328,220,0,548,45,-0.45921786636501444,-1.0595878989880145
84,1573196400,115,264,149,379,45,0.28087623811921436,-1.188929491252872
84,1573210800,1301,1973,672,3274,45,2.8786562156041247,1.0267149442900994
84,1573225200,1413,1049,0,2462,45,-0.45921786636501444,0.4052630335264059
84,1573239600,2525,1247,0,3772,45,-0.45921786636501444,1.4078517072954189
84,1573254000,898,557,0,1455,45,-0.45921786636501444,-0.36542917600443076
84,1573268400,861,305,0,1166,45,-0.45921786636501444,-0.5866109521259917
84,1573282800,1139,265,0,1404,45,-0.45921786636501444,-0.40446125414352974
84,1573297200,528,601,73,1129,45,-0.09662142591300972,-0.6149283421484752
84,1573311600,1023,1027,4,2050,45,-0.43934956825805527,0.08994506895172397
84,1573326000,1415,949,0,2364,45,-0.45921786636501444,0.3302602167100981
84,1573340400,816,456,0,1272,45,-0.45921786636501444,-0.5054854563859036
84,1573354800,279,162,0,441,45,-0.45921786636501444,-1.141478729593575
84,1573369200,55,87,32,142,45,-0.30027148150934113,-1.3703138543698614
84,1573383600,418,435,17,853,45,-0.374777599410438,-0.8261607650188932
84,1573398000,803,948,145,1751,45,0.2610079400122552,-0.1388900558245622
84,1573412400,1189,846,0,2035,45,-0.45921786636501444,0.07846504596963604
84,1573426800,777,504,0,1281,45,-0.45921786636501444,-0.49859744259665084
84,1573441200,194,116,0,310,45,-0.45921786636501444,-1.2417375969704765
84,1573455600,150,214,64,364,45,-0.14132509665366783,-1.20040951423496
84,1573470000,1323,1958,635,3281,45,2.6948744581147523,1.0320722883484073
84,1573484400,1534,1106,0,2640,45,-0.45921786636501444,0.5414926395805161
84,1573498800,2668,1166,0,3834,45,-0.45921786636501444,1.4553024689547156
84,1573513200,1426,481,0,1907,45,-0.45921786636501444,-0.01949781681084768
84,1573527600,304,158,0,462,46,-0.4774153595495986,-0.8052224115172955
84,1573542000,143,267,124,410,46,0.18817907036949583,-0.8416641568601148
84,1573556400,1686,2270,584,3956,46,2.657319697488717,1.6433825544021392
84,1573570800,1546,976,0,2522,46,-0.4774153595495986,0.6384313462943918
84,1573585200,2726,1446,0,4172,46,-0.4774153595495986,1.7947559581338501
84,1573599600,1666,507,0,2173,46,-0.4774153595495986,0.39385117082047005
84,1573614000,294,138,0,432,46,-0.4774153595495986,-0.826246495368922
84,1573628400,142,297,155,439,46,0.3545776778492694,-0.8213408758035425
84,1573642800,1611,2170,559,3781,46,2.523127272101803,1.520742065267651
84,1573657200,1550,1002,0,2552,46,-0.4774153595495986,0.6594554301460184
84,1573671600,2742,1351,0,4093,46,-0.4774153595495986,1.739392537324567
84,1573686000,1621,628,0,2249,46,-0.4774153595495986,0.4471121832445905
84,1573700400,368,111,0,479,46,-0.4774153595495986,-0.7933087640013738
84,1573714800,146,284,138,430,46,0.2633268285861678,-0.8276481009590304
84,1573729200,1610,2287,677,3897,46,3.1565155199280377,1.6020351894939404
84,1573743600,1560,993,0,2553,46,-0.4774153595495986,0.6601562329410725
84,1573758000,2774,1391,0,4165,46,-0.4774153595495986,1.7898503385684705
84,1573772400,1625,536,0,2161,46,-0.4774153595495986,0.38544153727981945
84,1573786800,417,194,0,611,46,-0.4774153595495986,-0.7008027950542172
84,1573801200,146,266,120,412,46,0.16670828230758955,-0.8402625512700064
84,1573815600,1429,2004,575,3433,46,2.609010424349428,1.2768626925887836
84,1573830000,1503,1008,0,2511,46,-0.4774153595495986,0.6307225155487954
84,1573844400,2474,1366,0,3840,46,-0.4774153595495986,1.56208943017585
84,1573857036,363,336,0,699,46,-0.4774153595495986,-0.639132149089446
84,1573858800,1349,702,0,2051,46,-0.4774153595495986,0.30835322982385555
84,1573873200,401,257,0,658,46,-0.4774153595495986,-0.667865063686669
84,1573887600,75,118,43,193,46,-0.24660438788410616,-0.9937383633868799
84,1573902000,539,899,360,1438,46,1.454955566021966,-0.12123888354437956
84,1573913938,261,614,353,875,46,1.41738168691363,-0.5157908571599038
84,1573914018,2,4,2,6,46,-0.46667996551864543,-1.1247884860620185
84,1573914099,4,7,3,11,46,-0.46131226850316887,-1.1212844720867474
84,1573914178,3,2,0,5,46,-0.4774153595495986,-1.1254892888570727
84,1573914259,6,1,0,7,46,-0.4774153595495986,-1.1240876832669644
84,1573914339,3,1,0,4,46,-0.4774153595495986,-1.126190091652127
84,1573914420,4,1,0,5,46,-0.4774153595495986,-1.1254892888570727
84,1573914500,4,10,6,14,46,-0.44520917745673916,-1.1191820637015848
84,1573914580,1,3,2,4,46,-0.46667996551864543,-1.126190091652127
84,1573916400,1201,1319,118,2520,46,0.1559728882766364,0.6370297407042834
84,1573930800,1586,1412,0,2998,46,-0.4774153595495986,0.9720134767401992
84,1573945200,929,708,0,1637,46,-0.4774153595495986,0.018220872671409646
84,1573959600,321,142,0,463,46,-0.4774153595495986,-0.8045216087222413
84,1573974000,68,73,5,141,46,-0.4505768744722157,-1.0301801087296991
84,1573988400,366,431,65,797,46,-0.12851505354362167,-0.5704534751741327
84,1574002800,892,864,0,1756,46,-0.4774153595495986,0.10161640528286149
84,1574017200,1150,690,0,1840,46,-0.4774153595495986,0.16048384006741573
84,1574031600,601,301,0,902,46,-0.4774153595495986,-0.49686918169343997
84,1574046000,181,50,0,231,46,-0.4774153595495986,-0.9671078571748196
84,1574060400,148,237,89,385,46,0.00030967482781595,-0.8591842267364702
84,1574074800,1611,2258,647,3869,46,2.9954846094637406,1.5824127112324222
84,1574089200,1572,977,0,2549,46,-0.4774153595495986,0.6573530217608556
84,1574103600,2713,1297,0,4010,46,-0.4774153595495986,1.6812259053350669
84,1574118000,1425,546,0,1971,46,-0.4774153595495986,0.25228900621951816
84,1574132400,268,104,0,372,47,-0.4652355467651014,-1.0604610523066171
84,1574146800,153,272,119,425,47,0.05344552901718206,-1.0246457541358611
84,1574161200,1628,2301,673,3929,47,2.4681456633313426,1.3432184871911035
84,1574175600,1553,1009,0,2562,47,-0.4652355467651014,0.41945409852273574
84,1574190000,2708,1408,0,4116,47,-0.4652355467651014,1.4695856713030162
84,1574204400,1674,600,0,2274,47,-0.4652355467651014,0.22483511978353318
84,1574218800,353,133,0,486,47,-0.4652355467651014,-0.9834243732223494
84,1574233200,160,309,149,469,47,0.18420546408834598,-0.9949122990507051
84,1574247600,1647,2308,661,3955,47,2.415841689302877,1.3607882561050593
84,1574262000,1659,1055,0,2714,47,-0.4652355467651014,0.5221696706350927
84,1574276400,2817,1341,0,4158,47,-0.4652355467651014,1.4979676057024833
84,1574290800,1635,483,0,2118,47,-0.4652355467651014,0.11941650629979844
84,1574305200,359,135,0,494,47,-0.4652355467651014,-0.9780182904795938
84,1574319600,171,269,98,440,47,-0.038086425532632674,-1.0145093489931942
84,1574334000,1624,2296,672,3920,47,2.4637869988289705,1.3371366441055035
84,1574348400,1196,1069,0,2265,47,-0.4652355467651014,0.2187532766979331
84,1574362800,2731,1340,0,4071,47,-0.4652355467651014,1.439176455875016
84,1574377200,1755,648,0,2403,47,-0.4652355467651014,0.31200820401046764
84,1574391600,423,160,0,583,47,-0.4652355467651014,-0.9178756199664375
84,1574406000,149,254,105,403,47,-0.007575774016027762,-1.0395124816784391
84,1574420400,1339,1909,570,3248,47,2.0192032195870127,0.8830256937140307
84,1574434800,1489,1215,0,2704,47,-0.4652355467651014,0.5154120672066481
84,1574449200,2406,1621,0,4027,47,-0.4652355467651014,1.40944300078986
84,1574463600,1141,576,0,1717,47,-0.4652355467651014,-0.15156339118082734
84,1574478000,343,141,0,484,47,-0.4652355467651014,-0.9847758939080383
84,1574492400,71,92,21,163,47,-0.3737035922152867,-1.2016949639611079
84,1574506800,513,612,99,1125,47,-0.033727761030260546,-0.5516135141447438
84,1574521200,1090,945,0,2035,47,-0.4652355467651014,0.06332839784370882
84,1574535600,1417,854,0,2271,47,-0.4652355467651014,0.22280783875499982
84,1574550000,867,527,0,1394,47,-0.4652355467651014,-0.3698339819195858
84,1574564400,346,136,0,482,47,-0.4652355467651014,-0.9861274145937272
84,1574578800,56,74,18,130,47,-0.3867795857224031,-1.2239950552749748
84,1574593200,428,445,17,873,47,-0.3911382502247752,-0.721905120541546
84,1574607600,930,746,0,1676,47,-0.4652355467651014,-0.17926956523744994
84,1574622000,1080,577,0,1657,47,-0.4652355467651014,-0.19210901175149456
84,1574636400,600,339,0,939,47,-0.4652355467651014,-0.6773049379138121
84,1574650800,186,54,0,240,47,-0.4652355467651014,-1.149661417562085
84,1574665200,137,252,115,389,47,0.03601087100769354,-1.0489731264782614
84,1574679600,557,1502,945,2059,47,3.653702407976562,0.0795466460719757
84,1574694000,2930,3151,221,6081,47,0.4980293082591394,2.7974547449923675
84,1574708400,2549,1288,0,3837,47,-0.4652355467651014,1.2810485356494137
84,1574722800,1389,457,0,1846,47,-0.4652355467651014,-0.06439030695389288
84,1574737200,215,55,0,270,48,-0.35004456215562035,-1.0269547892786342
84,1574751600,137,265,128,402,48,0.11380546647356744,-0.9138461324175258
84,1574766000,1384,2162,778,3546,48,2.469293893106162,1.7801964219106903
84,1574780400,1449,1069,0,2518,48,-0.35004456215562035,0.8993199124166044
84,1574794800,2562,1283,0,3845,48,-0.35004456215562035,2.0364046673763827
84,1574809200,1507,504,0,2011,48,-0.35004456215562035,0.46487984401825655
84,1574823600,298,77,0,375,48,-0.35004456215562035,-0.936981994048207
84,1574838000,130,268,138,398,48,0.15004374996022274,-0.917273667473923
84,1574852400,1295,1598,303,2893,48,0.7479754274900351,1.220651323953844
84,1574866800,1746,1087,0,2833,48,-0.35004456215562035,1.1692382981078855
84,1574881200,2256,1178,0,3434,48,-0.35004456215562035,1.6842254403315682
84,1574895600,1095,442,0,1537,48,-0.35004456215562035,0.058716939835185826
84,1574910000,258,82,0,340,48,-0.35004456215562035,-0.9669729257916827
84,1574924400,145,222,77,367,48,-0.07100977930837457,-0.9438370641610014
84,1574938800,765,2305,1540,3070,48,5.2306510947892955,1.3723197501994209
84,1574953200,1317,578,0,1895,48,-0.35004456215562035,0.36548132738273714
84,1574967600,650,472,0,1122,48,-0.35004456215562035,-0.2968898222660259
84,1574982000,320,201,0,521,48,-0.35004456215562035,-0.8118769644897085
84,1574996400,124,81,0,205,48,-0.35004456215562035,-1.082652233945089
84,1575010800,58,162,104,220,48,0.02683358610559473,-1.0697989774835994
84,1575025200,568,627,59,1195,48,-0.1362386895843541,-0.2343373074867766
84,1575039600,895,890,0,1785,48,-0.35004456215562035,0.27122411333181357
84,1575054000,1383,892,0,2275,48,-0.35004456215562035,0.6910971577404732
84,1575068400,816,428,0,1244,48,-0.35004456215562035,-0.19235000304591066
84,1575082800,283,78,0,361,48,-0.35004456215562035,-0.9489783667455973
84,1575097200,52,92,40,144,48,-0.20509142820899917,-1.1349221435551466
84,1575111600,409,459,50,868,48,-0.16885314472234386,-0.5145382983472495
84,1575126000,835,789,0,1624,48,-0.35004456215562035,0.1332658273118254
84,1575140400,1180,725,0,1905,48,-0.35004456215562035,0.37405016502373023
84,1575154800,784,381,0,1165,48,-0.35004456215562035,-0.26004382040975577
84,1575169200,279,85,0,364,48,-0.35004456215562035,-0.9464077154532994
84,1575183600,52,73,21,125,48,-0.2739441668336442,-1.1512029350730333
84,1575198000,329,369,40,698,48,-0.20509142820899917,-0.6602085382441314
84,1575212400,773,627,0,1400,48,-0.35004456215562035,-0.05867613584641901
84,1575226800,941,499,0,1440,48,-0.35004456215562035,-0.024400785282446793
84,1575241200,486,249,0,735,48,-0.35004456215562035,-0.6285038389724571
84,1575255600,155,35,0,190,48,-0.35004456215562035,-1.0955054904065784
84,1575270000,135,245,110,380,48,0.048576556197587904,-0.9326975752277105
84,1575284400,1493,2162,669,3655,48,2.0742966031016192,1.8735967521975145
84,1575298800,1523,982,0,2505,48,-0.35004456215562035,0.8881804234833134
84,1575313200,2631,1339,0,3970,48,-0.35004456215562035,2.1435151378887958
84,1575327600,1370,476,0,1846,48,-0.35004456215562035,0.3234940229418712
84,1575342000,255,56,0,311,49,-0.47034936644872544,-1.1725955259232472
84,1575356400,151,255,104,406,49,0.013172881762155385,-1.1052583236890574
84,1575370800,1588,2291,703,3879,49,2.7980750613613634,1.3564480274619104
84,1575385200,1510,1040,0,2550,49,-0.47034936644872544,0.4144360088383469
84,1575399600,2868,1330,0,4198,49,-0.47034936644872544,1.5825592644377695
84,1575414000,1586,622,0,2208,49,-0.47034936644872544,0.17202208079526285
84,1575428400,225,85,0,310,49,-0.47034936644872544,-1.1733043385783442
84,1575442800,149,249,100,398,49,-0.005424127784416954,-1.1109288249298312
84,1575457200,1640,2287,647,3927,49,2.5377169277093508,1.3904710349065539
84,1575471600,1531,1067,0,2598,49,-0.47034936644872544,0.4484590162829903
84,1575486000,2714,1388,0,4102,49,-0.47034936644872544,1.5145132495484828
84,1575500400,1542,646,0,2188,49,-0.47034936644872544,0.1578458276933281
84,1575514800,286,121,0,407,49,-0.47034936644872544,-1.1045495110339605
84,1575529200,119,234,115,353,49,0.06431465801522931,-1.1428253944091844
84,1575543600,1627,2259,632,3886,49,2.4679781419097044,1.3614097160475875
84,1575558000,1591,1237,0,2828,49,-0.47034936644872544,0.6114859269552398
84,1575572400,2810,1451,0,4261,49,-0.47034936644872544,1.627214461708864
84,1575586800,1520,603,0,2123,49,-0.47034936644872544,0.11177300511204019
84,1575601200,301,171,0,472,49,-0.47034936644872544,-1.0584766884526726
84,1575615600,119,263,144,382,49,0.19914297722787877,-1.122269827411379
84,1575630000,1423,2114,691,3537,49,2.7422840327216464,1.1140340994188265
84,1575644400,1569,1218,0,2787,49,-0.47034936644872544,0.5824246080962736
84,1575658800,2536,1224,0,3760,49,-0.47034936644872544,1.2720993215053986
84,1575673200,1252,635,0,1887,49,-0.47034936644872544,-0.05550678149078975
84,1575687600,372,126,0,498,49,-0.47034936644872544,-1.0400475594201575
84,1575702000,76,106,30,182,49,-0.3308717948494329,-1.2640323584307265
84,1575716400,600,667,67,1267,49,-0.15884945654363875,-0.4949706276507667
84,1575730800,1126,1130,4,2256,49,-0.4517523569021531,0.20604508823990622
84,1575745200,1410,1151,0,2561,49,-0.47034936644872544,0.422232948044411
84,1575759600,952,562,0,1514,49,-0.47034936644872544,-0.31989390184187266
84,1575774000,361,151,0,512,49,-0.47034936644872544,-1.0301241822488032
84,1575788400,62,79,17,141,49,-0.391312075875793,-1.2930936772896926
84,1575802800,440,492,52,932,49,-0.22858824234328504,-0.7324228671081736
84,1575817200,892,1029,137,1921,49,0.1665982105213772,-0.031407151217500685
84,1575831600,1216,862,0,2078,49,-0.47034936644872544,0.07987643563268702
84,1575846000,702,364,0,1066,49,-0.47034936644872544,-0.6374419713252109
84,1575860400,261,59,0,320,49,-0.47034936644872544,-1.1662162120273767
84,1575874800,158,264,106,422,49,0.022471386535441555,-1.0939173212075095
84,1575889200,1694,2394,700,4088,49,2.784127304201434,1.5045898723771285
84,1575903600,1598,1018,0,2616,49,-0.47034936644872544,0.46121764407473154
84,1575918000,2867,1471,0,4338,49,-0.47034936644872544,1.6817930361513127
84,1575932400,1506,567,0,2073,49,-0.47034936644872544,0.07633237235720335
84,1575946800,257,77,0,334,50,-0.4870564306439469,-1.1581443469026735
84,1575961200,142,272,130,414,50,0.12106799453692436,-1.1016027110310465
84,1575975600,1568,2290,722,3858,50,2.890373069206738,1.3325147132424946
84,1575990000,1600,1105,0,2705,50,-0.4870564306439469,0.5176083862426708
84,1576004400,2863,1416,0,4279,50,-0.4870564306439469,1.6300650720169316
84,1576018800,1590,561,0,2151,50,-0.4870564306439469,0.12605755783165407
84,1576033200,311,79,0,390,50,-0.4870564306439469,-1.1185652017925345
84,1576047600,152,277,125,429,50,0.09767859356842931,-1.0910011543051163
84,1576062000,1733,2366,633,4099,50,2.4740417319675263,1.5028463913057708
84,1576076400,1629,1123,0,2752,50,-0.4870564306439469,0.5508265973172517
84,1576090800,2734,1460,0,4194,50,-0.4870564306439469,1.569989583903328
84,1576105200,1518,611,0,2129,50,-0.4870564306439469,0.11050860796695666
84,1576119600,232,102,0,334,50,-0.4870564306439469,-1.1581443469026735
84,1576134000,105,272,167,377,50,0.2941495617037877,-1.127753217621674
84,1576148400,1508,2289,781,3797,50,3.16636800063498,1.289401715890379
84,1576162800,1675,1253,0,2928,50,-0.4870564306439469,0.675218196234831
84,1576177200,2870,1370,0,4240,50,-0.4870564306439469,1.6025010245295135
84,1576191600,1665,686,0,2351,50,-0.4870564306439469,0.2674116475107215
84,1576206000,373,111,0,484,50,-0.4870564306439469,-1.052128779643373
84,1576220400,146,242,96,388,50,-0.037979932048841966,-1.1199787426893253
84,1576234800,1471,1996,525,3467,50,1.9688306710480332,1.0561674679199178
84,1576249200,1606,1096,0,2702,50,-0.4870564306439469,0.5154880748974848
84,1576263600,2624,1602,0,4226,50,-0.4870564306439469,1.5926062382519788
84,1576278000,1345,697,0,2042,50,-0.4870564306439469,0.04901957895656233
84,1576292400,434,169,0,603,50,-0.4870564306439469,-0.9680230962843277
84,1576306800,57,88,31,145,50,-0.34204214463927757,-1.291723961649392
84,1576321200,522,614,92,1136,50,-0.056691452823638,-0.5913144472896131
84,1576335600,1068,994,0,2062,50,-0.4870564306439469,0.06315498792446908
84,1576350000,1370,1110,0,2480,50,-0.4870564306439469,0.35858503535372
84,1576364400,928,599,0,1527,50,-0.4870564306439469,-0.31496720196703626
84,1576378800,338,189,0,527,50,-0.4870564306439469,-1.0217376503623734
84,1576393200,53,63,10,116,50,-0.4402776287069568,-1.3122203046528569
84,1576407600,395,438,43,833,50,-0.2859075823148895,-0.8054658931534002
84,1576422000,969,1203,234,2172,50,0.6075675346816214,0.14089973724795615
84,1576436400,1184,973,0,2157,50,-0.4870564306439469,0.1302981805220261
84,1576450800,671,356,0,1027,50,-0.4870564306439469,-0.6683524261647048
84,1576465200,169,76,0,245,50,-0.4870564306439469,-1.2210469168098583
84,1576479600,129,272,143,401,50,0.18188043705501147,-1.1107907268601858
84,1576494000,1564,2205,641,3769,50,2.5114647735171185,1.2696121433353096
84,1576508400,1486,1129,0,2615,50,-0.4870564306439469,0.4539990458870905
84,1576522800,2596,1361,0,3957,50,-0.4870564306439469,1.402484987633633
84,1576537200,1385,624,0,2009,50,-0.4870564306439469,0.025696154159516208
84,1576551600,240,76,0,316,51,-0.4496196509545444,-1.1445731379166533
84,1576566000,159,250,91,409,51,0.04432869798143398,-1.07330302876933
84,1576580400,1562,2393,831,3955,51,4.061051535482797,1.6441572619447415
84,1576594800,1421,1084,0,2505,51,-0.4496196509545444,0.5329566354542161
84,1576609200,2655,1457,0,4112,51,-0.4496196509545444,1.7644734677095777
84,1576623600,1322,622,0,1944,51,-0.4496196509545444,0.10303694479133002
84,1576638000,271,89,0,360,51,-0.4496196509545444,-1.110853946492113
84,1576652400,160,243,83,403,51,0.0009046673057435759,-1.0779011003272216
84,1576666800,1619,2229,610,3848,51,2.8614626880668492,1.5621583191623374
84,1576681200,1661,1123,0,2784,51,-0.4496196509545444,0.7467669628961863
84,1576695600,2624,1430,0,4054,51,-0.4496196509545444,1.7200254426499568
84,1576710000,1769,607,0,2376,51,-0.4496196509545444,0.43409809695954177
84,1576724400,353,89,0,442,51,-0.4496196509545444,-1.0480136352009248
84,1576738800,161,305,144,466,51,0.33201290120788296,-1.0296213489693575
84,1576753200,1680,2193,513,3873,51,2.3349463161241033,1.5813169506535532
84,1576767600,1483,1169,0,2652,51,-0.4496196509545444,0.645609388622566
84,1576782000,2723,1306,0,4029,51,-0.4496196509545444,1.7008668111587408
84,1576796400,1472,621,0,2093,51,-0.4496196509545444,0.21722238847897712
84,1576810800,311,93,0,404,51,-0.4496196509545444,-1.077134755067573
84,1576825200,126,234,108,360,51,0.1366047631672761,-1.110853946492113
84,1576839600,1309,1779,470,3088,51,2.1015421512422674,0.9797359218293723
84,1576854000,1445,1125,0,2570,51,-0.4496196509545444,0.5827690773313776
84,1576868400,2392,1238,0,3630,51,-0.4496196509545444,1.3950950525589343
84,1576882800,1228,579,0,1807,51,-0.4496196509545444,-0.0019523557805334274
84,1576897200,379,133,0,512,51,-0.4496196509545444,-0.9943694670255201
84,1576911600,72,90,18,162,51,-0.351915581934241,-1.2625903079025436
84,1576926000,510,518,8,1028,51,-0.40619562027885403,-0.5989353130468227
84,1576940400,884,941,57,1825,51,-0.14022343239025026,0.011841858893142062
84,1576954800,1314,1082,0,2396,51,-0.4496196509545444,0.4494250021525146
84,1576969200,907,505,0,1412,51,-0.4496196509545444,-0.3046587333417456
84,1576983600,291,128,0,419,51,-0.4496196509545444,-1.0656395761728434
84,1576998000,66,86,20,152,51,-0.3410595742653184,-1.2702537604990298
84,1577012400,366,349,0,715,51,-0.4496196509545444,-0.8388013793168465
84,1577026800,867,971,104,1838,51,0.1148927478294309,0.021804347268574362
84,1577041200,1183,877,0,2060,51,-0.4496196509545444,0.19193299491057209
84,1577055600,703,406,0,1109,51,-0.4496196509545444,-0.536861347015283
84,1577070000,205,70,0,275,51,-0.4496196509545444,-1.1759932935622475
84,1577084400,99,222,123,321,51,0.21802482068419562,-1.14074141161841
84,1577098800,957,1256,299,2213,51,1.1733534955493847,0.30918381963681374
84,1577113200,1267,1137,0,2404,51,-0.4496196509545444,0.4555557642297037
84,1577127600,2014,1200,0,3214,51,-0.4496196509545444,1.0762954245451006
84,1577142000,1025,441,0,1466,51,-0.4496196509545444,-0.2632760893207191
84,1577156400,240,90,0,330,52,-0.6341696926760434,-0.9619868850333757
84,1577170800,78,168,90,246,52,0.4823262451338922,-1.0651147863335997
84,1577179857,120,341,221,461,52,2.107448110168354,-0.8011564675294548
84,1577185200,780,836,56,1616,52,0.06053889085013876,0.616852175348626
84,1577199600,1217,892,0,2109,52,-0.6341696926760434,1.2221147389320839
84,1577214000,1424,710,0,2134,52,-0.6341696926760434,1.2528075667000076
84,1577228400,545,323,0,868,52,-0.6341696926760434,-0.3014772314676549
84,1577242800,165,85,0,250,52,-0.6341696926760434,-1.0602039338907319
84,1577257200,44,49,5,93,52,-0.5721421405754914,-1.2529548922732936
84,1577271600,267,251,0,518,52,-0.6341696926760434,-0.7311768202185885
84,1577286000,532,741,209,1273,52,1.9585819851270292,0.19574657837271106
84,1577300400,575,638,63,1213,52,0.14737746379091154,0.12208379172969389
84,1577314800,309,268,0,577,52,-0.6341696926760434,-0.6587417466862883
84,1577329200,122,53,0,175,52,-0.6341696926760434,-1.1522824171945034
84,1577343600,65,170,105,235,52,0.6684089014355482,-1.0786196305514864
84,1577358000,694,919,225,1613,52,2.157070151848796,0.6131690360164751
84,1577372400,947,899,0,1846,52,-0.6341696926760434,0.8992261908135252
84,1577386800,1720,938,0,2658,52,-0.6341696926760434,1.8961292367156912
84,1577401200,826,379,0,1205,52,-0.6341696926760434,0.11226208684395826
84,1577415600,222,80,0,302,52,-0.6341696926760434,-0.9963628521334504
84,1577430000,108,182,74,290,52,0.2838380784121259,-1.011095409462054
84,1577444400,755,985,230,1740,52,2.219097703949348,0.7690886010775282
84,1577458800,1065,985,0,2050,52,-0.6341696926760434,1.1496796653997836
84,1577473200,1663,1029,0,2692,52,-0.6341696926760434,1.9378714824800676
84,1577487600,858,487,0,1345,52,-0.6341696926760434,0.28414192234433167
