remote_unit_id,time_stamp,entries,exits,num_people_exited,sum_exit_entry,week_num,z_score_num_people_exited,z_score_sum_exit_entry
88,1546300800,0,0,0,0,1,-0.8698094502696462,-1.0964925809304706
88,1546315200,27,65,38,92,1,-0.42214228399091175,-0.8765337327986392
88,1546329600,24,32,8,56,1,-0.7755637310530705,-0.9626045864154429
88,1546344000,74,161,87,235,1,0.15511274621061416,-0.5346411753763358
88,1546358400,188,342,154,530,1,0.9444206446494353,0.17066165287247184
88,1546372800,307,348,41,655,1,-0.38680013928469587,0.4695187834863734
88,1546387200,77,181,104,258,1,0.35538489954583746,-0.47965146334337794
88,1546401600,5,28,23,33,1,-0.5988530075219911,-1.0175942984484008
88,1546416000,107,185,78,292,1,0.049086312091966545,-0.3983623238163967
88,1546430400,372,674,302,1046,1,2.687966450156085,1.4043438880466574
88,1546444800,346,444,98,790,1,0.2847006101334057,0.792284484549387
88,1546459200,771,545,0,1316,1,-0.8698094502696462,2.0498752901726847
88,1546473600,107,195,88,302,1,0.16689346111268613,-0.3744537533672846
88,1546488000,10,17,7,27,1,-0.7873444459551424,-1.031939440717868
88,1546502400,141,171,30,312,1,-0.5163880032074875,-0.35054518291817244
88,1546516800,368,697,329,1065,1,3.006045752512028,1.4497701718999705
88,1546531200,375,451,76,826,1,0.025524882287822633,0.8783553381661907
88,1546545600,804,523,0,1327,1,-0.8698094502696462,2.0761747176667082
88,1546560000,117,196,79,313,1,0.0608670269940385,-0.34815432587326123
88,1546574400,11,10,0,21,1,-0.8698094502696462,-1.0462845829873353
88,1546588800,151,185,34,336,1,-0.4692651435991996,-0.29316461384030335
88,1546603200,395,644,249,1039,1,2.0635885603462714,1.387607888732279
88,1546617600,335,446,111,781,1,0.43784990386034117,0.7707667711451862
88,1546632000,801,509,0,1310,1,-0.8698094502696462,2.0355301479032177
88,1546646400,114,212,98,326,1,0.2847006101334057,-0.3170731842894155
88,1546660800,17,31,14,48,1,-0.7048794416406388,-0.9817314427747326
88,1546675200,14,34,20,48,1,-0.634195152228207,-0.9817314427747326
88,1546689600,73,147,74,220,1,0.001963452483678715,-0.570504031050004
88,1546704000,180,314,134,494,1,0.7088063466079961,0.0845907992556682
88,1546718400,200,249,49,449,1,-0.2925544200681202,-0.02299776776533636
88,1546732800,64,82,18,146,1,-0.6577565820323509,-0.7474274523734338
88,1546747200,10,12,2,22,1,-0.8462480204655023,-1.0438937259424241
88,1546761600,5,14,9,19,1,-0.7637830161509985,-1.0510662970771576
88,1546776000,41,126,85,167,1,0.13155131640647025,-0.6972194544302983
88,1546790400,186,321,135,507,1,0.7205870615100681,0.11567194083951396
88,1546804800,205,244,39,449,1,-0.4103615690888398,-0.02299776776533636
88,1546819200,43,49,6,92,1,-0.7991251608572144,-0.8765337327986392
88,1546833600,3,8,5,11,1,-0.8109058757592864,-1.0701931534364475
88,1546848000,160,197,37,357,1,-0.43392299889298375,-0.2429566158971679
88,1546862400,405,705,300,1110,1,2.6644050203519414,1.557358738920975
88,1546876800,211,351,140,562,1,0.7794906360204279,0.24716907830963064
88,1546891200,831,442,0,1273,1,-0.8698094502696462,1.9470684372415026
88,1546905600,122,133,11,255,2,-0.7367691029383754,-0.5588677213058566
88,1546920000,7,8,1,15,2,-0.8465395971682859,-1.076024301748621
88,1546934400,148,182,34,330,2,-0.48429696620958124,-0.3972562899174927
88,1546948800,423,688,265,1111,2,2.0514014505013507,1.28565741560667
88,1546963200,226,349,123,575,2,0.492660432436622,0.13067438595116274
88,1546977600,786,520,0,1306,2,-0.8575166465912769,1.7058471372164161
88,1546992000,108,142,34,250,2,-0.48429696620958124,-0.5696418167317475
88,1547006400,10,12,2,22,2,-0.8355625477452948,-1.0609405681523738
88,1547020800,159,214,55,373,2,-0.25377892832676924,-0.3045990692548307
88,1547035200,414,695,281,1109,2,2.2270342412692075,1.2813477774363138
88,1547049600,230,389,159,619,2,0.8878342116642998,0.2254864256990029
88,1547064000,802,518,0,1320,2,-0.8575166465912769,1.7360146044089109
88,1547078400,95,172,77,267,2,-0.012283841020966187,-0.5330098922837183
88,1547092800,14,9,0,23,2,-0.8575166465912769,-1.0587857490671955
88,1547107200,169,206,37,375,2,-0.4513658179406081,-0.3002894310844743
88,1547121600,493,760,267,1253,2,2.073355549347333,1.5916417257019724
88,1547136000,247,374,127,621,2,0.5365686301285862,0.22979606386935927
88,1547150400,868,634,0,1502,2,-0.8575166465912769,2.1281916779113406
88,1547164800,118,186,68,304,2,-0.11107728582788562,-0.4532815861321255
88,1547179200,11,14,3,25,2,-0.8245854983223038,-1.0544761108968392
88,1547193600,132,177,45,309,2,-0.3635494225566797,-0.4425074907062346
88,1547208000,431,713,282,1144,2,2.2380112906921985,1.35676644541755
88,1547222400,226,459,233,685,2,1.7001358689656372,0.3677044853207631
88,1547236800,813,597,0,1410,2,-0.8575166465912769,1.9299483220749474
88,1547251200,116,223,107,339,2,0.31702764166876524,-0.377862918150889
88,1547265600,15,14,0,29,2,-0.8575166465912769,-1.0458568345561265
88,1547280000,6,30,24,36,2,-0.5940674604394918,-1.030773100959879
88,1547294400,49,168,119,217,2,0.4487522347446578,-0.6407508465426276
88,1547308800,197,380,183,577,2,1.1512833978160848,0.1349840241215191
88,1547323200,238,272,34,510,2,-0.48429696620958124,-0.009388854585419305
88,1547337600,65,80,15,145,2,-0.6928609052464112,-0.7958978206754569
88,1547352000,9,11,2,20,2,-0.8355625477452948,-1.06525020632273
88,1547366400,6,18,12,24,2,-0.7257920535153843,-1.0566309299820174
88,1547380800,38,126,88,164,2,0.10846370263193533,-0.7549562580570714
88,1547395200,142,234,92,376,2,0.15237190032389952,-0.29813461199929614
88,1547409600,180,217,37,397,2,-0.4513658179406081,-0.25288341121055424
88,1547424000,37,45,8,82,2,-0.7697002512073485,-0.9316514230416826
88,1547438400,5,22,17,27,2,-0.6709068064004291,-1.0501664727264828
88,1547452800,158,206,48,364,2,-0.33061827428770657,-0.3239924410214344
88,1547467200,441,728,287,1169,2,2.2928965378071537,1.4106369225470048
88,1547481600,231,335,104,566,2,0.2840964933997921,0.11128101418455907
88,1547496000,819,539,0,1358,2,-0.8575166465912769,1.8178977296456817
88,1547510400,107,142,35,249,3,-0.419865314813781,-0.43768152260300475
88,1547524800,11,8,0,19,3,-0.857225017744803,-0.9932375391520726
88,1547539200,160,188,28,348,3,-0.5073372553999854,-0.19855088939275378
88,1547553600,456,742,286,1198,3,2.716628554777262,1.8545909108972796
88,1547568000,243,375,132,618,3,0.7922458618807655,0.45362356481702154
88,1547582400,823,494,0,1317,3,-0.857225017744803,2.142030762937884
88,1547596800,131,157,26,288,3,-0.5323292384246152,-0.343478545883815
88,1547611200,11,16,5,27,3,-0.7947450601832284,-0.973913851619931
88,1547625600,140,191,51,331,3,-0.2199294506167424,-0.23961372539855447
88,1547640000,425,731,306,1156,3,2.9665483850235606,1.7531415513535367
88,1547654400,241,425,184,666,3,1.442037420521141,0.5695656900098705
88,1547668800,800,528,0,1328,3,-0.857225017744803,2.1686008332945788
88,1547683200,113,178,65,291,3,-0.044985569444333615,-0.3362321630592619
88,1547697600,10,17,7,27,3,-0.7697530771585985,-0.973913851619931
88,1547712000,151,186,35,337,3,-0.419865314813781,-0.22512095974944835
88,1547713184,11,52,41,63,3,-0.34488936573989154,-0.8869572577252944
88,1547726400,494,736,242,1230,3,2.166804928235406,1.9318856610258455
88,1547740800,278,361,83,639,3,0.17994227777733482,0.5043482445888929
88,1547755200,787,532,0,1319,3,-0.857225017744803,2.1468616848209194
88,1547769600,118,175,57,293,3,-0.14495350154285291,-0.33140124117622655
88,1547784000,11,11,0,22,3,-0.857225017744803,-0.9859911563275195
88,1547797237,11,95,84,106,3,0.19243826928964974,-0.7830924372400339
88,1547797499,104,130,26,234,3,-0.5323292384246152,-0.47391343672577
88,1547798400,43,78,35,121,3,-0.419865314813781,-0.7468605231172686
88,1547812800,384,671,287,1055,3,2.7291245462895772,1.5091799962602503
88,1547827200,288,383,95,671,3,0.3298941759251138,0.581642994717459
88,1547841600,676,488,0,1164,3,-0.857225017744803,1.772465238885678
88,1547856000,99,201,102,300,3,0.41736611651131816,-0.31449301458560275
88,1547870400,13,21,8,34,3,-0.7572570856462837,-0.9570056250293073
88,1547884800,6,34,28,40,3,-0.5073372553999854,-0.9425128593802011
88,1547899200,55,153,98,208,3,0.3673821504620585,-0.5367154212052299
88,1547913600,242,370,128,612,3,0.7422618958315059,0.4391307991679154
88,1547928000,215,255,40,470,3,-0.35738535725220644,0.09613534547240395
88,1547942400,62,84,22,146,3,-0.5823132044738749,-0.6864739995793264
88,1547956800,6,11,5,17,3,-0.7947450601832284,-0.9980684610351079
88,1547971200,5,20,15,25,3,-0.6697851450600792,-0.9787447735029665
88,1547985600,34,131,97,165,3,0.3548861589497436,-0.6405802416904904
88,1548000000,134,252,118,386,3,0.6173019807083567,-0.1067633736150817
88,1548014400,171,205,34,376,3,-0.43236130632609593,-0.13091798303025856
88,1548028800,42,49,7,91,3,-0.7697530771585985,-0.8193243513627991
88,1548043200,7,6,0,13,3,-0.857225017744803,-1.0077303048011788
88,1548057600,52,54,2,106,3,-0.8322330347201732,-0.7830924372400339
88,1548072000,150,208,58,358,3,-0.13245751003053802,-0.17439627997757692
88,1548086400,150,281,131,431,3,0.7797498703684507,0.0019323687532141764
88,1548100800,190,274,84,464,3,0.19243826928964974,0.08164257982329783
88,1548115200,47,67,20,114,4,-0.5874080199902402,-0.8047682521483008
88,1548129600,5,11,6,16,4,-0.7636011580241837,-1.0220613523310995
88,1548144000,149,192,43,341,4,-0.2979478646487616,-0.30144647927589974
88,1548146249,20,103,83,123,4,0.2054611011625055,-0.784812763356003
88,1548158400,445,736,291,1181,4,2.823187723381094,1.5610658080052322
88,1548172800,217,341,124,558,4,0.7214552911190543,0.17970252827172603
88,1548187200,812,516,0,1328,4,-0.8391125028958737,1.8870054582794302
88,1548201600,94,174,80,268,4,0.16770542872666044,-0.46330766614676
88,1548216000,9,12,3,21,4,-0.8013568304600287,-1.0109749696687118
88,1548230400,138,188,50,326,4,-0.20985129563178986,-0.3347056272630628
88,1548244800,516,767,251,1283,4,2.319778757569827,1.787228014317941
88,1548259200,237,335,98,572,4,0.39423946334173066,0.21074439972641154
88,1548273600,788,501,0,1289,4,-0.8391125028958737,1.8005316735128063
88,1548288000,85,151,66,236,4,-0.008487709307283028,-0.5342605151860412
88,1548302400,11,18,7,29,4,-0.751015933878902,-0.9932367574088916
88,1548316800,179,189,10,368,4,-0.713260261443057,-0.2415800128990062
88,1548331200,498,670,172,1168,4,1.3255460500925746,1.5322412130830243
88,1548345600,201,327,126,528,4,0.7466257394096176,0.11318423229739988
88,1548360000,759,474,0,1233,4,-0.8391125028958737,1.6763641876940643
88,1548374400,121,152,31,273,4,-0.44897055439214173,-0.4522212834843723
88,1548388800,11,19,8,30,4,-0.7384307097336203,-0.991019480876414
88,1548403200,130,184,54,314,4,-0.15951039905066317,-0.36131294565279326
88,1548417600,428,690,262,1118,4,2.4582162231679257,1.4213773864591472
88,1548432000,302,395,93,697,4,0.33131334261532225,0.48790396628610383
88,1548446400,727,551,0,1278,4,-0.8391125028958737,1.7761416316555534
88,1548460800,93,223,130,316,4,0.7969666359907444,-0.35687839258783816
88,1548475200,12,15,3,27,4,-0.8013568304600287,-0.9976713104738466
88,1548489600,6,26,20,32,4,-0.5874080199902402,-0.986584927811459
88,1548504000,54,135,81,189,4,0.18029065287194213,-0.6384725122124855
88,1548518400,171,281,110,452,4,0.5452621530851107,-0.05532878417089301
88,1548532800,248,224,0,472,4,-0.8391125028958737,-0.010983253521342247
88,1548547200,51,86,35,137,4,-0.398629657811015,-0.7537708919013175
88,1548561600,8,12,4,20,4,-0.788771606314747,-1.0131922462011895
88,1548576000,5,15,10,20,4,-0.713260261443057,-1.0131922462011895
88,1548590400,33,95,62,128,4,-0.05882860588840974,-0.7737263806936153
88,1548604800,123,198,75,321,4,0.10477930800025206,-0.3457920099254505
88,1548619200,128,189,61,317,4,-0.07141383003369141,-0.35466111605536066
88,1548633600,40,34,0,74,4,-0.8391125028958737,-0.8934593134474024
88,1548648000,4,7,3,11,4,-0.8013568304600287,-1.0331477349934872
88,1548662400,156,161,5,317,4,-0.7761863821694653,-0.35466111605536066
88,1548676800,412,691,279,1103,4,2.672165033637714,1.3881182384719843
88,1548691200,219,330,111,549,4,0.5578473772303925,0.15974703947942817
88,1548705600,785,547,0,1332,4,-0.8391125028958737,1.8958745644093404
88,1548720000,105,139,34,244,5,-0.3597510840443077,-0.5318836757015961
88,1548734400,22,15,0,37,5,-0.6894844268012214,-0.9955087685980947
88,1548748800,129,199,70,328,5,-0.01062166230169336,-0.343745956845046
88,1548763200,119,651,532,770,5,4.469872583395191,0.6462168019001345
88,1548777600,604,697,93,1301,5,0.21243324603386582,1.8355159532433265
88,1548792000,813,538,0,1351,5,-0.6894844268012214,1.9475026906579396
88,1548806400,123,153,30,276,5,-0.39854324201570934,-0.4602121637562437
88,1548820800,13,11,0,24,5,-0.6894844268012214,-1.0246253203258942
88,1548835200,153,191,38,344,5,-0.32095892607290616,-0.30791020087236975
88,1548849600,457,702,245,1159,5,1.6865352489471266,1.5174736189858251
88,1548864000,236,344,108,580,5,0.3579038384266218,0.22066719972460444
88,1548878400,820,499,0,1319,5,-0.6894844268012214,1.8758311787125872
88,1548892800,116,142,26,258,5,-0.43733539998711096,-0.5005273892255044
88,1548907200,12,14,2,26,5,-0.6700883478155205,-1.0201458508293095
88,1548921600,101,205,104,306,5,0.3191116804552202,-0.39302012130747577
88,1548936000,365,662,297,1027,5,2.1908333025753475,1.2218286322112462
88,1548950400,208,321,113,529,5,0.4063940358908738,0.10644072756169899
88,1548964800,708,509,0,1217,5,-0.6894844268012214,1.6473782343867762
88,1548979200,139,185,46,324,5,-0.24337461013010295,-0.352704895838215
88,1548993600,15,17,2,32,5,-0.6700883478155205,-1.006707442339556
88,1549008000,146,171,25,317,5,-0.4470334394799613,-0.36838303907626085
88,1549022400,389,637,248,1026,5,1.7156293674256777,1.219588897462954
88,1549036800,229,404,175,633,5,1.0076724844475986,0.3393731413840944
88,1549051200,741,542,0,1283,5,-0.6894844268012214,1.7952007277740656
88,1549065600,117,197,80,314,5,0.08635873262681064,-0.3751022433211377
88,1549080000,15,11,0,26,5,-0.6894844268012214,-1.0201458508293095
88,1549094400,7,26,19,33,5,-0.5052216764370637,-1.0044677075912638
88,1549108800,38,129,91,167,5,0.19303716704816504,-0.7043432513201004
88,1549123200,147,233,86,380,5,0.14454696958391303,-0.22727974993384828
88,1549137600,169,194,25,363,5,-0.4470334394799613,-0.26535524065481675
88,1549152000,52,60,8,112,5,-0.6119001108584181,-0.827528662476175
88,1549166400,7,14,7,21,5,-0.6215981503512685,-1.0313445245707709
88,1549180800,4,17,13,21,5,-0.5634099133941661,-1.0313445245707709
88,1549195200,34,91,57,125,5,-0.13669617570874856,-0.7984121107483755
88,1549209600,110,174,64,284,5,-0.06880989925879576,-0.4422942857699056
88,1549224000,135,125,0,260,5,-0.6894844268012214,-0.49604791972891993
88,1549238400,40,37,0,77,5,-0.6894844268012214,-0.9059193786664042
88,1549252800,5,10,5,15,5,-0.6409942293369694,-1.0447829330605245
88,1549267200,148,227,79,375,5,0.07666069313396023,-0.2384784236753096
88,1549281600,407,602,195,1009,5,1.2016332743046065,1.1815134067419855
88,1549296000,246,315,69,561,5,-0.02031970179454376,0.17811223950705143
88,1549310400,820,548,0,1368,5,-0.6894844268012214,1.9855781813789082
88,1549324800,91,144,53,235,6,-0.17980997489286502,-0.5503089994745699
88,1549339200,10,14,4,24,6,-0.8030741322385513,-1.0355928854094014
88,1549353600,152,171,19,323,6,-0.6122789820306881,-0.3479157200325548
88,1549355455,14,34,20,48,6,-0.5995593053501639,-0.9803947182888519
88,1549368000,422,644,222,1066,6,1.9698153841157264,1.360927537074459
88,1549368699,12,7,0,19,6,-0.8539528389606481,-1.047092503559516
88,1549382400,227,380,153,607,6,1.0921576931595558,0.3052625908939484
88,1549396800,769,495,0,1264,6,-0.8539528389606481,1.8163124158189927
88,1549411200,106,179,73,285,6,0.07458355871761918,-0.43531281797342497
88,1549425600,9,18,9,27,6,-0.7394757488359303,-1.0286931145193328
88,1549440000,169,208,39,377,6,-0.3578854484202039,-0.22371984401131828
88,1549454400,418,682,264,1100,6,2.5040418046977435,1.4391249404952373
88,1549468800,262,409,147,671,6,1.0158396330764106,0.4524577032154139
88,1549483200,760,505,0,1265,6,-0.8539528389606481,1.8186123394490157
88,1549497600,137,198,61,335,6,-0.07805256144867133,-0.32031663647228004
88,1549512000,12,11,0,23,6,-0.8539528389606481,-1.0378928090394244
88,1549526400,154,195,41,349,6,-0.3324460950591555,-0.28811770565195943
88,1549540800,459,727,268,1186,6,2.5549205114198403,1.6369183726772067
88,1549555200,272,402,130,674,6,0.7996051295074991,0.4593574741054826
88,1549569600,811,548,0,1359,6,-0.8539528389606481,2.0348051606711683
88,1549584000,104,183,79,287,6,0.15090161880076444,-0.43071297071337916
88,1549598400,15,18,3,33,6,-0.8157938089190755,-1.0148935727391954
88,1549612800,148,178,30,326,6,-0.47236253854492183,-0.3410159491424861
88,1549627200,453,692,239,1145,6,2.186049887684638,1.5426215038462678
88,1549641600,294,367,73,661,6,0.07458355871761918,0.4294584669151849
88,1549656000,657,537,0,1194,6,-0.8539528389606481,1.65531776171739
88,1549670400,120,244,124,364,6,0.7232870694243538,-0.253618851201616
88,1549684800,14,14,0,28,6,-0.8539528389606481,-1.0263931908893098
88,1549699200,7,28,21,35,6,-0.5868396286696397,-1.0102937254791495
88,1549713600,60,130,70,190,6,0.03642452867604655,-0.6538055628256003
88,1549728000,186,312,126,498,6,0.7487264227854022,0.05457091522145246
88,1549742400,203,276,73,479,6,0.07458355871761918,0.010872366251017387
88,1549756800,70,75,5,145,6,-0.7903544555580271,-0.7573021261766307
88,1549771200,11,12,1,23,6,-0.8412331622801239,-1.0378928090394244
88,1549785600,7,16,9,23,6,-0.7394757488359303,-1.0378928090394244
88,1549800000,39,104,65,143,6,-0.027173854726574496,-0.7619019734366765
88,1549814400,121,270,149,391,6,1.041278986437459,-0.19152091319099768
88,1549828800,152,141,0,293,6,-0.8539528389606481,-0.41691342893324174
88,1549843200,33,46,13,79,6,-0.6885970421138333,-0.9090970857581421
88,1549857600,4,4,0,8,6,-0.8539528389606481,-1.0723916634897679
88,1549872000,174,207,33,381,6,-0.4342035085033492,-0.21452014949122666
88,1549886400,406,626,220,1032,6,1.944376030754678,1.2827301336536803
88,1549900800,229,347,118,576,6,0.6469690093412086,0.23396495836323855
88,1549915200,822,475,0,1297,6,-0.8539528389606481,1.8922098956097484
88,1549929600,104,128,24,232,7,-0.34008843608861583,-0.5456997240842365
88,1549944000,12,10,0,22,7,-0.7138597524288197,-1.0672565094865074
88,1549958400,134,198,64,332,7,0.28286375781172407,-0.29733935008315515
88,1549972800,424,661,237,1085,7,2.977131996430694,1.5728142661449875
88,1549987200,257,305,48,562,7,0.033682880251588124,0.27388951011933205
88,1550001600,835,410,0,1245,7,-0.7138597524288197,1.9701908645467179
88,1550016000,114,136,22,250,7,-0.37123604578363284,-0.5009948567640419
88,1550030400,10,6,0,16,7,-0.7138597524288197,-1.0821581319265723
88,1550044800,155,254,99,409,7,0.8279469274745215,-0.10610186210232246
88,1550046767,89,80,0,169,7,-0.7138597524288197,-0.7021667597049178
88,1550059200,414,665,251,1079,7,3.195165264295813,1.5579126437049227
88,1550073600,256,337,81,593,7,0.5476184402193686,0.3508812260596673
88,1550088000,867,509,0,1376,7,-0.7138597524288197,2.2955429544881345
88,1550102400,127,166,39,293,7,-0.10648136337598836,-0.39419989594357685
88,1550116800,12,8,0,20,7,-0.7138597524288197,-1.0722237169665292
88,1550131200,151,194,43,345,7,-0.044186143985954364,-0.26505250146301457
88,1550145600,445,698,253,1143,7,3.22631287399083,1.7168632830656148
88,1550160000,476,396,0,872,7,-0.7138597524288197,1.0438066695226844
88,1550174400,812,540,0,1352,7,-0.7138597524288197,2.235936464727875
88,1550188800,116,208,92,324,7,0.718930293541962,-0.31720818000324164
88,1550203200,12,13,1,25,7,-0.6982859475813112,-1.059805698266475
88,1550217600,195,215,20,410,7,-0.4023836554786498,-0.10361825836231164
88,1550232000,425,581,156,1006,7,1.7156538037825058,1.3766095706841333
88,1550246400,328,331,3,659,7,-0.6671383378862943,0.5147990729003811
88,1550260800,699,470,0,1169,7,-0.7138597524288197,1.781436980305896
88,1550275200,120,156,36,276,7,-0.15320277791851386,-0.4364211595237607
88,1550289600,13,15,2,28,7,-0.6827121427338028,-1.0523548870464425
88,1550304000,19,24,5,43,7,-0.6359907281912772,-1.0151008309462803
88,1550318400,81,133,52,214,7,0.09597809964162211,-0.5904045914044311
88,1550332800,202,254,52,456,7,0.09597809964162211,0.010627513678185792
88,1550347200,235,280,45,515,7,-0.01303853429093737,0.1571601343388238
88,1550361600,68,108,40,176,7,-0.09090755852847986,-0.6847815335248421
88,1550376000,10,33,23,43,7,-0.3556622409361243,-1.0151008309462803
88,1550390400,17,18,1,35,7,-0.6982859475813112,-1.0349696608663668
88,1550404800,74,107,33,181,7,-0.19992419246103935,-0.6723635148247881
88,1550419200,184,206,22,390,7,-0.37123604578363284,-0.15329033316252794
88,1550433600,191,259,68,450,7,0.3451589772017581,-0.0042741087618790915
88,1550448000,74,88,14,162,7,-0.4958264845637008,-0.7195519858849935
88,1550462400,8,9,1,17,7,-0.6982859475813112,-1.0796745281865616
88,1550476800,53,59,6,112,7,-0.6204169233437687,-0.8437321728855341
88,1550491200,157,196,39,353,7,-0.10648136337598836,-0.24518367154292803
88,1550505600,184,221,37,405,7,-0.13762897307100536,-0.11603627706236572
88,1550520000,259,321,62,580,7,0.25171614811670706,0.31859437743952673
88,1550534400,66,96,30,162,8,-0.3689914525155094,-0.916867926115742
88,1550548800,6,9,3,15,8,-0.8210227237459429,-1.2352248449059302
88,1550563200,136,189,53,325,8,0.016072222977082093,-0.5638599141239007
88,1550577600,482,629,147,1111,8,1.5898107228163691,1.1383750394073096
88,1550592000,250,358,108,608,8,0.9368766643724096,0.04903129688033916
88,1550606400,871,479,0,1350,8,-0.8712484205493244,1.6559757441070033
88,1550620800,139,178,39,317,8,-0.21831436210536492,-0.5811854607247272
88,1550635200,13,15,2,28,8,-0.8377646226804034,-1.207070831679587
88,1550649600,152,216,64,368,8,0.2002331112561476,-0.4707351011444579
88,1550664000,465,643,178,1108,8,2.1088095897846446,1.1318779594319996
88,1550678400,256,296,40,552,8,-0.2015724631709044,-0.07224752932544681
88,1550692800,719,547,0,1266,8,-0.8712484205493244,1.4740575047983242
88,1550704260,70,9,0,79,8,-0.8712484205493244,-1.0966204720993176
88,1550707200,114,183,69,297,8,0.2839426059284501,-0.6244993272267937
88,1550721600,9,10,1,19,8,-0.854506521614864,-1.2265620716055168
88,1550736000,152,196,44,348,8,-0.1346048674330624,-0.5140489676465243
88,1550750400,434,654,220,1088,8,2.8119693450319856,1.0885640929299332
88,1550764800,288,329,41,617,8,-0.18483056423644392,0.06852253680626905
88,1550779200,827,477,0,1304,8,-0.8712484205493244,1.5563538511522506
88,1550793600,140,164,24,304,8,-0.46944284612227244,-0.6093394739510704
88,1550808000,11,11,0,22,8,-0.8712484205493244,-1.2200649916302069
88,1550822400,133,167,34,300,8,-0.3020238567776674,-0.6180022472514837
88,1550836800,497,628,131,1125,8,1.3219403398650011,1.168694745958756
88,1550851200,289,362,73,651,8,0.3509102016662921,0.14215610985978194
88,1550865600,747,523,0,1270,8,-0.8712484205493244,1.4827202780987376
88,1551484800,9223,7385,0,16608,9,-1.0529991873789666,4.105586259696106
88,1551499200,9,19,10,28,9,-0.8532733141142522,-0.30873951874191397
88,1551513600,9,42,33,51,9,-0.393903805605409,-0.30261590638340524
88,1551528000,27,148,121,175,9,1.363683879124078,-0.26960164845057566
88,1551542400,80,191,111,271,9,1.1639580058593637,-0.24404222295419145
88,1551556800,98,168,70,266,9,0.34508192547403443,-0.24537344303212813
88,1551571200,44,54,10,98,9,-0.8532733141142522,-0.29010243765080046
88,1551585600,9,9,0,18,9,-1.0529991873789666,-0.3114019588977873
88,1551600000,4,18,14,22,9,-0.7733829648083664,-0.310336982835438
88,1551614400,21,125,104,146,9,1.0241498945740635,-0.2773227249026084
88,1551628800,90,161,71,251,9,0.3650545128005058,-0.24936710326593817
88,1551643200,90,163,73,253,9,0.4049996874534487,-0.2488346152347635
88,1551657600,47,35,0,82,9,-1.0529991873789666,-0.29436234190019783
88,1551672000,5,4,0,9,9,-1.0529991873789666,-0.3137981550380733
88,1551686400,95,163,68,258,9,0.30513675082109154,-0.24750339515682682
88,1551700800,479,635,156,1114,9,2.0627244355505785,-0.019598517814067736
88,1551715200,169,277,108,446,9,1.1040402438799493,-0.19744952022640777
88,1551729600,822,459,0,1281,9,-1.0529991873789666,0.02486423278901727
88,1551744000,102,152,50,254,10,-0.2115409287482626,-0.5263205166824894
88,1551758400,9,8,0,17,10,-0.7515455193376124,-1.0560422922430968
88,1551772800,168,196,28,364,10,-0.4491429486075765,-0.28045808920710197
88,1551787200,446,660,214,1106,10,1.5596741283848046,1.3779957397632385
88,1551801600,262,391,129,653,10,0.6416663243829099,0.36548956116005227
88,1551816000,944,585,0,1529,10,-0.7515455193376124,2.323448529054956
88,1551830400,134,173,39,307,10,-0.33034193867791956,-0.40785952889889365
88,1551844800,10,16,6,26,10,-0.6867449684668904,-1.035926275449656
88,1551859200,162,229,67,391,10,-0.027939367947883695,-0.2201100388267796
88,1551863838,267,373,106,640,10,0.3932642127118091,0.3364330924584156
88,1551865696,92,152,60,244,10,-0.10354001063039266,-0.5486716464529792
88,1551873600,189,678,489,867,10,4.529699376626228,0.8438037382485333
88,1551888000,258,368,110,626,10,0.4364645799589571,0.3051415107797299
88,1551902400,892,537,0,1429,10,-0.7515455193376124,2.099937231350058
88,1551916800,134,176,42,310,10,-0.29794166324255855,-0.4011541899677467
88,1551931200,9,13,4,22,10,-0.7083451520904643,-1.044866727357852
88,1551945600,178,214,36,392,10,-0.3627422141132805,-0.21787492584973062
88,1551945997,3,3,0,6,10,-0.7515455193376124,-1.0806285349906357
88,1551946151,31,14,0,45,10,-0.7515455193376124,-0.9934591288857255
88,1551960000,472,696,224,1168,10,1.6676750465026744,1.5165727443402752
88,1551974400,305,400,95,705,10,0.27446320278215214,0.48171543596659905
88,1551988800,875,526,0,1401,10,-0.7515455193376124,2.0373540679926867
88,1552003200,126,208,82,334,10,0.13406200922892123,-0.3475114785185713
88,1552017600,12,18,6,30,10,-0.6867449684668904,-1.0269858235414602
88,1552032000,150,201,51,351,10,-0.2007408369364756,-0.30951455790873866
88,1552046400,444,652,208,1096,10,1.4948735775140827,1.3556446099927488
88,1552060800,317,441,124,758,10,0.587665865323975,0.6001764237501949
88,1552075200,793,534,0,1327,10,-0.7515455193376124,1.8719557076910625
88,1552089600,101,247,146,348,10,0.8252678851832889,-0.3162198968398856
88,1552104000,11,11,0,22,10,-0.7515455193376124,-1.044866727357852
88,1552118400,6,23,17,29,10,-0.5679439585372335,-1.0292209365185092
88,1552132800,50,117,67,167,10,-0.027939367947883695,-0.7207753456857504
88,1552147200,161,233,72,394,10,0.02606109111105128,-0.21340469989563265
88,1552161600,207,231,24,438,10,-0.49234331585472446,-0.11505972890547769
88,1552176000,68,87,19,155,10,-0.5463437749136595,-0.7475967014103381
88,1552194000,6,15,9,21,10,-0.6543446930315294,-1.047101840334901
88,1552208400,8,23,15,31,10,-0.5895441421608074,-1.0247507105644111
88,1552222800,45,153,108,198,10,0.4148643963353831,-0.6514868433972321
88,1552237200,149,211,62,360,10,-0.08193982700681866,-0.2893985411152979
88,1552251600,124,118,0,242,10,-0.7515455193376124,-0.5531418724070771
88,1552266000,20,33,13,53,10,-0.6111443257843814,-0.9755782250693337
88,1552280400,4,8,4,12,10,-0.7083451520904643,-1.0672178571283417
88,1552294800,301,473,172,774,10,1.1060702722897509,0.6359382313829784
88,1552309200,302,566,264,868,10,2.0996787189741544,0.8460388512255823
88,1552323600,334,373,39,707,10,-0.33034193867791956,0.486185661920697
88,1552338000,791,508,0,1299,10,-0.7515455193376124,1.809372544333691
88,1552352400,64,95,31,159,11,-0.32711140734863065,-0.718785084281945
88,1552366800,4,10,6,14,11,-0.6496534688263274,-1.068382861123478
88,1552381200,339,367,28,706,11,-0.36581645472595425,0.6000423911133553
88,1552395600,373,622,249,995,11,2.485455368736884,1.29682692564579
88,1552410000,360,364,4,724,11,-0.675456833744543,0.6434407358247181
88,1552424400,824,509,0,1333,11,-0.7270635635809745,2.1117513985591567
88,1552438800,71,99,28,170,11,-0.36581645472595425,-0.6922638736250011
88,1552452888,5,11,6,16,11,-0.6496534688263274,-1.0635608228222155
88,1552452972,0,0,0,0,11,-0.7270635635809745,-1.1021371292323157
88,1552453055,0,0,0,0,11,-0.7270635635809745,-1.1021371292323157
88,1552453200,4,10,6,14,11,-0.6496534688263274,-1.068382861123478
88,1552467600,323,458,135,781,11,1.0146635683985874,0.7808688274107
88,1552482000,338,549,211,887,11,1.9951914352907854,1.0364368573776137
88,1552496400,328,401,73,729,11,0.21475925593389972,0.6554958315778744
88,1552510800,802,555,0,1357,11,-0.7270635635809745,2.169615858174307
88,1552525200,72,94,22,166,11,-0.4432265494806015,-0.7019079502275262
88,1552539600,7,7,0,14,11,-0.7270635635809745,-1.068382861123478
88,1552552054,236,308,72,544,11,0.20185757347479186,0.20945728871109087
88,1552554000,111,363,252,474,11,2.5241604161142077,0.04068594816690255
88,1552556468,121,138,17,259,11,-0.5077349617761407,-0.47768316921881876
88,1552568400,200,507,307,707,11,3.2337529513651404,0.6024534102639866
88,1552582800,371,408,37,779,11,-0.24970131259398345,0.7760467891094375
88,1552597200,751,520,0,1271,11,-0.7270635635809745,1.9622682112200183
88,1552611600,72,100,28,172,11,-0.36581645472595425,-0.6874418353237386
88,1552626000,7,13,6,20,11,-0.6496534688263274,-1.0539167462196903
88,1552640400,342,430,88,772,11,0.4082844928205177,0.7591696550550187
88,1552654800,336,570,234,906,11,2.291930131850266,1.0822462212396078
88,1552669200,419,437,18,856,11,-0.4948332793170329,0.9616952637080446
88,1552683600,603,448,0,1051,11,-0.7270635635809745,1.4318439980811406
88,1552698000,102,154,52,256,11,-0.05617607570736547,-0.48491622667071255
88,1552712400,5,12,7,17,11,-0.6367517863672194,-1.061149803671584
88,1552726800,10,33,23,43,11,-0.4303248670214936,-0.9984633057551714
88,1552741200,82,143,61,225,11,0.05993906642460532,-0.5596578203402817
88,1552755600,200,324,124,524,11,0.872745061348401,0.16123690569846563
88,1552770000,176,235,59,411,11,0.034135701506389594,-0.11120825832286696
88,1552784400,34,45,11,79,11,-0.585145056530788,-0.911666616332446
88,1552798800,4,11,7,15,11,-0.6367517863672194,-1.0659718419728468
88,1552813200,11,40,29,51,11,-0.35291477226684637,-0.9791751525501212
88,1552827600,75,140,65,215,11,0.11154579626103679,-0.5837680118465943
88,1552842000,160,197,37,357,11,-0.24970131259398345,-0.2414032924569551
88,1552856400,144,141,0,285,11,-0.7270635635809745,-0.414996671302406
88,1552866895,21,23,2,44,11,-0.7012601986627588,-0.99605228660454
88,1552870800,22,31,9,53,11,-0.6109484214490037,-0.9743531142488587
88,1552885200,2,8,6,10,11,-0.6496534688263274,-1.078026937726003
88,1552899600,357,455,98,812,11,0.5373013174115964,0.8556104210802691
88,1552914000,282,456,174,738,11,1.5178291843037943,0.6771950039335557
88,1552928400,303,386,83,689,11,0.3437760805249784,0.5590550655526239
88,1552942800,722,520,0,1242,11,-0.7270635635809745,1.8923486558517117
88,1552957200,77,78,1,155,12,-0.7000207820774721,-0.8821233034827386
88,1552971600,5,10,5,15,12,-0.6357565791326549,-1.2196133825040478
88,1552986000,382,468,86,850,12,0.6655935304998916,0.793273874515904
88,1553000400,325,521,196,846,12,2.4328591114823626,0.7836313008295809
88,1553014800,400,402,2,802,12,-0.6839547313412678,0.6775629902800265
88,1553029200,774,528,0,1302,12,-0.7160868328136764,1.8828847010704168
88,1553043600,85,76,0,161,12,-0.7160868328136764,-0.8676594429532539
88,1553058000,4,11,7,15,12,-0.6036244776602464,-1.2196133825040478
88,1553072400,381,460,79,841,12,0.5531311753464616,0.771578083721677
88,1553086800,344,518,174,862,12,2.0794059952858683,0.8222015955748734
88,1553101200,356,404,48,760,12,0.055083602524128986,0.5763159665736337
88,1553115600,690,523,0,1213,12,-0.7160868328136764,1.6683374365497274
88,1553130000,75,110,35,185,12,-0.15377505704652664,-0.8098040008353151
88,1553144400,6,15,9,21,12,-0.5714923761878379,-1.2051495219745632
88,1553158800,357,434,77,791,12,0.5209990738740531,0.6510459126426379
88,1553173200,370,585,215,955,12,2.7381140754702438,1.046391433781886
88,1553187600,370,408,38,778,12,-0.1055769048379138,0.6197075481620878
88,1553202000,743,518,0,1261,12,-0.7160868328136764,1.7840483207856048
88,1553216400,115,128,13,243,12,-0.5072281732430207,-0.6699866823836299
88,1553230800,9,15,6,24,12,-0.6196905283964507,-1.1979175917098208
88,1553245200,339,384,45,723,12,0.006885450315516152,0.48712215997514485
88,1553259600,398,566,168,964,12,1.9830096908686423,1.068087224576113
88,1553274000,387,420,33,807,12,-0.1859071585189352,0.6896162073879304
88,1553288400,627,445,0,1072,12,-0.7160868328136764,1.3284367141068374
88,1553302800,91,148,57,239,12,0.19967805914996747,-0.679629256069953
88,1553317200,5,16,11,21,12,-0.5393602747154292,-1.2051495219745632
88,1553331600,12,77,65,89,12,0.3282064650396017,-1.0412257693070701
88,1553346000,94,182,88,276,12,0.6977256319723001,-0.5904354494714641
88,1553360400,260,216,0,476,12,-0.7160868328136764,-0.10830676515530797
88,1553374800,200,179,0,379,12,-0.7160868328136764,-0.3421391770486437
88,1553389200,59,60,1,119,12,-0.7000207820774721,-0.9689064666596466
88,1553403600,6,17,11,23,12,-0.5393602747154292,-1.2003282351314015
88,1553418000,6,30,24,36,12,-0.33050161514477366,-1.1689898706508515
88,1553432400,79,133,54,212,12,0.15147990694135466,-0.7447166284526341
88,1553446800,216,181,0,397,12,-0.7160868328136764,-0.29874759546018964
88,1553461200,191,130,0,321,12,-0.7160868328136764,-0.481956495500329
88,1553475600,36,32,0,68,12,-0.7160868328136764,-1.0918492811602665
88,1553490000,3,6,3,9,12,-0.6678886806050636,-1.2340772430335325
88,1553504400,347,460,113,807,12,1.099376900377407,0.6896162073879304
88,1553518800,313,521,208,834,12,2.6256517203168137,0.7547035797706115
88,1553533200,334,332,0,666,12,-0.7160868328136764,0.34971548494504034
88,1553547600,744,517,0,1261,12,-0.7160868328136764,1.7840483207856048
88,1553562000,80,82,2,162,13,-0.7677104455071806,-0.8554906756811079
88,1553576400,6,14,8,20,13,-0.683376080961492,-1.1985613043633383
88,1553590800,383,499,116,882,13,0.8346424808609016,0.8840223711583693
88,1553605200,327,513,186,840,13,1.8185434005606014,0.7825507767593999
88,1553619600,346,430,84,776,13,0.3848592032838961,0.627927394818113
88,1553634000,759,515,0,1274,13,-0.7958219003557435,1.8310905855487514
88,1553648400,115,97,0,212,13,-0.7958219003557435,-0.7346911585394776
88,1553662800,8,18,10,26,13,-0.6552646261129292,-1.1840653623063426
88,1553677200,387,483,96,870,13,0.5535279323752732,0.855030487044378
88,1553691600,342,580,238,922,13,2.549441226623235,0.9806619848716737
88,1553706000,384,404,20,788,13,-0.514707351870115,0.6569192789321042
88,1553720400,757,539,0,1296,13,-0.7958219003557435,1.884242373091069
88,1553734800,79,129,50,208,13,-0.0930355291416723,-0.744355119910808
88,1553749200,6,14,8,20,13,-0.683376080961492,-1.1985613043633383
88,1553763600,372,467,95,839,13,0.5394722049509918,0.7801347864165672
88,1553778000,315,562,247,877,13,2.675942773441768,0.8719424194442064
88,1553792400,366,451,85,817,13,0.3989149307081775,0.7269829988742499
88,1553806800,677,478,0,1155,13,-0.7958219003557435,1.543587734751671
88,1553821200,90,142,52,232,13,-0.06492407429310945,-0.6863713516828255
88,1553835600,7,18,11,25,13,-0.6412088986886478,-1.186481352649175
88,1553850000,300,417,117,717,13,0.848698208285183,0.48538396459098915
88,1553864400,302,547,245,849,13,2.647831318593205,0.8042946898448933
88,1553878800,407,429,22,836,13,-0.48659589702155215,0.7728868153880694
88,1553893200,608,504,0,1112,13,-0.7958219003557435,1.439700150009869
88,1553907600,73,165,92,238,13,0.49730502267814747,-0.6718754096258298
88,1553922000,8,9,1,17,13,-0.7817661729314621,-1.2058092753918361
88,1553936400,11,45,34,56,13,-0.31792716793017506,-1.1115856520213643
88,1553950800,94,157,63,251,13,0.0896889273739862,-0.6404675351690059
88,1553965200,234,233,0,467,13,-0.7958219003557435,-0.11861362111716273
88,1553979600,195,162,0,357,13,-0.7958219003557435,-0.38437255882874954
88,1553994000,47,58,11,105,13,-0.6412088986886478,-0.9932021252225666
88,1554008400,5,9,4,14,13,-0.7395989906586178,-1.213057246420334
88,1554022800,6,29,23,35,13,-0.47254016959727074,-1.1623214492208491
88,1554037200,75,130,55,205,13,-0.022756892020265183,-0.7516030909393059
88,1554051600,150,217,67,367,13,0.1459118370711119,-0.36021265540042346
88,1554066000,125,105,0,230,13,-0.7958219003557435,-0.6912033323684906
88,1554080400,28,32,4,60,13,-0.7395989906586178,-1.101921690650034
88,1554094800,3,7,4,10,13,-0.7395989906586178,-1.2227212077916643
88,1554109200,364,413,49,777,13,-0.10709125656595372,0.6303433851609456
88,1554123600,298,491,193,789,13,1.9169334925305712,0.6593352692749369
88,1554138000,319,405,86,724,13,0.412970658132459,0.5022958969908173
88,1554152400,705,514,0,1219,13,-0.7958219003557435,1.698211116692958
88,1554166800,77,84,7,161,14,-0.7292492254941467,-0.8810168930477116
88,1554181200,5,13,8,18,14,-0.7156908069590631,-1.2329080588151222
88,1554195600,361,463,102,824,14,0.5588005353388084,0.7504785118739201
88,1554210000,317,573,256,890,14,2.6467969897417043,0.9128898191511867
88,1554224400,342,400,58,742,14,-0.037769880204876115,0.5486947664688315
88,1554238800,762,459,0,1221,14,-0.8241581552397329,1.727407132920508
88,1554253200,77,121,44,198,14,-0.22758773969604845,-0.7899681298771227
88,1554267600,7,9,2,16,14,-0.7970413181695655,-1.2378296135811
88,1554282000,325,465,140,790,14,1.0740204396719906,0.666812080852298
88,1554296400,336,559,223,895,14,2.199369178083941,0.925193706066131
88,1554310800,347,462,115,809,14,0.7350599762948969,0.7135668511290869
88,1554325200,748,484,0,1232,14,-0.8241581552397329,1.7544756841333857
88,1554339600,66,149,83,215,14,0.30119058317221736,-0.7481349143663116
88,1554354000,5,10,5,15,14,-0.7563660625643143,-1.240290390964089
88,1554368400,370,473,103,843,14,0.5723589538738921,0.797233282150709
88,1554382800,338,569,231,907,14,2.3078365263646106,0.9547230346619977
88,1554397200,378,405,27,783,14,-0.458080854792472,0.6495866391713758
88,1554411600,735,460,0,1195,14,-0.8241581552397329,1.663426920962797
88,1554426000,75,142,67,217,14,0.08425588661087753,-0.7432133596003339
88,1554440400,5,15,10,20,14,-0.6885739698888955,-1.2279865040491444
88,1554454800,310,359,49,669,14,-0.15979564702062976,0.36905801751064277
88,1554469200,320,562,242,882,14,2.4569791302505317,0.8932036000872756
88,1554483600,436,466,30,902,14,-0.41740559918722075,0.9424191477470533
88,1554498000,664,502,0,1166,14,-0.8241581552397329,1.5920643768561193
88,1554512400,72,129,57,201,14,-0.05132829873995985,-0.7825857977281561
88,1554526800,6,11,5,17,14,-0.7563660625643143,-1.2353688361981112
88,1554541200,13,44,31,57,14,-0.40384718065213704,-1.1369377408785557
88,1554555600,111,199,88,310,14,0.36898267584763605,-0.5143610629823675
88,1554570000,209,283,74,492,14,0.1791648163564637,-0.06649957927839013
88,1554584400,215,229,14,444,14,-0.6343402957485605,-0.18461689366185668
88,1554598800,67,71,4,138,14,-0.7699244810993979,-0.9376147728564559
88,1554613200,4,8,4,12,14,-0.7699244810993979,-1.2476727231130555
88,1554627600,10,26,16,36,14,-0.6072234586783931,-1.1886140659213222
88,1554642000,83,160,77,243,14,0.2198400719617149,-0.6792331476426229
88,1554656400,190,243,53,433,14,-0.1055619728802948,-0.21168544487473442
88,1554670800,158,159,1,317,14,-0.8105997367046491,-0.4971356213014453
88,1554685200,29,37,8,66,14,-0.7156908069590631,-1.1147907444316558
88,1554699600,4,7,3,11,14,-0.7834828996344817,-1.2501335004960445
88,1554714000,349,457,108,806,14,0.6401510465493108,0.7061845189801202
88,1554728400,297,505,208,802,14,1.9959929000576846,0.6963414094481647
88,1554742800,329,312,0,641,14,-0.8241581552397329,0.30015625078695396
88,1554757200,650,513,0,1163,14,-0.8241581552397329,1.5846820447071526
88,1554771600,59,90,31,149,15,-0.43117600576463644,-0.9394171917555837
88,1554786000,5,9,4,14,15,-0.7648568000347213,-1.2711785822866366
88,1554800400,359,477,118,836,15,0.6440176646611927,0.7488796622802186
88,1554814800,308,562,254,870,15,2.324780183947546,0.8324343828584096
88,1554829200,365,445,80,810,15,0.17439284309588804,0.6849848759557196
88,1554843600,806,498,0,1304,15,-0.8142909917784377,1.8989858161212019
88,1554858000,81,101,20,182,15,-0.5671200330598563,-0.8583199629591041
88,1554872400,8,13,5,21,15,-0.7524982520987923,-1.253976139814656
88,1554883353,18,79,61,97,15,-0.060419567686764306,-1.0672067644045817
88,1554886800,386,477,91,863,15,0.3103368703911078,0.8152319403864292
88,1554887430,38,60,22,98,15,-0.542402937187998,-1.0647492726228702
88,1554894683,220,172,0,392,15,-0.8142909917784377,-0.34224668879968856
88,1554901200,187,523,336,710,15,3.3381811146937297,0.4392356977845693
88,1554915600,364,413,49,777,15,-0.20872214291791316,0.6038876471592399
88,1554930000,732,550,0,1282,15,-0.8142909917784377,1.8449209969235487
88,1554944400,71,158,87,229,15,0.26090267864739153,-0.7428178492186635
88,1554958800,6,9,3,15,15,-0.7772153479706504,-1.268721090504925
88,1554973200,378,448,70,826,15,0.05080736373659733,0.7243047444631036
88,1554987600,327,551,224,878,15,1.9540237458696743,0.8520943171121017
88,1555002000,404,424,20,828,15,-0.5671200330598563,0.7292197280265266
88,1555016400,757,441,0,1198,15,-0.8142909917784377,1.6384916872597826
88,1555030800,69,137,68,206,15,0.02609026786473919,-0.799340160198028
88,1555045200,7,17,10,24,15,-0.6907055124191469,-1.2466036644695215
88,1555059600,322,410,88,732,15,0.2732612265833206,0.4933005169822223
88,1555074000,318,543,225,861,15,1.9663822938056033,0.8103169568230062
88,1555088400,417,403,0,820,15,-0.8142909917784377,0.7095597937728345
88,1555102800,650,536,0,1186,15,-0.8142909917784377,1.6090017858792445
88,1555117200,95,181,86,276,15,0.24854413071146247,-0.6273157354782228
88,1555131600,10,19,9,29,15,-0.703064060355076,-1.234316205560964
88,1555146000,19,84,65,103,15,-0.010985375943048024,-1.052461813714313
88,1555160400,123,323,200,446,15,1.6574185954073766,-0.20954213258726742
88,1555174800,310,348,38,658,15,-0.34466617021313295,0.31144612513557113
88,1555189200,320,257,0,577,15,-0.8142909917784377,0.11238929081693942
88,1555203600,86,113,27,199,15,-0.4806101975083527,-0.8165426026700086
88,1555218000,7,14,7,21,15,-0.7277811562269342,-1.253976139814656
88,1555232400,11,41,30,52,15,-0.4435345537005655,-1.1777938945815996
88,1555246800,88,246,158,334,15,1.1383595820983556,-0.4847812121389557
88,1555261200,245,337,92,582,15,0.3226954183270369,0.12467674972549693
88,1555275600,247,201,0,448,15,-0.8142909917784377,-0.2046271490238444
88,1555290000,40,75,35,115,15,-0.38174181402092017,-1.0229719123337748
88,1555304400,4,9,5,13,15,-0.7524982520987923,-1.2736360740683481
88,1555318800,321,487,166,808,15,1.237227965585788,0.6800698923922965
88,1555333200,396,577,181,973,15,1.4226061846247242,1.0855560363746946
88,1555347600,435,376,0,811,15,-0.8142909917784377,0.6874423677374311
88,1555362000,732,522,0,1254,15,-0.8142909917784377,1.7761112270356267
88,1555376400,70,132,62,202,16,-0.03408730932489912,-0.8276331930021571
88,1555390800,5,8,3,13,16,-0.6942361929681736,-1.274199051422588
88,1555405200,360,511,151,871,16,0.9617304982047862,0.7530681788669871
88,1555419600,371,583,212,954,16,1.644257310107155,0.9491791114008271
88,1555434000,438,437,0,875,16,-0.7278030853568147,0.7625193081457263
88,1555448400,808,547,0,1355,16,-0.7278030853568147,1.8966548215944397
88,1555462800,78,123,45,201,16,-0.22429969952719855,-0.8299959753218419
88,1555477200,6,9,3,15,16,-0.6942361929681736,-1.2694734867832183
88,1555491052,298,374,76,672,16,0.12255818848875924,0.28287449724970803
88,1555491600,87,356,269,443,16,2.2820282654913355,-0.2582026539581156
88,1555506000,347,602,255,949,16,2.125382767677677,0.937365199802403
88,1555520400,432,456,24,888,16,-0.4592679462476861,0.793235478301629
88,1555534800,776,677,0,1453,16,-0.7278030853568147,2.128207488923552
88,1555549200,70,106,36,176,16,-0.32500037669312176,-0.8890655333139624
88,1555563600,8,8,0,16,16,-0.7278030853568147,-1.2671107044635335
88,1555578000,359,357,0,716,16,-0.7278030853568147,0.3868369193158401
88,1555592400,380,690,310,1070,16,2.7407757948027633,1.2232618604842662
88,1555606800,430,486,56,916,16,-0.10122109410218127,0.8593933832528039
88,1555621200,752,506,0,1258,16,-0.7278030853568147,1.6674649365850123
88,1555635600,76,148,72,224,16,0.07780233197057114,-0.775651981969091
88,1555650000,6,12,6,18,16,-0.6606693005795325,-1.262385139824164
88,1555664400,237,243,6,480,16,-0.6606693005795325,-0.1707797081297773
88,1555678800,297,463,166,760,16,1.1295649601479916,0.4907993413819721
88,1555693200,484,559,75,1043,16,0.11136922435921222,1.159466737852776
88,1555707600,482,471,0,953,16,-0.7278030853568147,0.9468163290811422
88,1555722000,61,176,115,237,16,0.5589277895410932,-0.7449358118131884
88,1555736400,7,20,13,27,16,-0.5823465516727033,-1.2411200989470004
88,1555750800,28,36,8,64,16,-0.6382913723204385,-1.1536971531186622
88,1555765200,117,210,93,327,16,0.3127705786910587,-0.5322854030415547
88,1555779600,319,287,0,606,16,-0.7278030853568147,0.12693086415050994
88,1555794000,315,251,0,566,16,-0.7278030853568147,0.03241957136311717
88,1555808400,64,137,73,201,16,0.08899129610011816,-0.8299959753218419
88,1555822800,7,15,8,22,16,-0.6382913723204385,-1.2529340105454245
88,1555837200,23,30,7,53,16,-0.6494803364499855,-1.1796877586351953
88,1555851600,123,206,83,329,16,0.20088093739558843,-0.527559838402185
88,1555866000,226,259,33,485,16,-0.35856726908176284,-0.1589657965313532
88,1555880400,224,224,0,448,16,-0.7278030853568147,-0.24638874235969152
88,1555894800,33,100,67,133,16,0.02185751132283601,-0.9906651730604096
88,1555909200,6,12,6,18,16,-0.6606693005795325,-1.262385139824164
88,1555923600,306,415,109,721,16,0.4917940047638111,0.3986508309142642
88,1555938000,251,593,342,844,16,3.098822646948268,0.689273056235497
88,1555952400,446,459,13,905,16,-0.5823465516727033,0.8334027777362709
88,1555966800,752,489,0,1241,16,-0.7278030853568147,1.6272976371503702
88,1555981200,72,97,25,169,17,-0.4815841862975908,-0.8578187949544845
88,1555995600,5,15,10,20,17,-0.6665932450615082,-1.234601591398381
88,1556010000,329,418,89,747,17,0.3077877977617897,0.6037950060157988
88,1556024400,341,592,251,933,17,2.3058856324120964,1.074141315670596
88,1556038800,436,452,16,888,17,-0.5925896215559412,0.9603478536573385
88,1556053200,743,524,0,1267,17,-0.7899326175707864,1.9187416781689948
88,1556067600,65,123,58,188,17,-0.07456425701697275,-0.8097726665488869
88,1556082000,5,8,3,13,17,-0.7529308058180029,-1.2523027966004434
88,1556096400,321,447,126,768,17,0.7641434760461191,0.6568986216219855
88,1556110800,293,502,209,795,17,1.787860267873128,0.72517469882994
88,1556125200,330,475,145,805,17,0.9984882838137477,0.750462134832886
88,1556139600,672,492,0,1164,17,-0.7899326175707864,1.6582810873386502
88,1556154000,74,138,64,212,17,-0.0005606335114058259,-0.7490828201418164
88,1556168400,7,11,4,18,17,-0.7405968685670751,-1.2396590785989703
88,1556182800,332,414,82,746,17,0.22145023700529495,0.6012662624155042
88,1556197200,297,557,260,854,17,2.4168910676704467,0.8743705712473219
88,1556211600,398,481,83,879,17,0.23378417425622278,0.937589161254687
88,1556226000,730,525,0,1255,17,-0.7899326175707864,1.8883967549654597
88,1556240400,76,153,77,229,17,0.15978055075065584,-0.706094178936808
88,1556254800,31,64,33,95,17,-0.3829126882901683,-1.0449458213762854
88,1556266272,132,137,5,269,17,-0.7282629313161473,-0.6049444349250237
88,1556269200,121,304,183,425,17,1.4671778993490048,-0.2104604332790649
88,1556283600,356,560,204,916,17,1.7261905816184888,1.0311526744655874
88,1556298000,454,459,5,913,17,-0.7282629313161473,1.0235664436647036
88,1556312400,544,534,0,1078,17,-0.7899326175707864,1.4408091377133139
88,1556326800,74,141,67,215,17,0.03644117824137764,-0.7414965893409325
88,1556341200,6,10,4,16,17,-0.7405968685670751,-1.2447165657995596
88,1556355600,12,49,37,61,17,-0.333576939286457,-1.1309231037863021
88,1556370000,161,206,45,367,17,-0.23490544127903443,-0.35712756209615215
88,1556384400,271,259,0,530,17,-0.7899326175707864,0.05505764475186891
88,1556398800,231,226,0,457,17,-0.7899326175707864,-0.12954063806963745
88,1556413200,62,85,23,147,17,-0.5062520607994465,-0.9134511541609659
88,1556427600,5,11,6,16,17,-0.7159289940652195,-1.2447165657995596
88,1556442000,17,44,27,61,17,-0.4569163117957352,-1.1309231037863021
88,1556456400,96,178,82,274,17,0.22145023700529495,-0.5923007169235507
88,1556470800,215,182,0,397,17,-0.7899326175707864,-0.28126525408731395
88,1556485200,137,133,0,270,17,-0.7899326175707864,-0.6024156913247292
88,1556499600,27,59,32,86,17,-0.3952466255410961,-1.067704513778937
88,1556514000,3,7,4,10,17,-0.7405968685670751,-1.2598890274013272
88,1556526818,269,264,0,533,17,-0.7899326175707864,0.06264387555275273
88,1556528400,85,360,275,445,17,2.601900126434364,-0.15988556127317274
88,1556542800,310,534,224,844,17,1.9728693266370454,0.8490831352443757
88,1556557200,342,402,60,744,17,-0.04989638251511711,0.596208775214915
88,1556571600,723,520,0,1243,17,-0.7899326175707864,1.8580518317619243
88,1556586000,62,91,29,153,18,-0.325847211096003,-0.7851673244014222
88,1556600400,5,10,5,15,18,-0.6231491293191331,-1.1170739752171797
88,1556614800,349,445,96,794,18,0.5041206439435685,0.7565150174311899
88,1556629200,344,614,270,958,18,2.6595595510612617,1.1509548053571623
88,1556643600,359,434,75,793,18,0.2439814654983296,0.7541098967731047
88,1556658000,677,520,0,1197,18,-0.6850870289489519,1.7257786426395245
88,1556672400,75,162,87,237,18,0.39263242460989467,-0.5831371891222655
88,1556686800,7,13,6,20,18,-0.6107615493931694,-1.1050483719267536
88,1556701200,361,457,96,818,18,0.5041206439435685,0.8142379132252346
88,1556715600,344,555,211,899,18,1.9286923354294003,1.0090526865301357
88,1556730000,349,395,46,744,18,-0.11525835235461923,0.63625898452693
88,1556744400,755,552,0,1307,18,-0.6850870289489519,1.9903419150288963
88,1556758800,85,115,30,200,18,-0.3134596311700393,-0.6721266534714179
88,1556773200,5,12,7,17,18,-0.5983739694672056,-1.112263733901009
88,1556776931,15,6,0,21,18,-0.6850870289489519,-1.1026432512686684
88,1556777009,0,0,0,0,18,-0.6850870289489519,-1.1531507850884575
88,1556777089,0,0,0,0,18,-0.6850870289489519,-1.1531507850884575
88,1556787600,348,399,51,747,18,-0.05332045272480047,0.6434743465011855
88,1556790295,126,183,57,309,18,0.021005026830982054,-0.4099685017401313
88,1556802000,219,560,341,779,18,3.539077725804688,0.7204382075599118
88,1556816400,380,443,63,823,18,0.09533050638676457,0.8262635165156605
88,1556830800,709,563,0,1272,18,-0.6850870289489519,1.9061626919959145
88,1556845200,79,132,53,211,18,-0.028545292872872958,-0.6456703262324808
88,1556859600,6,12,6,18,18,-0.6107615493931694,-1.109858613242924
88,1556874000,314,376,62,690,18,0.08294292646080081,0.5063824689903292
88,1556888400,331,578,247,909,18,2.3746452127640953,1.0331038931109877
88,1556902800,480,498,18,978,18,-0.46211059028160434,1.1990572185188664
88,1556917200,609,523,0,1132,18,-0.6850870289489519,1.5694457998639868
88,1556931600,72,122,50,194,18,-0.06570803265076422,-0.6865573774199291
88,1556946000,7,8,1,15,18,-0.6726994490229882,-1.1170739752171797
88,1556960400,35,40,5,75,18,-0.6231491293191331,-0.9727667357320676
88,1556974800,87,190,103,277,18,0.5908337034253147,-0.48693236279885765
88,1556989200,270,246,0,516,18,-0.6850870289489519,0.08789147448350473
88,1557003600,223,217,0,440,18,-0.6850870289489519,-0.09489769553097033
88,1557018000,58,49,0,107,18,-0.6850870289489519,-0.8958028746733413
88,1557032400,7,11,4,18,18,-0.6355367092450969,-1.109858613242924
88,1557046800,8,33,25,41,18,-0.37539753079985805,-1.0545408381069643
88,1557061200,63,131,68,194,18,0.15726840601658335,-0.6865573774199291
88,1557075600,151,201,50,352,18,-0.06570803265076422,-0.30654831344246775
88,1557090000,133,112,0,245,18,-0.6850870289489519,-0.563896223857584
88,1557104400,19,35,16,54,18,-0.4868857501335318,-1.0232742695518569
88,1557118800,3,8,5,11,18,-0.6231491293191331,-1.1266944578495204
88,1557133200,344,444,100,788,18,0.5536709636474234,0.7420842934826787
88,1557147600,288,537,249,825,18,2.399420372616023,0.831073757831831
88,1557162000,371,383,12,754,18,-0.5364360698373868,0.6603101911077819
88,1557176400,664,444,0,1108,18,-0.6850870289489519,1.511722904069942
88,1557190800,58,92,34,150,19,-0.34648922567430224,-0.7583841622794737
88,1557205200,4,16,12,20,19,-0.6465980038173987,-1.0778590200122395
88,1557219600,365,421,56,786,19,-0.0463804475312058,0.8045851417054427
88,1557234000,298,555,257,853,19,2.695522480048903,0.969237568383099
88,1557248400,369,458,89,827,19,0.4037827196834389,0.9053425968365458
88,1557262800,676,485,0,1161,19,-0.8102937009863604,1.7261472313191906
88,1557277200,68,117,49,185,19,-0.14186960421310013,-0.6723717005821905
88,1557291600,6,8,2,14,19,-0.7830110847915335,-1.0926040134460595
88,1557306000,352,455,103,807,19,0.5947610330472276,0.8561926187238127
88,1557320400,320,552,232,872,19,2.354489777613566,1.0159300475901956
88,1557334800,344,447,103,791,19,0.5947610330472276,0.816872636233626
88,1557349200,687,480,0,1167,19,-0.8102937009863604,1.7408922247530105
88,1557363600,77,128,51,205,19,-0.11458698801827318,-0.6232217224694573
88,1557378000,6,10,4,16,19,-0.7557284685967065,-1.0876890156347863
88,1557392400,354,446,92,800,19,0.4447066439756793,0.838990126384356
88,1557406800,340,550,210,890,19,2.054380999470469,1.0601650278916555
88,1557421200,388,455,67,843,19,0.10367394154034243,0.9446625793267325
88,1557435600,680,577,0,1257,19,-0.8102937009863604,1.9620671262603102
88,1557450000,71,125,54,196,19,-0.07366306372603275,-0.6453392126201872
88,1557464400,6,11,5,17,19,-0.742087160499293,-1.0852315167291495
88,1557478800,420,399,0,819,19,-0.8102937009863604,0.8856826055914526
88,1557493200,321,610,289,931,19,3.132044339166134,1.1609224830227587
88,1557507600,442,444,2,886,19,-0.7830110847915335,1.050335032269109
88,1557522000,627,508,0,1135,19,-0.8102937009863604,1.6622522597726375
88,1557536400,70,167,97,237,19,0.5129131844627467,-0.5445817574890841
88,1557550800,5,9,4,14,19,-0.7557284685967065,-1.0926040134460595
88,1557565200,12,43,31,55,19,-0.3874131499665427,-0.9918465583149565
88,1557579600,111,192,81,303,19,0.2946522549041311,-0.3823868297170645
88,1557594000,241,300,59,541,19,-0.0054565232389653705,0.2024979098244608
88,1557608400,251,239,0,490,19,-0.8102937009863604,0.0771654656369911
88,1557622800,44,59,15,103,19,-0.6056740795251583,-0.8738866108443967
88,1557637200,6,13,7,19,19,-0.7148045443044662,-1.0803165189178763
88,1557651600,19,34,15,53,19,-0.6056740795251583,-0.9967615561262297
88,1557666000,90,166,76,256,19,0.2264457144170637,-0.4978892782819876
88,1557680400,178,279,101,457,19,0.5674784168524006,-0.0039319982490187136
88,1557694800,124,129,5,253,19,-0.742087160499293,-0.5052617749988976
88,1557709200,28,53,25,81,19,-0.46926099855102354,-0.9279515867684033
88,1557723600,5,6,1,11,19,-0.796652392888947,-1.0999765101629695
88,1557735898,202,270,68,472,19,0.11731524963775591,0.0329304853355312
88,1557735980,10,29,19,39,19,-0.5511088471355045,-1.031166540805143
88,1557736059,38,81,43,119,19,-0.22371745279758098,-0.8345666283542101
88,1557736142,1,1,0,2,19,-0.8102937009863604,-1.1220940003136994
88,1557736224,66,190,124,256,19,0.8812285030929105,-0.4978892782819876
88,1557736302,1,0,0,1,19,-0.8102937009863604,-1.1245514992193362
88,1557736385,34,250,216,284,19,2.1362288480549503,-0.4290793089241611
88,1557736465,1,9,8,10,19,-0.7011632362070527,-1.1024340090686062
88,1557738000,116,195,79,311,19,0.26736963870930414,-0.36272683847197124
88,1557752400,336,510,174,846,19,1.5632939079635841,0.9520350760436425
88,1557766800,392,403,11,795,19,-0.6602393119148122,0.8267026318561728
88,1557781200,776,518,0,1294,19,-0.8102937009863604,2.0529945857688667
88,1557795600,65,86,21,151,20,-0.4486115604419304,-0.5253009779908855
88,1557810000,6,12,6,18,20,-0.6430474754575912,-0.8690219815575418
88,1557824400,332,482,150,814,20,1.2235373086927523,1.1881353029466575
88,1557838800,296,586,290,882,20,3.0382725155055863,1.36387235740179
88,1557853200,373,391,18,764,20,-0.48749874344506255,1.0589168805531775
88,1557867600,797,603,0,1400,20,-0.7208218414638555,2.702575213398241
88,1557882000,63,104,41,167,20,-0.18936367375438268,-0.4839510828249719
88,1557896400,7,14,7,21,20,-0.6300850811232138,-0.8612688762139331
88,1557909070,256,303,47,559,20,-0.11158930774811837,0.5291213487399101
88,1557909153,6,9,3,15,20,-0.6819346584607233,-0.8767750869011507
88,1557909237,49,96,47,145,20,-0.11158930774811837,-0.5408071886781031
88,1557909317,1,0,0,1,20,-0.7208218414638555,-0.912956245171325
88,1557909400,67,220,153,287,20,1.2624244916958847,-0.17382686908062026
88,1557909480,1,0,0,1,20,-0.7208218414638555,-0.912956245171325
88,1557909568,3,0,0,3,20,-0.7208218414638555,-0.9077875082755859
88,1557909654,32,244,212,276,20,2.0272057574241504,-0.2022549220071858
88,1557909734,1,7,6,8,20,-0.6430474754575912,-0.8948656660362379
88,1557910800,93,164,71,257,20,0.19950815627693888,-0.2513579225167082
88,1557925200,310,547,237,857,20,2.351265615783585,1.2992631462050501
88,1557939600,371,436,65,807,20,0.12173379027067456,1.1700447238115703
88,1557954000,706,591,0,1297,20,-0.7208218414638555,2.4363852632676726
88,1557968400,99,159,60,258,20,0.05692181859878764,-0.24877355406883855
88,1557982800,8,12,4,20,20,-0.6689722641263459,-0.8638532446618027
88,1557995128,218,283,65,501,20,0.12173379027067456,0.3792279787634735
88,1557995209,1,1,0,2,20,-0.7208218414638555,-0.9103718767234554
88,1557995293,48,102,54,150,20,-0.020852547407476676,-0.5278853464387551
88,1557995374,2,11,9,13,20,-0.604160292454459,-0.8819438237968898
88,1557995457,62,196,134,258,20,1.0161389993427143,-0.24877355406883855
88,1557995538,2,0,0,2,20,-0.7208218414638555,-0.9103718767234554
88,1557995624,24,202,178,226,20,1.5864843500553192,-0.33147334440066567
88,1557995702,1,4,3,5,20,-0.6819346584607233,-0.9026187713798466
88,1557997200,109,163,54,272,20,-0.020852547407476676,-0.2125923957986642
88,1558011600,292,592,300,884,20,3.16789645884936,1.3690410942975293
88,1558026000,403,433,30,836,20,-0.33195001143253394,1.2449914087997886
88,1558040400,709,610,0,1319,20,-0.7208218414638555,2.493241369120804
88,1558054800,129,140,11,269,20,-0.5782355037857042,-0.220345501142273
88,1558069200,8,16,8,24,20,-0.6171226867888364,-0.8535157708703243
88,1558081001,168,228,60,396,20,0.05692181859878764,0.10786929173716583
88,1558083307,100,123,23,223,20,-0.42268677177317565,-0.33922644974427446
88,1558083387,14,8,0,22,20,-0.7208218414638555,-0.8586845077660634
88,1558083469,75,136,61,211,20,0.06988421293316502,-0.3702388711187096
88,1558083549,1,3,2,4,20,-0.6948970527951007,-0.9052031398277163
88,1558083600,94,312,218,406,20,2.1049801234304146,0.1337129762158618
88,1558083632,0,0,0,0,20,-0.7208218414638555,-0.9155406136191946
88,1558083713,1,0,0,1,20,-0.7208218414638555,-0.912956245171325
88,1558083793,2,0,0,2,20,-0.7208218414638555,-0.9103718767234554
88,1558083877,2,20,18,22,20,-0.48749874344506255,-0.8586845077660634
88,1558083957,0,2,2,2,20,-0.6948970527951007,-0.9103718767234554
88,1558098000,287,560,273,847,20,2.817911811821171,1.2734194617263541
88,1558112400,442,514,72,956,20,0.21247055061131626,1.5551156225441403
88,1558126800,589,493,0,1082,20,-0.7208218414638555,1.8807460469757094
88,1558141200,72,161,89,233,20,0.4328312542957318,-0.3133827652655785
88,1558155600,7,11,4,18,20,-0.6689722641263459,-0.8690219815575418
88,1558170000,11,49,38,60,20,-0.22825085675751483,-0.7604785067470188
88,1558184400,146,212,66,358,20,0.13469618460505195,0.00966329071812114
88,1558198800,224,292,68,516,20,0.16062097327380673,0.4179935054815175
88,1558213200,224,235,11,459,20,-0.5782355037857042,0.27068450395295046
88,1558227600,55,86,31,141,20,-0.31898761709815654,-0.5511446624695814
88,1558242000,8,10,2,18,20,-0.6948970527951007,-0.8690219815575418
88,1558256400,10,35,25,45,20,-0.39676198310442085,-0.7992440334650628
88,1558270800,73,147,74,220,20,0.23839533928007103,-0.34697955508788325
88,1558285200,200,241,41,441,20,-0.18936367375438268,0.2241658718912977
88,1558299600,201,189,0,390,20,-0.7208218414638555,0.09236308104994825
88,1558314000,31,40,9,71,20,-0.604160292454459,-0.7320504538204532
88,1558328400,3,11,8,14,20,-0.6171226867888364,-0.8793594553490203
88,1558342800,315,427,112,742,20,0.7309663239864117,1.0020607747000465
88,1558357200,318,532,214,850,20,2.053130546092905,1.281172567069963
88,1558371600,370,402,32,772,20,-0.30602522276377914,1.0795918281361343
88,1558386000,634,519,0,1153,20,-0.7208218414638555,2.0642362067744506
88,1558400400,51,91,40,142,21,-0.3458611814869732,-0.7131606363798331
88,1558414800,9,11,2,20,21,-0.8477087459788782,-1.0483326581004322
88,1558428365,291,410,119,701,21,0.6974534920619874,0.8225865778973378
88,1558428446,4,1,0,5,21,-0.8741217756889785,-1.0895423329021452
88,1558428529,62,146,84,208,21,0.23522547213523265,-0.5318380672522959
88,1558428609,2,0,0,2,21,-0.8741217756889785,-1.0977842678624876
88,1558428692,94,334,240,428,21,2.2954417895230534,0.07257049650616132
88,1558428772,1,10,9,11,21,-0.7552631419935274,-1.07305846298146
88,1558428853,1,20,19,21,21,-0.6231979934430261,-1.0455853464469846
88,1558428935,29,351,322,380,21,3.378376007637164,-0.05930046285932026
88,1558429015,0,5,5,5,21,-0.8080892014137279,-1.0895423329021452
88,1558429200,45,74,29,119,21,-0.4911328448925247,-0.7763488044091263
88,1558443600,299,549,250,848,21,2.4275069380735546,1.2264413909541252
88,1558458000,412,442,30,854,21,-0.47792633003747453,1.2429252608748105
88,1558472400,679,554,0,1233,21,-0.8741217756889785,2.2841563775314255
88,1558486800,69,118,49,187,21,-0.227002547791522,-0.5895316119746942
88,1558501200,7,11,4,18,21,-0.8212957162687781,-1.0538272814073273
88,1558515600,325,401,76,726,21,0.12957335329483158,0.8912693692335262
88,1558530000,277,519,242,796,21,2.3218548192331534,1.0835811849748536
88,1558544400,370,468,98,838,21,0.4201166801059345,1.19896827441965
88,1558558800,653,467,0,1120,21,-0.8741217756889785,1.9737101606918541
88,1558573200,76,115,39,191,21,-0.35906769634202335,-0.578542365360904
88,1558587600,6,10,4,16,21,-0.8212957162687781,-1.0593219047142222
88,1558602000,328,448,120,776,21,0.7106600069170375,1.0286349519059028
88,1558616400,340,560,220,900,21,2.031311492422051,1.3693015969333968
88,1558630800,396,493,97,889,21,0.4069101652508844,1.339081168745474
88,1558645200,632,481,0,1113,21,-0.8741217756889785,1.9544789791177215
88,1558659600,64,130,66,194,21,-0.002491795255669748,-0.5703004304005614
88,1558674000,8,16,8,24,21,-0.7684696568485775,-1.037343411486642
88,1558687182,35,86,51,121,21,-0.20058951808142175,-0.7708541811022313
88,1558688400,266,359,93,625,21,0.35408410583068384,0.6137908922353253
88,1558688971,11,14,3,25,21,-0.8345022311238282,-1.0345960998331944
88,1558702800,273,444,171,717,21,1.3841922645245943,0.8665435643524984
88,1558717200,477,579,102,1056,21,0.4729427395261351,1.7978822148712121
88,1558731600,458,413,0,871,21,-0.8741217756889785,1.2896295589834184
88,1558746000,76,150,74,226,21,0.10316032358473132,-0.48238645749024034
88,1558760400,8,33,25,41,21,-0.5439589043127252,-0.9906391133780339
88,1558774800,27,41,14,68,21,-0.6892305677182767,-0.9164616987349505
88,1558789200,149,225,76,374,21,0.12957335329483158,-0.07578433278000546
88,1558803600,223,371,148,594,21,1.0804424228584413,0.5286242309784518
88,1558818000,249,305,56,554,21,-0.1345569438061711,0.41873176484055047
88,1558832400,69,111,42,180,21,-0.31944815177687297,-0.6087627935488269
88,1558846800,6,17,11,23,21,-0.7288501122834271,-1.0400907231400895
88,1558861200,19,32,13,51,21,-0.7024370825733268,-0.9631659968435586
88,1558875600,110,221,111,331,21,0.5918013732215862,-0.19391873387824937
88,1558890000,265,329,64,594,21,-0.028904824965770015,0.5286242309784518
88,1558904400,245,266,21,511,21,-0.5967849637329258,0.30059736374230656
88,1558918800,54,98,44,152,21,-0.2930351220667727,-0.6856875198453578
88,1558933200,5,12,7,17,21,-0.7816761717036276,-1.0565745930607748
88,1558947600,36,39,3,75,21,-0.8345022311238282,-0.8972305171608178
88,1558962000,94,232,138,326,21,0.9483772743079398,-0.20765529214548703
88,1558976400,228,297,69,525,21,0.03712774930948065,0.339059726890572
88,1558990800,245,217,0,462,21,-0.8741217756889785,0.16597909272337744
88,1559005200,43,92,49,135,22,-0.18208088321667995,-0.7708182099273604
88,1559019600,5,10,5,15,22,-0.6790003569067584,-1.0614132650259613
88,1559034000,334,468,134,802,22,0.7778771909573352,0.8444059713290301
88,1559048400,288,527,239,815,22,1.9637077531722953,0.8758871022980451
88,1559062800,361,407,46,768,22,-0.21596175642282167,0.7620707057177597
88,1559077200,603,492,0,1095,22,-0.7354684789169946,1.5539422308614474
88,1559091600,57,88,31,145,22,-0.38536612245353025,-0.7466019553358103
88,1559106000,5,10,5,15,22,-0.6790003569067584,-1.0614132650259613
88,1559120400,339,444,105,783,22,0.45036208329796534,0.7983950876050848
88,1559134800,306,546,240,852,22,1.9750013775743425,0.9654872442867805
88,1559149200,407,467,60,874,22,-0.05785101479416035,1.0187630043881906
88,1559163600,789,567,0,1356,22,-0.7354684789169946,2.1859864757009047
88,1559178000,56,89,33,145,22,-0.3627788736494358,-0.7466019553358103
88,1559192400,5,8,3,13,22,-0.7015876057108529,-1.0662565159442714
88,1559206800,324,394,70,718,22,0.05508522922631203,0.6409894327600093
88,1559221200,329,592,263,921,22,2.234754738821429,1.132579400968476
88,1559235600,374,458,84,832,22,0.21319597085497335,0.9170547351036803
88,1559250000,824,511,0,1335,22,-0.7354684789169946,2.1351323410586494
88,1559264400,59,132,73,191,22,0.08896610243245374,-0.6352071842146799
88,1559278800,9,10,1,19,22,-0.7241748545149473,-1.0517267631893414
88,1559293200,285,356,71,641,22,0.06637885362835927,0.4545242724050737
88,1559307600,309,586,277,895,22,2.3928654804500904,1.0696171390304459
88,1559322000,432,488,56,920,22,-0.10302551240234929,1.130157775509321
88,1559336400,543,554,11,1097,22,-0.611238610494475,1.5587854817797575
88,1559350800,84,142,58,226,22,-0.08043826359825482,-0.5504502931442546
88,1559365200,8,10,2,18,22,-0.7128812301129002,-1.0541483886484964
88,1559379600,16,41,25,57,22,-0.4531278688658137,-0.9597049957414511
88,1559394000,80,161,81,241,22,0.17931509764883163,-0.5141259112569295
88,1559408400,213,187,0,400,22,-0.7354684789169946,-0.12908746325128326
88,1559422800,222,526,304,748,22,2.6977933393053655,0.7136381965346595
88,1559437200,41,54,13,95,22,-0.5886513616903806,-0.8676832282935607
88,1559451600,6,10,4,16,22,-0.6902939813088057,-1.0589916395668064
88,1559466000,14,24,10,38,22,-0.6225322348965222,-1.0057158794653962
88,1559480400,85,116,31,201,22,-0.38536612245353025,-0.6109909296231298
88,1559494800,189,281,92,470,22,0.3035449660713513,0.04042631888956731
88,1559509200,162,155,0,317,22,-0.7354684789169946,-0.33008237636114895
88,1559523600,31,48,17,79,22,-0.5434768640821915,-0.9064292356400409
88,1559538000,4,7,3,11,22,-0.7015876057108529,-1.0710997668625815
88,1559548450,140,168,28,308,22,-0.41924699565967194,-0.351877005493544
88,1559548528,3,2,0,5,22,-0.7354684789169946,-1.0856295196175114
88,1559548610,20,80,60,100,22,-0.05785101479416035,-0.8555751009977857
88,1559548691,0,0,0,0,22,-0.7354684789169946,-1.0977376469132865
88,1559548773,47,77,30,124,22,-0.3966597468555775,-0.7974560899780655
88,1559548854,2,1,0,3,22,-0.7354684789169946,-1.0904727705358215
88,1559548943,16,112,96,128,22,0.3487194636795402,-0.7877695881414455
88,1559552400,169,295,126,464,22,0.6875281957409574,0.025896566134637262
88,1559566800,260,611,351,871,22,3.2285936862015863,1.0114981280107256
88,1559581200,402,406,4,808,22,-0.6902939813088057,0.85893572408396
88,1559595600,689,413,0,1102,22,-0.7354684789169946,1.5708936090755325
88,1559610000,66,92,26,158,23,-0.4547345994289462,-0.837353452085076
88,1559624400,7,11,4,18,23,-0.7010597769595672,-1.1738901040615926
88,1559638800,307,474,167,781,23,1.1239858565627618,0.6602346492104225
88,1559653200,312,557,245,869,23,1.9973205768986002,0.8717719733099473
88,1559667600,353,429,76,782,23,0.10509534950428363,0.6626384824388263
88,1559682000,721,509,0,1230,23,-0.7458461728742256,1.7395557687636793
88,1559696400,69,96,27,165,23,-0.4435380004502816,-0.8205266194862503
88,1559710800,5,7,2,12,23,-0.7234529749168964,-1.1883131034320147
88,1559725200,311,475,164,786,23,1.090396059626768,0.672253815352441
88,1559739600,321,633,312,954,23,2.747492708469128,1.076097797724261
88,1559754000,379,411,32,790,23,-0.3875550055569586,0.6818691482660557
88,1559768400,667,519,0,1186,23,-0.7458461728742256,1.633787106713917
88,1559782800,76,106,30,182,23,-0.4099482035142878,-0.7796614546033875
88,1559797200,4,10,6,14,23,-0.678666579002238,-1.1835054369752074
88,1559811600,317,454,137,771,23,0.788087887202824,0.6361963169263857
88,1559826000,326,591,265,917,23,2.221252556471892,0.9871559682733243
88,1559840400,411,413,2,824,23,-0.7234529749168964,0.7635994780317812
88,1559854800,720,482,0,1202,23,-0.7458461728742256,1.672248438368376
88,1559869200,85,120,35,205,23,-0.3539652086209648,-0.7243732903501027
88,1559883600,5,12,7,17,23,-0.6674699800235735,-1.1762939372899963
88,1559898000,266,393,127,659,23,0.676121897416178,0.3669669953451724
88,1559912400,309,590,281,899,23,2.4003981401305254,0.9438869701620579
88,1559926800,522,566,44,1088,23,-0.25319581781298345,1.3982114503303553
88,1559941200,641,540,0,1181,23,-0.7458461728742256,1.6217679405718985
88,1559943286,27,4,0,31,23,-0.7458461728742256,-1.1426402720923448
88,1559943365,1,0,0,1,23,-0.7458461728742256,-1.2147552689444554
88,1559955600,68,170,102,238,23,0.3962069229495631,-0.645046793812781
88,1559970000,8,9,1,17,23,-0.7346495738955611,-1.1762939372899963
88,1559984400,12,51,39,63,23,-0.3091788127063064,-1.0657176087834266
88,1559998800,115,212,97,327,23,0.34022392805624013,-0.43110563648485256
88,1560013200,224,280,56,504,23,-0.11883663006900828,-0.0056271550573994845
88,1560027600,256,218,0,474,23,-0.7458461728742256,-0.07774215190951017
88,1560042000,48,68,20,116,23,-0.5219141933009337,-0.9383144476780311
88,1560056400,5,10,5,15,23,-0.6898631779809027,-1.1811016037468036
88,1560070800,17,37,20,54,23,-0.5219141933009337,-1.0873521078390598
88,1560085200,71,152,81,223,23,0.16107834439760663,-0.6811042922388363
88,1560099600,198,248,50,446,23,-0.18601622394099585,-0.1450494823048135
88,1560114000,220,158,0,378,23,-0.7458461728742256,-0.30851014183626435
88,1560128400,37,85,48,122,23,-0.20840942189832504,-0.9238914483076089
88,1560142800,5,7,2,12,23,-0.7234529749168964,-1.1883131034320147
88,1560157200,311,443,132,754,23,0.732104892309501,0.5953311520435229
88,1560171600,310,599,289,909,23,2.489970931959842,0.9679253024460948
88,1560186000,391,390,0,781,23,-0.7458461728742256,0.6602346492104225
88,1560200400,751,373,0,1124,23,-0.7458461728742256,1.4847494465528883
88,1560214800,420,521,101,941,24,0.1791250969188357,0.5737202714270253
88,1560229200,5,10,5,15,24,-0.7219758273191502,-1.6227240545323562
88,1560243600,326,452,126,778,24,0.4137867959391445,0.1870891427754279
88,1560258000,314,630,316,944,24,2.197215708493492,0.5808361817703063
88,1560272400,432,471,39,903,24,-0.40283591665153023,0.48358540707880016
88,1560286800,706,521,0,1227,24,-0.768908167123212,1.252103724153141
88,1560301200,65,118,53,183,24,-0.27142536520015725,-1.2242330753086241
88,1560315600,6,9,3,15,24,-0.740748763240775,-1.6227240545323562
88,1560330000,319,450,131,769,24,0.46071913574320633,0.1657414117455851
88,1560344400,331,626,295,957,24,2.0000998813164323,0.6116717932578569
88,1560358800,421,430,9,851,24,-0.6844299554759008,0.36024296112859727
88,1560373200,696,539,0,1235,24,-0.768908167123212,1.271079485068557
88,1560387600,92,84,0,176,24,-0.768908167123212,-1.240836866109613
88,1560402000,6,13,7,19,24,-0.7032028913975256,-1.6132361740746484
88,1560416400,328,470,142,798,24,0.5639702833121422,0.23452854506396745
88,1560430800,376,656,280,1032,24,1.8593028619042469,0.7895695518398803
88,1560445200,412,432,20,844,24,-0.581178807906965,0.34363917032760843
88,1560459600,697,592,0,1289,24,-0.768908167123212,1.3991658712476136
88,1560474000,74,99,25,173,24,-0.5342464681029032,-1.2479527764528937
88,1560488400,5,19,14,24,24,-0.637497615671839,-1.6013763235025136
88,1560502800,287,382,95,669,24,0.12280628915396158,-0.07145559969711271
88,1560517200,256,556,300,812,24,2.047032221120494,0.26773612666594515
88,1560531600,538,543,5,1081,24,-0.7219758273191502,0.9057960874468022
88,1560546000,613,431,0,1044,24,-0.768908167123212,0.818033193213004
88,1561165200,9331,8434,0,17765,25,-0.7161831332105633,4.107852562872757
88,1561179600,8,12,4,20,25,-0.6599506516498647,-0.33263703249207716
88,1561194000,11,43,32,54,25,-0.26632328072497496,-0.32412890928878585
88,1561208400,99,212,113,311,25,0.8723844708791704,-0.2598175074286133
88,1561222800,257,343,86,600,25,0.49281522034445524,-0.18749846020063715
88,1561237200,287,221,0,508,25,-0.7161831332105633,-0.21052044063307246
88,1561251600,79,77,0,156,25,-0.7161831332105633,-0.29860453967891193
88,1561266000,4,11,7,15,25,-0.6177762904793408,-0.3338882270807965
88,1561280400,10,31,21,41,25,-0.4209626050168959,-0.3273820152194561
88,1561294800,60,194,134,254,25,1.1676049990728377,-0.2740811257400134
88,1561309200,197,286,89,483,25,0.5349895815149791,-0.21677641357666902
88,1561323600,195,168,0,363,25,-0.7161831332105633,-0.2468050837059325
88,1561338000,32,58,26,90,25,-0.35067200306602275,-0.3151203082500068
88,1561352400,5,10,5,15,25,-0.64589253125969,-0.3338882270807965
88,1561366800,295,426,131,721,25,1.1254306379023138,-0.15721955115362984
88,1561381200,316,585,269,901,25,3.065451251746413,-0.11217654595973466
88,1561395600,381,358,0,739,25,-0.7161831332105633,-0.15271525063424032
88,1561410000,692,559,0,1251,25,-0.7161831332105633,-0.02459292474938291
88,1561424400,57,94,37,151,26,-0.4891039532909784,-0.9480893900289601
88,1561438800,7,11,4,18,26,-0.8700251990208896,-1.265878818089892
88,1561453200,307,378,71,685,26,-0.09663963950864557,0.3278471106066617
88,1561467600,399,664,265,1063,26,2.142715562661136,1.2310381166745739
88,1561482000,384,387,3,771,26,-0.8815682670733112,0.5333350114580915
88,1561496400,756,533,0,1289,26,-0.9161974712305758,1.7710412049585635
88,1561510800,61,124,63,185,26,-0.188984183928018,-0.866849987366767
88,1561525200,6,21,15,27,26,-0.7430514504442526,-1.2443742703263705
88,1561539600,277,432,155,709,26,0.8729780768947649,0.3851925713093863
88,1561554000,313,563,250,876,26,1.9695695418748125,0.7842214020325114
88,1561568400,428,467,39,895,26,-0.4660178171861353,0.8296198917555018
88,1561582800,729,525,0,1254,26,-0.9161974712305758,1.6874124081004236
88,1561597200,66,136,70,202,26,-0.10818270756106713,-0.8262302860356704
88,1561611600,10,16,6,26,26,-0.8469390629160465,-1.2467636645223172
88,1561626000,301,431,130,732,26,0.584401375584226,0.440148637816164
88,1561640400,339,701,362,1040,26,3.262393163746026,1.176082050167796
88,1561654800,575,463,0,1038,26,-0.9161974712305758,1.1713032617759023
88,1561669200,784,628,0,1412,26,-0.9161974712305758,2.064936691060027
88,1561683600,78,162,84,240,26,0.05342024517283462,-0.7354333065896898
88,1561698000,7,17,10,24,26,-0.8007667907063603,-1.251542452914211
88,1561708432,98,142,44,240,26,-0.4083024769240275,-0.7354333065896898
88,1561712400,165,348,183,513,26,1.1961839823625684,-0.08312869109619775
88,1561726800,329,559,230,888,26,1.7387081808263813,0.8128941323838738
88,1561741200,468,553,85,1021,26,0.06496331322525617,1.1306835604448058
88,1561755600,595,470,0,1065,26,-0.9161974712305758,1.2358169050664676
88,1561770000,84,185,101,269,26,0.24965240206400102,-0.666140874907231
88,1561784400,10,12,2,22,26,-0.8931113351257327,-1.2563212413061047
88,1561798800,31,45,14,76,26,-0.754594518496674,-1.1272939547249743
88,1561813200,128,194,66,322,26,-0.15435497977075333,-0.5395029825220475
88,1561827600,216,365,149,581,26,0.8037196685802356,0.07935011422818854
88,1561842000,194,224,30,418,26,-0.5699054296579292,-0.3101211397111492
88,1561856400,62,103,41,165,26,-0.44293168108129216,-0.9146378712857041
88,1561870800,8,18,10,26,26,-0.8007667907063603,-1.2467636645223172
88,1561885200,28,55,27,83,26,-0.6045346338151939,-1.1105681953533464
88,1561899600,146,194,48,340,26,-0.36213020471434126,-0.4964938869950041
88,1561914000,221,375,154,596,26,0.8614350088423434,0.11519102716739141
88,1561928400,210,345,135,555,26,0.6421167158463338,0.017225865133570252
88,1561942800,64,132,68,196,26,-0.1312688436659102,-0.8405666512113515
88,1561957200,6,11,5,17,26,-0.858482130968468,-1.268268212285839
88,1561971600,283,431,148,714,26,0.792176600527814,0.3971395422891206
88,1561986000,274,500,226,774,26,1.6925359086166951,0.5405031940459321
88,1562000400,372,455,83,827,26,0.04187717712041307,0.6671410864311155
88,1562014800,707,503,0,1210,26,-0.9161974712305758,1.5822790634787618
88,1562029200,71,85,14,156,27,-0.45703848442312645,-0.45466778068424163
88,1562043600,6,9,3,15,27,-0.6174630674116288,-0.8462734832714236
88,1562058000,278,443,165,721,27,1.7451535184190428,1.114532375072906
88,1562072400,344,574,230,918,27,2.6931169633511023,1.6616694205315925
88,1562086800,387,486,99,873,27,0.7826060204880285,1.5366888771527047
88,1562101200,719,529,0,1248,27,-0.6612152264084932,2.5781934053101034
88,1562115600,61,79,18,140,27,-0.39870227242730744,-0.49910530721895735
88,1562130000,10,13,3,23,27,-0.6174630674116288,-0.8240547200040658
88,1562144400,269,377,108,646,27,0.9138624974786214,0.9062314694414261
88,1562158800,270,512,242,782,27,2.8681255993385597,1.2839504449865093
88,1562173200,560,607,47,1167,27,0.02423526454238074,2.3532284272281054
88,1562187600,480,492,12,972,27,-0.486206590421036,1.811646072586258
88,1562202000,111,186,75,297,27,0.43258874851311413,-0.0630620780970597
88,1562216400,5,17,12,22,27,-0.486206590421036,-0.8268320654124854
88,1562230108,33,33,0,66,27,-0.6612152264084932,-0.7046288674420174
88,1562230190,1,0,0,1,27,-0.6612152264084932,-0.8851563189892998
88,1562230274,7,16,9,23,27,-0.5299587494179003,-0.8240547200040658
88,1562230353,1,0,0,1,27,-0.6612152264084932,-0.8851563189892998
88,1562230435,16,22,6,38,27,-0.5737109084147646,-0.7823945388777698
88,1562230516,0,0,0,0,27,-0.6612152264084932,-0.8879336643977196
88,1562230596,0,0,0,0,27,-0.6612152264084932,-0.8879336643977196
88,1562230800,4,36,32,40,27,-0.1945255304419407,-0.7768398480609303
88,1562245200,112,253,141,365,27,1.3951362464441284,0.12579740967548195
88,1562259600,257,372,115,629,27,1.0159508684713046,0.8590165974982907
88,1562274000,176,435,259,611,27,3.1160545003207907,0.8090243801467355
88,1562288400,227,112,0,339,27,-0.6612152264084932,0.053586429056568956
88,1562302800,12,21,9,33,27,-0.5299587494179003,-0.7962812659198685
88,1562315325,116,127,11,243,27,-0.5007906434199908,-0.21303873015172514
88,1562315404,3,0,0,3,27,-0.6612152264084932,-0.8796016281724603
88,1562315488,14,73,59,87,27,0.1992439005298379,-0.646304613865203
88,1562315566,0,1,1,1,27,-0.6466311734095384,-0.8851563189892998
88,1562315647,0,0,0,0,27,-0.6612152264084932,-0.8879336643977196
88,1562315732,45,106,61,151,27,0.22841200652774743,-0.46855450772634033
88,1562315812,3,2,0,5,27,-0.6612152264084932,-0.8740469373556209
88,1562315892,2,2,0,4,27,-0.6612152264084932,-0.8768242827640407
88,1562315975,13,116,103,129,27,0.8409422324838475,-0.5296561067115744
88,1562316056,1,5,4,6,27,-0.6028790144126741,-0.8712695919472012
88,1562316136,2,1,0,3,27,-0.6612152264084932,-0.8796016281724603
88,1562317200,44,66,22,110,27,-0.34036606043148837,-0.5824256694715493
88,1562331600,231,323,92,554,27,0.6805176494953451,0.6507156918668109
88,1562346000,419,446,27,865,27,-0.26744579543671454,1.514470113885347
88,1562360400,421,435,14,856,27,-0.45703848442312645,1.4894740052095692
88,1562374800,104,127,23,231,27,-0.3257820074325336,-0.2463668750527619
88,1562389200,6,16,10,22,27,-0.5153746964189455,-0.8268320654124854
88,1562403600,39,46,7,85,27,-0.5591268554158099,-0.6518593046820425
88,1562418000,147,255,108,402,27,0.9138624974786214,0.22855918978701195
88,1562432400,328,328,0,656,27,-0.6612152264084932,0.9340049235256234
88,1562446800,366,263,0,629,27,-0.6612152264084932,0.8590165974982907
88,1562461200,127,115,0,242,27,-0.6612152264084932,-0.21581607556014487
88,1562475600,17,11,0,28,27,-0.6612152264084932,-0.8101679929619671
88,1562490000,20,49,29,69,27,-0.238277689438805,-0.6962968312167582
88,1562504400,90,217,127,307,27,1.1909595044587618,-0.03528862401286241
88,1562518800,378,251,0,629,27,-0.6612152264084932,0.8590165974982907
88,1562533200,351,231,0,582,27,-0.6612152264084932,0.7284813633025634
88,1562547600,44,113,69,157,27,0.34508443051938553,-0.4518904352758219
88,1562562000,5,10,5,15,27,-0.5882949614137194,-0.8462734832714236
88,1562574499,265,264,0,529,27,-0.6612152264084932,0.5812820566563177
88,1562574580,6,5,0,11,27,-0.6612152264084932,-0.8573828649051025
88,1562574665,47,90,43,137,27,-0.034100947453438314,-0.5074373434442165
88,1562574743,1,0,0,1,27,-0.6612152264084932,-0.8851563189892998
88,1562574826,71,281,210,352,27,2.401435903372007,0.08969191936602545
88,1562574908,1,1,0,2,27,-0.6612152264084932,-0.8823789735808801
88,1562574989,32,234,202,266,27,2.284763479380369,-0.14915978575807134
88,1562575069,2,0,0,2,27,-0.6612152264084932,-0.8823789735808801
88,1562576400,109,176,67,285,27,0.315916324521476,-0.09639022299809646
88,1562590800,309,499,190,808,27,2.109754843392912,1.3561614256054224
88,1562605200,404,373,0,777,27,-0.6612152264084932,1.2700637179444108
88,1562619600,869,504,0,1373,27,-0.6612152264084932,2.9253615813625697
88,1562634000,78,113,35,191,28,-0.47884231854412795,-0.679855100720711
88,1562648400,10,9,0,19,28,-0.7922829965224407,-1.0729007029208861
88,1562662800,436,461,25,897,28,-0.568396797966503,0.9334599873800077
88,1562677200,280,570,290,850,28,1.8047969067264362,0.8260579914299598
88,1562691600,356,437,81,793,28,-0.06689171320120266,0.6958045069799018
88,1562706000,834,513,0,1347,28,-0.7922829965224407,1.9617769698804657
88,1562720400,88,91,3,179,28,-0.7654166526957282,-0.7072768869207232
88,1562734800,8,12,4,20,28,-0.7564612047534907,-1.070615554070885
88,1562749200,294,532,238,826,28,1.3391136137300859,0.7712144190299354
88,1562763600,425,898,473,1323,28,3.4436438801559,1.9069333974804412
88,1562778000,403,442,39,845,28,-0.44302052677517795,0.8146322471799547
88,1562792400,754,458,0,1212,28,-0.7922829965224407,1.6532818751303282
88,1562806800,66,121,55,187,28,-0.29973335969937787,-0.6889956961207151
88,1562821200,5,6,1,11,28,-0.7833275485802033,-1.0911818937208941
88,1562835600,311,434,123,745,28,0.30923710037277263,0.5861173621798529
88,1562850000,311,626,315,937,28,2.028683105282374,1.0248659413800483
88,1562864400,468,474,6,942,28,-0.7385503088690156,1.0362916856300535
88,1562878800,846,574,0,1420,28,-0.7922829965224407,2.12859283593054
88,1562893200,81,115,34,196,28,-0.48779776648636547,-0.6684293564707059
88,1562907600,6,7,1,13,28,-0.7833275485802033,-1.0866115960208922
88,1562922000,292,359,67,651,28,-0.19226798439252776,0.37131337027975725
88,1562936400,321,600,279,921,28,1.7062869793618236,0.988303559780032
88,1562950800,445,459,14,904,28,-0.6669067253311156,0.9494560293300148
88,1562965200,601,578,0,1179,28,-0.7922829965224407,1.5778719630802946
88,1562979600,88,176,88,264,28,-0.004203577605540116,-0.5130392346706367
88,1562994000,10,12,2,22,28,-0.7743721006379657,-1.066045256370883
88,1563008400,13,63,50,76,28,-0.3445105994105654,-0.9426472184708281
88,1563022800,60,202,142,262,28,0.47939061127528526,-0.5176095323706388
88,1563037200,215,265,50,480,28,-0.3445105994105654,-0.019447083070416822
88,1563051600,172,258,86,430,28,-0.02211447349001513,-0.13370452557046772
88,1563066000,48,110,62,158,28,-0.23704522410371529,-0.7552650127707446
88,1563080400,3,13,10,16,28,-0.7027285171000657,-1.0797561494708892
88,1563094800,6,36,30,42,28,-0.5236195582553155,-1.0203422793708627
88,1563109200,20,201,181,221,28,0.828653081022548,-0.6113006352206805
88,1563123600,75,345,270,420,28,1.6256879478816861,-0.1565560140704779
88,1563138000,78,170,92,248,28,0.03161821416340991,-0.549601616270653
88,1563152400,22,45,23,67,28,-0.586307693850978,-0.9632135581208372
88,1563166800,7,17,10,24,28,-0.7027285171000657,-1.061474958670881
88,1563180551,262,365,103,627,28,0.1301281415280225,0.31646979787973284
88,1563180635,56,167,111,223,28,0.20177172506592253,-0.6067303375206784
88,1563180718,1,0,0,1,28,-0.7922829965224407,-1.1140333822209043
88,1563180800,82,363,281,445,28,1.7241978752462988,-0.09942729282045244
88,1563180881,2,1,0,3,28,-0.7922829965224407,-1.1094630845209024
88,1563180962,29,283,254,312,28,1.482400780805886,-0.40335208987058785
88,1563181043,1,2,1,3,28,-0.7833275485802033,-1.1094630845209024
88,1563181200,42,64,22,106,28,-0.5952631417932156,-0.8740927529707975
88,1563195600,285,573,288,858,28,1.7868860108419613,0.844339182229968
88,1563210000,332,428,96,760,28,0.06744000593235994,0.6203945949298681
88,1563224400,749,512,0,1261,28,-0.7922829965224407,1.7652541687803782
88,1563238800,83,116,33,199,29,-0.4073039144756866,-0.5263281509257248
88,1563253200,8,13,5,21,29,-0.73144914248097,-0.9535997115738505
88,1563267600,321,471,150,792,29,0.9471600739749622,0.897110250559323
88,1563279573,139,161,22,300,29,-0.5346466826206194,-0.2838875462883052
88,1563282000,290,618,328,908,29,3.0077975948656928,1.1755568855884386
88,1563296400,409,406,0,815,29,-0.789332218910485,0.9523194971599236
88,1563310800,759,540,0,1299,29,-0.789332218910485,2.1141140777986474
88,1563325200,94,132,38,226,29,-0.3494208380461717,-0.461517296220672
88,1563339600,9,13,4,22,29,-0.7430257577668731,-0.9511993095477373
88,1563352508,234,319,85,553,29,0.1946800803912684,0.3234141663183004
88,1563352588,8,13,5,21,29,-0.73144914248097,-0.9535997115738505
88,1563352672,56,115,59,171,29,-0.10631191704220909,-0.5935394076568906
88,1563352753,2,0,0,2,29,-0.789332218910485,-0.9992073500699987
88,1563352834,74,281,207,355,29,1.6070271452714322,-0.1518654348520866
88,1563352915,0,11,11,11,29,-0.6619894507655522,-0.9776037318349812
88,1563352999,37,267,230,304,29,1.8732892968472006,-0.27428593818385294
88,1563353079,1,14,13,15,29,-0.6388362201937462,-0.9680021237305289
88,1563354000,87,123,36,210,29,-0.37257406861797765,-0.49992372863848106
88,1563368400,330,543,213,873,29,1.67648683698685,1.0915428146744814
88,1563382800,419,444,25,863,29,-0.49991683676291043,1.0675387944133508
88,1563397200,745,535,0,1280,29,-0.789332218910485,2.068506439302499
88,1563411600,74,169,95,243,29,0.31044623325029824,-0.4207104617767499
88,1563426000,8,11,3,19,29,-0.754602373052776,-0.9584005156260766
88,1563440400,315,456,141,771,29,0.8429705364018354,0.8467018080109486
88,1563454800,322,597,275,919,29,2.3942369847128346,1.2019613078756823
88,1563469200,391,461,70,852,29,0.021030851102723704,1.041134372126107
88,1563483600,722,522,0,1244,29,-0.789332218910485,1.9820919663624286
88,1563498000,92,185,93,277,29,0.2872930026784923,-0.3390967928889057
88,1563512400,11,20,9,31,29,-0.6851426813373581,-0.9295956913127198
88,1563526066,192,300,108,492,29,0.460942231967037,0.1769896427254034
88,1563526148,1,1,0,2,29,-0.789332218910485,-0.9992073500699987
88,1563526228,0,2,2,2,29,-0.766178988338679,-0.9992073500699987
88,1563526310,62,133,71,195,29,0.03260746638862669,-0.535929759030177
88,1563526393,1,0,0,1,29,-0.789332218910485,-1.0016077520961117
88,1563526473,68,336,268,404,29,2.313200677711514,-0.034245735572546364
88,1563526555,1,8,7,9,29,-0.7082959119091641,-0.9824045358872072
88,1563526637,26,250,224,276,29,1.8038296051317828,-0.34149719491501873
88,1563526715,0,15,15,15,29,-0.6156829896219402,-0.9680021237305289
88,1563526800,6,33,27,39,29,-0.47676360619110447,-0.9103924751038153
88,1563541200,387,567,180,954,29,1.2944585325520517,1.2859753787896397
88,1563555600,490,486,0,976,29,-0.789332218910485,1.3387842233641272
88,1563570000,734,678,0,1412,29,-0.789332218910485,2.3853595067494235
88,1563584400,82,171,89,253,29,0.24098654153488036,-0.39670644151561923
88,1563598800,7,18,11,25,29,-0.6619894507655522,-0.9439981034693982
88,1563613200,10,51,41,61,29,-0.31469099218846275,-0.8575836305293278
88,1563627600,100,186,86,286,29,0.2062566956771714,-0.3174931746538881
88,1563642000,185,272,87,457,29,0.21783331096307437,0.09297557181144611
88,1563656400,200,176,0,376,29,-0.789332218910485,-0.1014569923037122
88,1563670800,60,60,0,120,29,-0.789332218910485,-0.715959910988657
88,1563685200,5,11,6,16,29,-0.7198725271950671,-0.9656017217044158
88,1563699600,10,34,24,44,29,-0.5114934520488135,-0.8983904649732499
88,1563714000,80,217,137,297,29,0.7966640752582235,-0.2910887523666444
88,1563728400,180,296,116,476,29,0.5535551542542608,0.13858321030759435
88,1563742800,168,162,0,330,29,-0.789332218910485,-0.21187548550491322
88,1563757200,51,61,10,112,29,-0.6735660660514552,-0.7351631271975615
88,1563771600,7,12,5,19,29,-0.73144914248097,-0.9584005156260766
88,1563786000,301,415,114,716,29,0.5304019236824549,0.7146796965747301
88,1563800400,300,578,278,878,29,2.428966830570544,1.1035448248050468
88,1563814800,401,436,35,837,29,-0.38415068390388063,1.005128341734411
88,1563829200,878,542,0,1420,29,-0.789332218910485,2.404562722958328
88,1563843600,61,68,7,129,30,-0.8110702157097055,-1.0024988386103977
88,1563858000,8,10,2,18,30,-0.8615368069094205,-1.2694120074054676
88,1563872400,312,442,130,754,30,0.43040792780328363,0.5003906253258066
88,1563886800,310,578,268,888,30,1.823285844915418,0.8226101263937288
88,1563901200,387,385,0,772,30,-0.8817234433893065,0.5436738418871693
88,1563915600,783,562,0,1345,30,-0.8817234433893065,1.9215229024238814
88,1563930000,60,114,54,174,30,-0.3366842584323844,-0.8942907972069909
88,1563944400,11,15,4,26,30,-0.8413501704295345,-1.250175022267084
88,1563958800,295,498,203,793,30,1.1672201593191227,0.5941709278754257
88,1563973200,299,572,273,871,30,1.8737524361151328,0.781731532974664
88,1563987600,419,462,43,881,30,-0.44771075907175745,0.8057777643976433
88,1564002000,732,585,0,1317,30,-0.8817234433893065,1.8541934544395393
88,1564016400,82,177,95,259,30,0.0771417894052786,-0.6898978301116672
88,1564030800,13,15,2,28,30,-0.8615368069094205,-1.245365775982488
88,1564045200,292,443,151,735,30,0.6423676108420867,0.454702785622146
88,1564059600,306,620,314,926,30,2.287578483952796,0.91398580580105
88,1564074000,406,474,68,880,30,-0.19537780307318242,0.8033731412553454
88,1564088400,722,635,0,1357,30,-0.8817234433893065,1.9503783801314565
88,1564102800,73,136,63,209,30,-0.24584439427289742,-0.8101289872265635
88,1564117200,12,15,3,27,30,-0.8514434886694775,-1.2477703991247862
88,1564131600,260,368,108,628,30,0.20835492652453763,0.19740810939626785
88,1564146000,287,566,279,853,30,1.9343123455547908,0.7384483164133013
88,1564160400,507,493,0,1000,30,-0.8817234433893065,1.0919279183310966
88,1564174800,545,519,0,1064,30,-0.8817234433893065,1.2458237994381638
88,1564189200,90,152,62,242,30,-0.2559377125128404,-0.7307764235307319
88,1564203600,7,17,10,24,30,-0.7807902609898765,-1.2549842685516799
88,1564218000,9,38,29,47,30,-0.5890172144309594,-1.1996779362788277
88,1564232400,91,281,190,372,30,1.0360070221998636,-0.4181754150320014
88,1564246800,222,377,155,599,30,0.6827408838018587,0.12767403826962795
88,1564261200,218,258,40,476,30,-0.4779907137915865,-0.16809460823301703
88,1564275600,61,107,46,168,30,-0.4174308043519284,-0.9087185360607785
88,1564290000,4,11,7,15,30,-0.8110702157097055,-1.2766258768323613
88,1564304400,10,43,33,53,30,-0.5486439414711874,-1.18525019742504
88,1564318800,56,267,211,323,30,1.2479667052386667,-0.5360019490045999
88,1564333200,156,436,280,592,30,1.9444056637947338,0.11084167627354248
88,1564347600,170,250,80,420,30,-0.07425798419386641,-0.30275350420170094
88,1564362000,49,89,40,138,30,-0.4779907137915865,-0.9808572303297163
88,1564376400,5,7,2,12,30,-0.8615368069094205,-1.283839746259255
88,1564390800,268,416,148,684,30,0.6120876561222577,0.3320670053649517
88,1564405200,302,571,269,873,30,1.8333791631553609,0.7865407792592599
88,1564419600,403,372,0,775,30,-0.8817234433893065,0.5508877113140631
88,1564434000,704,477,0,1181,30,-0.8817234433893065,1.5271647070870213
88,1564448400,62,111,49,173,31,-0.3706549907005962,-0.7944749473561784
88,1564462800,8,10,2,18,31,-0.8728758069291518,-1.1406270677784065
88,1564475855,231,346,115,577,31,0.33459126187567334,0.10775380522820972
88,1564475936,2,3,1,5,31,-0.8835613562106104,-1.1696591811041417
88,1564476018,56,134,78,190,31,-0.060774061538295954,-0.7565098760840631
88,1564476101,2,11,9,13,31,-0.7980769619589414,-1.1517932652113816
88,1564476184,77,343,266,420,31,1.9481092033759264,-0.24286479416720844
88,1564476263,4,3,0,7,31,-0.894246905492069,-1.1651927021309518
88,1564476345,33,209,176,242,31,0.9864097680446497,-0.640381422781122
88,1564476427,0,0,0,0,31,-0.894246905492069,-1.1808253785371168
88,1564477200,78,113,35,191,31,-0.520252680641017,-0.754276636597468
88,1564491600,357,576,219,933,31,1.4458883871473707,0.9027870624560369
88,1564506000,411,503,92,914,31,0.08882362840212485,0.8603555122107315
88,1564520400,778,594,0,1372,31,-0.894246905492069,1.8831791970712508
88,1564534800,73,117,44,190,31,-0.42408273710788935,-0.7565098760840631
88,1564549200,7,8,1,15,31,-0.8835613562106104,-1.1473267862381915
88,1564563600,285,444,159,729,31,0.804755430259853,0.4472062071906528
88,1564578000,342,586,244,928,31,1.7130271191838364,0.8916208650230618
88,1564592400,361,473,112,834,31,0.30253461403129744,0.6816963532831299
88,1564606800,837,532,0,1369,31,-0.894246905492069,1.8764794786114656
88,1564621200,55,144,89,199,31,0.05676698055774897,-0.7364107207047079
88,1564635600,8,9,1,17,31,-0.8835613562106104,-1.1428603072650017
88,1564650000,328,424,96,752,31,0.13156582552795937,0.4985707153823382
88,1564664400,322,615,293,937,31,2.2366190339753094,0.911720020402417
88,1564678800,411,493,82,904,31,-0.018031864412461438,0.8380231173447813
88,1564693200,718,551,0,1269,31,-0.894246905492069,1.6531555299519636
88,1564707600,70,140,70,210,31,-0.146258455789965,-0.7118450863521627
88,1564722000,9,15,6,24,31,-0.8301336098033173,-1.1272276308588365
88,1564736400,267,339,72,606,31,-0.12488735722704773,0.17251775033946531
88,1564750800,274,593,319,867,31,2.5144433152932337,0.7553932563407656
88,1564765200,476,524,48,1000,31,-0.3813405399820548,1.0524141080579033
88,1564779600,547,468,0,1015,31,-0.894246905492069,1.0859127003568285
88,1565398800,9178,8234,0,17412,32,-0.6657534789352115,4.10908010991332
88,1565413200,13,11,0,24,32,-0.6657534789352115,-0.3323126265305669
88,1565427600,10,50,40,60,32,-0.1497766168971574,-0.3231171964344098
88,1565442000,104,235,131,339,32,1.0240707442394157,-0.2518526131891921
88,1565456400,252,305,53,557,32,0.01791586326521017,-0.19616917538468515
88,1565470800,227,229,2,456,32,-0.6399546358333088,-0.2219674653766815
88,1565485200,80,81,1,161,32,-0.6528540573842602,-0.29731890644241343
88,1565499600,7,12,5,19,32,-0.6012563711804547,-0.3335897695994776
88,1565514000,11,37,26,48,32,-0.33036851861047634,-0.3261823397997955
88,1565528400,75,193,118,268,32,0.8563782640770481,-0.2699880447677242
88,1565542800,204,281,77,485,32,0.32750198048804263,-0.21456003557699938
88,1565557200,246,196,0,442,32,-0.6657534789352115,-0.22554346596963148
88,1565571600,50,50,0,100,32,-0.6657534789352115,-0.3129000518831241
88,1565586000,4,12,8,16,32,-0.5625581065276006,-0.33435605544082403
88,1565600400,263,423,160,686,32,1.3981539692170049,-0.16321888420678882
88,1565614800,274,571,297,845,32,3.16537472169734,-0.12260573461542822
88,1565629200,376,387,11,763,32,-0.5238598418747467,-0.14355088094556387
88,1565643600,665,504,0,1169,32,-0.6657534789352115,-0.03984686375001417
88,1565658000,65,91,26,156,33,-0.40752352408511316,-0.6210347649411266
88,1565672400,13,13,0,26,33,-0.7382737227127899,-0.9399224101641706
88,1565683271,45,128,83,173,33,0.31758268059863964,-0.5793340728734978
88,1565686800,299,447,148,746,33,1.1444581771678315,0.826224547994227
88,1565701200,320,576,256,896,33,2.518343617621258,1.1941718309438931
88,1565705967,30,128,98,158,33,0.5084001028838377,-0.6161288011684644
88,1565715600,403,334,0,737,33,-0.7382737227127899,0.8041477110172469
88,1565730000,761,536,0,1297,33,-0.7382737227127899,2.177817567362667
88,1565744400,72,82,10,154,33,-0.6110621078559911,-0.6259407287137888
88,1565758800,6,15,9,21,33,-0.6237832693416709,-0.9521873195958261
88,1565768377,30,74,44,104,33,-0.17854261734287544,-0.7485898230303442
88,1565773200,299,432,133,731,33,0.9536407548826333,0.7894298196992603
88,1565787600,321,565,244,886,33,2.3656896797930993,1.169642012080582
88,1565802000,413,472,59,885,33,0.012274804942322672,1.167189030194251
88,1565816400,705,540,0,1245,33,-0.7382737227127899,2.0502625092734497
88,1565830800,86,102,16,188,33,-0.5347351389419119,-0.5425393445785311
88,1565845200,11,11,0,22,33,-0.7382737227127899,-0.949734337709495
88,1565859600,266,382,116,648,33,0.7373810096260754,0.5858323231337784
88,1565874000,293,647,354,940,33,3.7650174432178853,1.302103033942462
88,1565888400,408,465,57,873,33,-0.013167518029037074,1.1377532475582777
88,1565902800,735,531,0,1266,33,-0.7382737227127899,2.1017751288864033
88,1565916847,76,75,0,151,33,-0.7382737227127899,-0.6332996743727821
88,1565916930,0,0,0,0,33,-0.7382737227127899,-1.0036999392087793
88,1565917008,0,0,0,0,33,-0.7382737227127899,-1.0036999392087793
88,1565917088,0,0,0,0,33,-0.7382737227127899,-1.0036999392087793
88,1565917169,2,0,0,2,33,-0.7382737227127899,-0.9987939754361171
88,1565917200,72,102,30,174,33,-0.35663887814239364,-0.5768810909871667
88,1565917249,0,0,0,0,33,-0.7382737227127899,-1.0036999392087793
88,1565917329,0,0,0,0,33,-0.7382737227127899,-1.0036999392087793
88,1565917409,1,0,0,1,33,-0.7382737227127899,-1.0012469573224483
88,1565917490,1,0,0,1,33,-0.7382737227127899,-1.0012469573224483
88,1565917570,0,0,0,0,33,-0.7382737227127899,-1.0036999392087793
88,1565917651,0,2,2,2,33,-0.7128313997414301,-0.9987939754361171
88,1565931600,10,13,3,23,33,-0.7001102382557503,-0.9472813558231639
88,1565942761,54,95,41,149,33,-0.21670610179991504,-0.6382056381454443
88,1565946000,114,129,15,243,33,-0.5474563004275917,-0.4076253408303202
88,1565960400,197,364,167,561,33,1.386160245395749,0.37242289902297204
88,1565974800,415,513,98,928,33,0.5084001028838377,1.2726672513064887
88,1565989200,538,488,0,1026,33,-0.7382737227127899,1.5130594761669371
88,1566003600,81,145,64,226,33,0.07588061237072204,-0.44932603289794903
88,1566018000,14,12,0,26,33,-0.7382737227127899,-0.9399224101641706
88,1566032400,26,61,35,87,33,-0.2930330707139943,-0.790290515097973
88,1566046800,118,307,189,425,33,1.6660257980807063,0.03881736248194138
88,1566061200,340,394,54,734,33,-0.05133100248607669,0.7967887653582536
88,1566075600,333,391,58,724,33,-0.0004463565433572012,0.7722589464949425
88,1566090000,83,204,121,287,33,0.8009868170544748,-0.2996941378317515
88,1566104400,7,20,13,27,33,-0.5728986233989515,-0.9374694282778395
88,1566118800,22,45,23,67,33,-0.44568700854215276,-0.8393501528245951
88,1566133200,144,297,153,441,33,1.2080639845962309,0.0780650726632391
88,1566147600,294,369,75,663,33,0.21581338871320063,0.622627051428745
88,1566162000,241,259,18,500,33,-0.5092928159705521,0.22279100395677445
88,1566176400,39,93,54,132,33,-0.05133100248607669,-0.6799063302130731
88,1566190800,5,13,8,18,33,-0.6365044308273509,-0.9595462652548195
88,1566205200,274,415,141,689,33,1.0554100467680723,0.6864045804733538
88,1566219600,320,557,237,877,33,2.2766415493933403,1.147565175103602
88,1566234000,365,421,56,786,33,-0.025888679514716947,0.9243438234474712
88,1566248400,656,545,0,1201,33,-0.7382737227127899,1.942331306274881
88,1566262800,63,110,47,173,34,-0.2506774130322369,-0.8665125707971447
88,1566277200,7,13,6,20,34,-0.7370074099244315,-1.261163563053435
88,1566291355,81,302,221,383,34,1.8132596469492717,-0.3248347382885109
88,1566291600,289,385,96,674,34,0.33054624179014186,0.4257759724734531
88,1566306000,308,629,321,937,34,2.9994303710765755,1.104162972234266
88,1566309992,20,122,102,142,34,0.4017164852377801,-0.9464745365484193
88,1566320400,368,324,0,692,34,-0.8081776533720697,0.47220550097419317
88,1566334800,729,549,0,1278,34,-0.8081776533720697,1.9837445954982855
88,1566349200,81,100,19,181,34,-0.5828052157878819,-0.8458772247968158
88,1566363600,7,9,2,16,34,-0.7844542388895236,-1.2714812360535996
88,1566375430,48,129,81,177,34,0.15262063317104632,-0.8561948977969803
88,1566378000,271,380,109,651,34,0.48474843592669137,0.3664493527225075
88,1566392400,320,552,232,872,34,1.9437384266032751,0.9365007859815936
88,1566406800,357,436,79,793,34,0.12889721868850026,0.7327267442283456
88,1566421200,709,559,0,1268,34,-0.8081776533720697,1.9579504129978744
88,1566435600,63,92,29,155,34,-0.4641881433751516,-0.9129420992978848
88,1566450000,11,14,3,25,34,-0.7725925316482506,-1.2482664718032295
88,1566464400,285,419,134,704,34,0.7812911169585173,0.5031585199746865
88,1566478800,324,581,257,905,34,2.240281107635101,1.0216215882329502
88,1566493200,354,494,140,848,34,0.8524613604061555,0.8745947479806069
88,1566507600,714,538,0,1252,34,-0.8081776533720697,1.9166797209972166
88,1566522000,89,140,51,229,34,-0.20323058406714478,-0.7220651487948424
88,1566536400,7,10,3,17,34,-0.7725925316482506,-1.2689018178035585
88,1566550800,245,318,73,563,34,0.05772697524086203,0.13946054671888952
88,1566565200,333,489,156,822,34,1.0422486762665242,0.807529873479538
88,1566579600,463,468,5,931,34,-0.7488691171657045,1.0886864627340194
88,1566594000,504,441,0,945,34,-0.8081776533720697,1.1247983182345949
88,1566608400,97,161,64,258,34,-0.0490283899305953,-0.6472620195436501
88,1566622800,9,11,2,20,34,-0.7844542388895236,-1.261163563053435
88,1566637200,20,45,25,65,34,-0.5116349723402437,-1.145089741801585
88,1566651600,171,276,105,447,34,0.4373016069615992,-0.15975197028587965
88,1566666000,376,343,0,719,34,-0.8081776533720697,0.5418497937253033
88,1566680400,312,234,0,546,34,-0.8081776533720697,0.0956104364681906
88,1566694800,80,110,30,190,34,-0.4523264361338786,-0.8226624605464458
88,1566709200,6,20,14,26,34,-0.6421137519942471,-1.2456870535531885
88,1566723600,13,39,26,52,34,-0.4997732650989707,-1.1786221790521194
88,1566738000,92,220,128,312,34,0.710120873510879,-0.5079734340414299
88,1566752400,247,302,55,549,34,-0.15578375510205264,0.10334869121831394
88,1566766800,232,222,0,454,34,-0.8081776533720697,-0.14169604253559184
88,1566781200,53,81,28,134,34,-0.47604985061642463,-0.9671098825487482
88,1566795600,9,15,6,24,34,-0.7370074099244315,-1.2508458900532706
88,1566810000,345,359,14,704,34,-0.6421137519942471,0.5031585199746865
88,1566824400,279,581,302,860,34,2.774057933492388,0.9055477669811003
88,1566838800,314,415,101,729,34,0.3898547779965071,0.5676439762257144
88,1566853200,704,456,0,1160,34,-0.8081776533720697,1.6793732419934342
88,1566867600,77,59,0,136,35,-0.6526313674909606,-0.5732080413609261
88,1566882000,9,12,3,21,35,-0.6149277671682366,-0.8542266000062034
88,1566896400,392,436,44,828,35,-0.09964522942434202,1.1177905897915257
88,1566910800,302,587,285,889,35,2.9292106631678188,1.2668526078555424
88,1566925200,349,482,133,831,35,1.0188949134831367,1.1251215087127069
88,1566939600,693,515,0,1208,35,-0.6526313674909606,2.046373653141138
88,1566954000,48,87,39,135,35,-0.16248456329554867,-0.5756516810013197
88,1566968400,2,10,8,12,35,-0.55208843329703,-0.8762193567697468
88,1566982800,264,396,132,660,35,1.0063270467088952,0.7072591302053814
88,1566997200,294,576,282,870,35,2.8915070628450947,1.220423454688062
88,1567011600,403,436,33,839,35,-0.23789176394099668,1.1446706258358565
88,1567026000,670,457,0,1127,35,-0.6526313674909606,1.848438842269247
88,1567040400,42,66,24,108,35,-0.35100256490916865,-0.6416299512919501
88,1567054800,2,10,8,12,35,-0.55208843329703,-0.8762193567697468
88,1567069200,253,371,118,624,35,0.8303769118695166,0.6192881031512076
88,1567083600,298,543,245,841,35,2.4264959921981655,1.149557905116644
88,1567098000,368,460,92,828,35,0.5036123757392419,1.1177905897915257
88,1567112400,639,478,0,1117,35,-0.6526313674909606,1.82400244586531
88,1567126800,51,85,34,136,35,-0.22532389716675533,-0.5732080413609261
88,1567141200,46,43,0,89,35,-0.6526313674909606,-0.6880591044594307
88,1567155600,190,305,115,495,35,0.7926733115467925,0.3040585895404182
88,1567170000,245,470,225,715,35,2.175138656713339,0.8416593104270358
88,1567184400,484,636,152,1120,35,1.2576843821937218,1.831333364786491
88,1567198800,369,437,68,806,35,0.20198357315744997,1.064030517702864
88,1567213200,52,88,36,140,35,-0.20018816361827269,-0.5634334827993511
88,1567227600,4,14,10,18,35,-0.5269526997485473,-0.8615575189273845
88,1567242000,12,7,0,19,35,-0.6526313674909606,-0.8591138792869909
88,1567256400,2,5,3,7,35,-0.6149277671682366,-0.8884375549717155
88,1567270800,1,10,9,11,35,-0.5395205665227887,-0.8786629964101406
88,1567285200,1,8,7,9,35,-0.5646563000712713,-0.883550275690928
88,1567299600,1,8,7,9,35,-0.5646563000712713,-0.883550275690928
88,1567314000,1,3,2,4,35,-0.627495633942478,-0.8957684738928966
88,1567328400,0,3,3,3,35,-0.6149277671682366,-0.8982121135332903
88,1567342800,2,6,4,8,35,-0.6023599003939953,-0.8859939153313218
88,1567357200,1,3,2,4,35,-0.627495633942478,-0.8957684738928966
88,1567371600,2,18,16,20,35,-0.4515454991030993,-0.8566702396465972
88,1567386000,2,3,1,5,35,-0.6400635007167194,-0.8933248342525029
88,1567400400,1,4,3,5,35,-0.6149277671682366,-0.8933248342525029
88,1567414800,25,32,7,57,35,-0.5646563000712713,-0.7662555729520296
88,1567429200,93,124,31,217,35,-0.26302749748947934,-0.375273230489035
88,1567443600,178,150,0,328,35,-0.6526313674909606,-0.10402923040533246
88,1567458000,183,70,0,253,35,-0.6526313674909606,-0.2873022034348612
88,1567472400,34,27,0,61,36,-0.5993034236078877,-0.834621733816608
88,1567486800,4,11,7,15,36,-0.5400183608418315,-0.9335899526672607
88,1567501200,270,412,142,682,36,0.6033364210749664,0.5014492206672052
88,1567515600,271,542,271,813,36,1.6958754349065732,0.7832934960897165
88,1567530000,296,409,113,705,36,0.35772687532987646,0.5509333300925316
88,1567544400,700,462,0,1162,36,-0.5993034236078877,1.5341610695435826
88,1567558800,47,55,8,102,36,-0.5315490661609663,-0.7464109300584174
88,1567573200,2,2,0,4,36,-0.5993034236078877,-0.9572562658706777
88,1567587600,273,462,189,735,36,1.0013932710756295,0.6154778206473052
88,1567602000,279,448,169,727,36,0.832007377458326,0.5982659564993655
88,1567616400,361,459,98,820,36,0.23068745511689892,0.7983538772191636
88,1567630800,669,501,0,1170,36,-0.5993034236078877,1.551372933691522
88,1567645200,52,92,40,144,36,-0.2605316363732809,-0.6560486432817344
88,1567659600,2,4,2,6,36,-0.5823648342461574,-0.9529532998336928
88,1567674000,296,425,129,721,36,0.4932355902237192,0.5853570583884109
88,1567688400,310,481,171,791,36,0.8489459668200563,0.7359608696828825
88,1567702800,403,1018,615,1421,36,4.609312805124191,2.0913951713331276
88,1567717200,674,552,0,1226,36,-0.5993034236078877,1.6718559827270996
88,1567731600,66,72,6,138,36,-0.5484876555226966,-0.668957541392689
88,1567746000,1,5,4,6,36,-0.565426244884427,-0.9529532998336928
88,1567760400,263,403,140,666,36,0.586397831713236,0.46702549237132596
88,1567774800,301,602,301,903,36,1.9499542753325283,0.9769269677540372
88,1567789200,448,518,70,966,36,-0.006452795947325821,1.1124703979190618
88,1567803600,668,483,0,1151,36,-0.5993034236078877,1.5104947563401656
88,1567818000,47,59,12,106,36,-0.4976718874375057,-0.7378049979844475
88,1567832400,3,2,0,5,36,-0.5993034236078877,-0.9551047828521853
88,1567846800,2,5,3,7,36,-0.5738955395652922,-0.9508018168152004
88,1567861200,1,2,1,3,36,-0.5908341289270225,-0.9594077488891702
88,1567875600,1,10,9,11,36,-0.5230797714801012,-0.9421958847412306
88,1567890000,1,15,14,16,36,-0.4807332980757753,-0.9314384696487683
88,1567904400,1,12,11,13,36,-0.5061411821183708,-0.9378929187042456
88,1567918800,0,9,9,9,36,-0.5230797714801012,-0.9464988507782155
88,1567933200,1,10,9,11,36,-0.5230797714801012,-0.9421958847412306
88,1567947600,1,3,2,4,36,-0.5823648342461574,-0.9572562658706777
88,1567962000,6,3,0,9,36,-0.5993034236078877,-0.9464988507782155
88,1567976400,0,6,6,6,36,-0.5484876555226966,-0.9529532998336928
88,1567990800,2,5,3,7,36,-0.5738955395652922,-0.9508018168152004
88,1568005200,0,9,9,9,36,-0.5230797714801012,-0.9464988507782155
88,1568019600,278,424,146,702,36,0.6372135997984271,0.5444788810370542
88,1568034000,299,525,226,824,36,1.3147571742676407,0.8069598092931335
88,1568048400,379,416,37,795,36,-0.28593952041587645,0.7445668017568523
88,1568062800,720,463,0,1183,36,-0.5993034236078877,1.579342212931924
88,1568077200,61,85,24,146,37,-0.36456296679065364,-0.8485135085273213
88,1568091600,5,13,8,18,37,-0.543414763738821,-1.1434118781679183
88,1568106000,310,429,119,739,37,0.69736957758909,0.5176953445732569
88,1568120400,340,569,229,909,37,1.9269756816077406,0.9093572417521748
88,1568134800,390,405,15,795,37,-0.4651671025739978,0.6467133812910182
88,1568149200,732,543,0,1275,37,-0.6328406622129047,1.752582267443257
88,1568163600,62,60,0,122,37,-0.6328406622129047,-0.9038069528349333
88,1568178000,9,11,2,20,37,-0.6104841875943837,-1.138804091142284
88,1568192122,91,369,278,460,37,2.474709309761503,-0.12509094550273184
88,1568192400,354,460,106,814,37,0.552052492568704,0.6904873580345443
88,1568206800,357,518,161,875,37,1.1668555445780293,0.8310248623163913
88,1568221200,430,552,122,982,37,0.7309042895168713,1.077541468187828
88,1568235600,813,672,0,1485,37,-0.6328406622129047,2.2363999051348613
88,1568250000,167,187,20,354,37,-0.4092759160276955,-0.3693036578613512
88,1568264400,9,18,9,27,37,-0.5322365264295605,-1.122676836552564
88,1568275723,67,138,71,205,37,0.16081418674458794,-0.7125837912711087
88,1568278800,335,420,85,755,37,0.3173095090742344,0.5545576407783316
88,1568293200,353,634,281,987,37,2.5082440216892845,1.0890609357519137
88,1568307600,418,436,18,854,37,-0.4316323906462164,0.7826430985472308
88,1568322000,731,539,0,1270,37,-0.6328406622129047,1.741062799879171
88,1568336400,65,101,36,166,37,-0.23042411907952814,-0.8024356382709781
88,1568350800,9,11,2,20,37,-0.6104841875943837,-1.138804091142284
88,1568365200,268,363,95,631,37,0.42909188216683897,0.26887484518900323
88,1568379600,276,570,294,846,37,2.6535611067096703,0.7642119504446935
88,1568394000,443,475,32,918,37,-0.27513706831657,0.9300922833675294
88,1568408400,697,581,0,1278,37,-0.6328406622129047,1.7594939479817084
88,1568422800,69,116,47,185,37,-0.10746350867766309,-0.758661661527452
88,1568437200,8,11,3,19,37,-0.5993059502851233,-1.1411079846551013
88,1568451600,20,26,6,46,37,-0.5657712383573419,-1.0789028598090378
88,1568466000,110,111,1,221,37,-0.6216624249036442,-0.6757214950660341
88,1568480400,291,139,0,430,37,-0.6328406622129047,-0.19420775088724676
88,1568494800,219,109,0,328,37,-0.6328406622129047,-0.4292048891945975
88,1568509200,48,27,0,75,37,-0.6328406622129047,-1.01208994793734
88,1568523600,9,8,0,17,37,-0.6328406622129047,-1.1457157716807356
88,1568538000,15,15,0,30,37,-0.6328406622129047,-1.1157651560141124
88,1568552400,91,73,0,164,37,-0.6328406622129047,-0.8070434252966124
88,1568566800,162,120,0,282,37,-0.6328406622129047,-0.5351839907841871
88,1568581200,196,89,0,285,37,-0.6328406622129047,-0.5282723102457355
88,1568595600,32,24,0,56,37,-0.6328406622129047,-1.055863924680866
88,1568610000,7,10,3,17,37,-0.5993059502851233,-1.1457157716807356
88,1568624400,310,396,86,706,37,0.3284877463834948,0.44166685865029054
88,1568638800,280,590,310,870,37,2.8324129036578376,0.8195053947523054
88,1568653200,392,420,28,812,37,-0.3198500175536118,0.68587957100891
88,1568667600,663,472,0,1135,37,-0.6328406622129047,1.430037175648854
88,1568682000,67,92,25,159,38,-0.5522214197245497,-0.9161759812284775
88,1568696400,12,13,1,25,38,-0.8108827538706214,-1.2374369421227998
88,1568710800,315,440,125,755,38,0.5255341392174153,0.5127160537940304
88,1568725200,300,688,388,988,38,3.360031259234783,1.0713265305729638
88,1568739600,369,466,97,835,38,0.2237625827136651,0.7045136423876556
88,1568754000,706,523,0,1229,38,-0.821660309460041,1.6491167662112598
88,1568768400,86,132,46,218,38,-0.3258927523467371,-0.774725259640679
88,1568782800,11,15,4,26,38,-0.7785500871023624,-1.2350394722653795
88,1568797200,325,432,107,757,38,0.3315381386078616,0.517510993508871
88,1568811600,323,570,247,893,38,1.8403959211266125,0.8435668941180339
88,1568826000,439,475,36,914,38,-0.43366830824093355,0.8939137611238605
88,1568840400,688,544,0,1232,38,-0.821660309460041,1.6563091757835207
88,1568854800,89,142,53,231,38,-0.25044986322079954,-0.7435581514942148
88,1568869200,13,21,8,34,38,-0.7354398647446838,-1.215859713406017
88,1568883600,334,432,98,766,38,0.23454013830308473,0.5390882222256538
88,1568898000,310,535,225,845,38,1.6032896981593803,0.7284883409618588
88,1568912400,422,505,83,927,38,0.07287680446178998,0.9250808692703246
88,1568926800,693,538,0,1231,38,-0.821660309460041,1.6539117059261004
88,1568941200,75,135,60,210,38,-0.17500697409486196,-0.7939050185000415
88,1568955600,11,25,14,36,38,-0.6707745312081659,-1.2110647736911764
88,1568970000,274,380,106,654,38,0.32076058301844196,0.2705715981945785
88,1568984400,331,642,311,973,38,2.53015947884947,1.035364482711659
88,1568998800,488,469,0,957,38,-0.821660309460041,0.997004964992934
88,1569013200,691,512,0,1203,38,-0.821660309460041,1.5867825499183317
88,1569027600,74,173,99,247,38,0.24531769389250438,-0.7051986337754897
88,1569042000,9,9,0,18,38,-0.821660309460041,-1.254219231124742
88,1569056400,23,60,37,83,38,-0.42289075265151393,-1.0983836903924216
88,1569070800,96,246,150,342,38,0.7949730289529066,-0.47743899732055983
88,1569085200,248,319,71,567,38,-0.05645386261124582,0.061991720599011084
88,1569099600,267,228,0,495,38,-0.821660309460041,-0.11062610913525162
88,1569114000,49,87,38,136,38,-0.41211319706209426,-0.9713177879491448
88,1569128400,7,8,1,15,38,-0.8108827538706214,-1.2614116406970028
88,1569142800,9,30,21,39,38,-0.5953316420822283,-1.2038723641189153
88,1569157200,64,165,101,229,38,0.2668728050713437,-0.7483530912090555
88,1569171600,156,265,109,421,38,0.35309324978670087,-0.28803887858435495
88,1569186000,149,156,7,305,38,-0.7462174203341034,-0.5661453820451116
88,1569200400,30,49,19,79,38,-0.6168867532610676,-1.1079735698221027
88,1569214800,4,9,5,13,38,-0.7677725315129427,-1.2662065804118436
88,1569229200,281,451,170,732,38,1.0105241407412995,0.4575742470733631
88,1569243600,311,586,275,897,38,2.142167477630363,0.8531567735477151
88,1569258000,373,438,65,811,38,-0.12111919614776372,0.646974365809568
88,1569272400,701,500,0,1201,38,-0.821660309460041,1.5819876102034909
88,1569286800,53,96,43,149,39,-0.3732135000771246,-0.9207227952573558
88,1569301200,7,11,4,18,39,-0.7366639835053826,-1.2255252513046466
88,1569315600,321,420,99,741,39,0.14866411715319466,0.45670509771971385
88,1569330000,310,574,264,884,39,1.686339239349671,0.7894283894354587
88,1569344400,377,474,97,851,39,0.13002563082354038,0.7126460913472099
88,1569358800,749,547,0,1296,39,-0.7739409561646912,1.7480437473857167
88,1569373200,67,98,31,165,39,-0.48504441805505016,-0.8834950143660837
88,1569387600,8,12,4,20,39,-0.7366639835053826,-1.2208717786932375
88,1569402000,322,422,100,744,39,0.1579833603180218,0.4636853066368274
88,1569416400,316,574,258,890,39,1.6304237803607082,0.8033888072696858
88,1569430800,359,422,63,781,39,-0.186828636780582,0.5497745499478942
88,1569445200,738,577,0,1315,39,-0.7739409561646912,1.7922517371941025
88,1569459600,64,106,42,170,39,-0.38253274324195174,-0.8718613328375612
88,1569474000,8,13,5,21,39,-0.7273447403405555,-1.218545042387533
88,1569488400,352,394,42,746,39,-0.38253274324195174,0.4683387792482364
88,1569502800,318,667,349,985,39,2.4784749083599773,1.0244287563116141
88,1569517200,386,886,500,1272,39,3.8856806262488734,1.6922020760488086
88,1569531600,755,523,0,1278,39,-0.7739409561646912,1.7061624938830355
88,1569546000,74,128,54,202,39,-0.27070182526402614,-0.7974057710550169
88,1569560400,7,12,5,19,39,-0.7273447403405555,-1.2231985149989422
88,1569574800,289,370,81,659,39,-0.019082259813693676,0.26591272065194405
88,1569589200,302,563,261,865,39,1.6583815098551897,0.7452203996270731
88,1569603600,452,523,71,975,39,-0.11227469146196498,1.001161393254569
88,1569618000,670,533,0,1203,39,-0.7739409561646912,1.5316572709551972
88,1569632400,80,125,45,205,39,-0.35457501374747036,-0.7904255621379033
88,1569646800,5,14,9,19,39,-0.690067767681247,-1.2231985149989422
88,1569661200,11,42,31,53,39,-0.48504441805505016,-1.1440894806049888
88,1569675600,105,287,182,392,39,0.9221612998338464,-0.35532587297116
88,1569690000,253,368,115,621,39,0.2977720077904287,0.1774967410351727
88,1569704400,205,237,32,442,39,-0.47572517489022303,-0.2389890576859345
88,1569718800,39,59,20,98,39,-0.5875560928681486,-1.0393863468482858
88,1569733200,7,10,3,17,39,-0.7459832266702098,-1.227851987610351
88,1569747600,23,40,17,63,39,-0.61551382236263,-1.1208221175479436
88,1569762000,106,243,137,349,39,0.5027953574166255,-0.45537553411645393
88,1569776400,175,300,125,475,39,0.3909644394387,-0.1622067595976857
88,1569790800,185,189,4,374,39,-0.7366639835053826,-0.39720712647384115
88,1569805200,37,57,20,94,39,-0.5875560928681486,-1.0486932920711038
88,1569819600,5,7,2,12,39,-0.7553024698350369,-1.2394856691388736
88,1569834000,343,434,91,777,39,0.07411017183457762,0.5404676047250762
88,1569848400,284,492,208,776,39,1.1644616221193518,0.5381408684193717
88,1569862800,321,395,74,716,39,-0.08431696196748359,0.39853669007710113
88,1569877200,624,522,0,1146,39,-0.7739409561646912,1.3990333015300402
88,1569891600,53,87,34,140,40,-0.304232622405813,-0.8679232738172735
88,1569906000,5,12,7,17,40,-0.6019028500228898,-1.1493500647123296
88,1569920400,321,409,88,730,40,0.2911078328283405,0.4820101134029145
88,1569934800,305,537,232,842,40,1.8786823801194166,0.7382686547057299
88,1569949200,375,413,38,788,40,-0.2601333294255054,0.6147154294347296
88,1569963600,683,545,0,1228,40,-0.6790766127384282,1.6214454131243614
88,1569978000,49,99,50,148,40,-0.12783545048458234,-0.8496190922956438
88,1569992400,7,10,3,17,40,-0.6460021430031975,-1.1493500647123296
88,1570006800,274,475,201,749,40,1.536912859522032,0.525482544516785
88,1570021200,318,615,297,933,40,2.595295891049416,0.9464787195142673
88,1570035600,393,420,27,813,40,-0.38140638512135144,0.6719159966898223
88,1570050000,773,509,0,1282,40,-0.6790766127384282,1.7449986383953615
88,1570064400,69,86,17,155,40,-0.4916546175721206,-0.8336029334642179
88,1570078800,8,8,0,16,40,-0.6790766127384282,-1.1516380874025334
88,1570093200,360,490,130,850,40,0.7541504091215709,0.7565728362273595
88,1570107600,328,641,313,969,40,2.771693062970647,1.0288475363616008
88,1570122000,409,480,71,889,40,0.10368583766203292,0.8458057211453042
88,1570136400,753,539,0,1292,40,-0.6790766127384282,1.7678788652973987
88,1570150800,62,127,65,189,40,0.03753689819157141,-0.7558101619972918
88,1570165200,6,11,5,17,40,-0.6239524965130436,-1.1493500647123296
88,1570179600,276,355,79,631,40,0.19188442362264826,0.25549586707274735
88,1570194000,299,547,248,846,40,2.055079552040647,0.7474207454665447
88,1570208400,515,561,46,1076,40,-0.17193474346489002,1.2736659642133976
88,1570222800,659,620,0,1279,40,-0.6790766127384282,1.7381345703247504
88,1570237200,76,177,101,253,40,0.4344305350143404,-0.6093767098242544
88,1570251600,9,13,4,22,40,-0.6349773197581206,-1.1379099512613111
88,1570266000,11,26,15,37,40,-0.5137042640622744,-1.1035896109082555
88,1570280400,93,107,14,200,40,-0.5247290873073513,-0.730641912405051
88,1570294800,219,191,0,410,40,-0.6790766127384282,-0.2501571474622722
88,1570309200,215,147,0,362,40,-0.6790766127384282,-0.3599822365920502
88,1570323600,35,50,15,85,40,-0.5137042640622744,-0.9937645217784775
88,1570338000,3,8,5,11,40,-0.6239524965130436,-1.1630782008535518
88,1570352400,11,16,5,27,40,-0.6239524965130436,-1.1264698378102926
88,1570366800,67,84,17,151,40,-0.4916546175721206,-0.8427550242250327
88,1570381200,200,151,0,351,40,-0.6790766127384282,-0.38515048618429104
88,1570395600,199,116,0,315,40,-0.6790766127384282,-0.46751930303162453
88,1570410000,21,41,20,62,40,-0.4585801478368899,-1.0463890436531629
88,1570424400,3,10,7,13,40,-0.6019028500228898,-1.1585021554731445
88,1570438800,307,446,139,753,40,0.8533738183272632,0.5346346352775998
88,1570453200,291,580,289,871,40,2.507097305088801,0.8046213127216374
88,1570467600,364,369,5,733,40,-0.6239524965130436,0.4888741814735256
88,1570482000,714,546,0,1260,40,-0.6790766127384282,1.69466213921088
88,1570496400,26,29,3,55,41,-0.6781265386879896,-1.090582736598311
88,1570510800,23,41,18,64,41,-0.5218647539866607,-1.0694128976195116
88,1570525200,354,446,92,800,41,0.2490267172065623,0.6618094899800875
88,1570539600,316,701,385,1017,41,3.3013402450391887,1.172237829802252
88,1570554000,399,442,43,841,41,-0.2614284461511123,0.7582498675501739
88,1570568400,714,480,0,1194,41,-0.7093788956282554,1.5885779963853077
88,1570582800,36,46,10,82,41,-0.6052043724940361,-1.0270732196619128
88,1570597200,0,9,9,9,41,-0.615621824807458,-1.198784135823286
88,1570611600,297,383,86,680,41,0.1865220033260307,0.37954497026276157
88,1570626000,318,590,272,908,41,2.12416813362251,0.9158475577256808
88,1570640400,339,370,31,709,41,-0.38643787391217554,0.44775889586111534
88,1570654800,673,482,0,1155,41,-0.7093788956282554,1.4968420274771768
88,1570669200,23,49,26,72,41,-0.4385251354792852,-1.05059526297169
88,1570683600,1,4,3,5,41,-0.6781265386879896,-1.2081929531471969
88,1570698000,285,428,143,713,41,0.7803167851910808,0.4571677131850262
88,1570712400,325,661,336,986,41,2.790885081681514,1.0993194955419427
88,1570726800,411,497,86,908,41,0.1865220033260307,0.9158475577256808
88,1570741200,806,528,0,1334,41,-0.7093788956282554,1.917886602722188
88,1570755600,40,61,21,101,41,-0.49061239704639487,-0.9823813373733361
88,1570770000,1,2,1,3,41,-0.6989614433148335,-1.2128973618091523
88,1570784400,276,387,111,663,41,0.44695831116157897,0.3395574966361404
88,1570798800,317,620,303,937,41,2.4471091553385897,0.9840614833240346
88,1570813200,527,573,46,1100,41,-0.23017608921084656,1.3674707892734024
88,1570827600,736,562,0,1298,41,-0.7093788956282554,1.8332072468069902
88,1570842000,59,128,69,187,41,0.009425313997857867,-0.7800917649092525
88,1570856400,4,8,4,12,41,-0.6677090863745677,-1.1917275228303528
88,1570870800,10,41,31,51,41,-0.38643787391217554,-1.0999915539222218
88,1570885200,102,257,155,359,41,0.905326212952144,-0.3755126199810853
88,1570899600,316,335,19,651,41,-0.5114473016732387,0.3113310446644078
88,1570914000,300,194,0,494,41,-0.7093788956282554,-0.057965035299093644
88,1570928400,44,64,20,108,41,-0.5010298493598168,-0.9659159070564921
88,1570942800,9,10,1,19,41,-0.6989614433148335,-1.1752620925135089
88,1570957200,9,31,22,40,41,-0.4801949447329729,-1.1258658015629768
88,1570971600,98,168,70,266,41,0.0198427663112798,-0.594267622762013
88,1570986000,235,277,42,512,41,-0.2718458984645343,-0.015625357341494752
88,1571000400,246,159,0,405,41,-0.7093788956282554,-0.26731122075611036
88,1571014800,27,59,32,86,41,-0.3760204215987536,-1.017664402338002
88,1571029200,4,15,11,19,41,-0.5947869201806142,-1.1752620925135089
88,1571043600,233,285,52,518,41,-0.16767137533031495,-0.0015121313556284554
88,1571058000,256,452,196,708,41,1.3324417578024432,0.4454066915301376
88,1571072400,302,413,111,715,41,0.44695831116157897,0.4618721218469816
88,1571086800,583,416,0,999,41,-0.7093788956282554,1.129898151844653
88,1571101200,39,67,28,106,42,-0.43952161520710264,-0.9210237287534616
88,1571115600,6,9,3,15,42,-0.7311794771500875,-1.1205899201600895
88,1571130000,297,445,148,742,42,0.9604361221192242,0.47374657602253195
88,1571144400,314,608,294,922,42,2.663718035866255,0.868492888694983
88,1571158800,380,521,141,901,42,0.8787719207751885,0.8224391522165303
88,1571173200,726,535,0,1261,42,-0.7661784205832456,1.6119317775614324
88,1571187600,34,47,13,81,42,-0.6145163323728935,-0.9758496055135242
88,1571202000,2,6,4,8,42,-0.7195131626723681,-1.135941165652907
88,1571216400,279,447,168,726,42,1.193762411673612,0.43865801489609185
88,1571230800,319,604,285,923,42,2.5587212055667807,0.8706859237653854
88,1571245200,441,475,34,916,42,-0.36952372834078634,0.8553346782725679
88,1571259600,924,596,0,1520,42,-0.7661784205832456,2.179927860795681
88,1571274000,34,45,11,79,42,-0.6378489613283324,-0.9802356756543292
88,1571288400,2,21,19,23,42,-0.5445184455065771,-1.1030456395968695
88,1571302800,331,444,113,775,42,0.5521151153990456,0.5461167333458147
88,1571317200,336,585,249,921,42,2.1387338843688823,0.8662998536245804
88,1571331600,441,473,32,914,42,-0.3928563572962251,0.8509486081317629
88,1571346000,782,571,0,1353,42,-0.7661784205832456,1.8136910040384628
88,1571360400,33,50,17,83,42,-0.567851074462016,-0.9714635353727192
88,1571374800,1,2,1,3,42,-0.7545121061055262,-1.1469063410049196
88,1571389200,397,381,0,778,42,-0.7661784205832456,0.5526958385570221
88,1571403600,362,607,245,969,42,2.092068626458005,0.9715655370039007
88,1571418000,486,566,80,1052,42,0.16712673763430566,1.1535874478473087
88,1571432400,660,502,0,1162,42,-0.7661784205832456,1.3948213055915843
88,1571446800,62,135,73,197,42,0.08546253629026992,-0.7214575373468336
88,1571461200,4,5,1,9,42,-0.7545121061055262,-1.1337481305825046
88,1571475600,10,34,24,44,42,-0.48618687311798026,-1.056991903118417
88,1571490000,81,195,114,276,42,0.5637814298767649,-0.5482077667850357
88,1571504400,226,276,50,502,42,-0.18286269669727606,-0.05258184087406939
88,1571518800,212,192,0,404,42,-0.7661784205832456,-0.26749927777351495
88,1571533200,31,50,19,81,42,-0.5445184455065771,-0.9758496055135242
88,1571547600,5,7,2,12,42,-0.7428457916278068,-1.1271690253712972
88,1571562000,10,49,39,59,42,-0.31119215595218935,-1.0240963770623794
88,1571576400,75,150,75,225,42,0.1087951652457087,-0.6600525553755634
88,1571590800,201,267,66,468,42,0.0037983349462341856,-0.1271450332677546
88,1571605200,139,134,0,273,42,-0.7661784205832456,-0.5547868719962431
88,1571619600,24,21,0,45,42,-0.7661784205832456,-1.0547988680480145
88,1571634000,2,6,4,8,42,-0.7195131626723681,-1.135941165652907
88,1571646701,44,107,63,151,42,-0.03120060848692399,-0.8223371505853488
88,1571648400,293,443,150,736,42,0.983768751074663,0.4605883656001169
88,1571662800,288,530,242,818,42,2.0570696830248467,0.6404172413731224
88,1571677200,410,427,17,837,42,-0.567851074462016,0.68208490771077
88,1571691600,728,511,0,1239,42,-0.7661784205832456,1.563685006012577
88,1571706000,26,29,3,55,43,-0.760356614698127,-1.0563292368869948
88,1571720400,2,4,2,6,43,-0.7727249252393049,-1.1679499788008085
88,1571734800,313,462,149,775,43,1.045416724313846,0.583812276948635
88,1571749200,332,539,207,871,43,1.762778735702164,0.802497812126719
88,1571763600,366,417,51,783,43,-0.1666777087215879,0.6020360715468087
88,1571778000,867,549,0,1416,43,-0.7974615463216607,2.0439938191273
88,1571792400,21,43,22,64,43,-0.5253587144157469,-1.0358274679640496
88,1571806800,1,4,3,5,43,-0.760356614698127,-1.1702279531255801
88,1571821200,316,426,110,742,43,0.563052613207908,0.5086391242311686
88,1571835600,359,607,248,966,43,2.269879467890458,1.0189053729800313
88,1571850000,420,502,82,922,43,0.2167399180549269,0.9186745026900761
88,1571864400,711,509,0,1220,43,-0.7974615463216607,1.597510851472045
88,1571878800,30,57,27,87,43,-0.46351716170985746,-0.9834340584943002
88,1571893200,1,1,0,2,43,-0.7974615463216607,-1.1770618760998954
88,1571907600,328,428,100,756,43,0.43936950779612904,0.5405307647779726
88,1571922000,345,630,285,975,43,2.72750695791404,1.0394071419029767
88,1571936400,389,508,119,897,43,0.674367408078509,0.8617251445707834
88,1571950800,742,499,0,1241,43,-0.7974615463216607,1.645348312292251
88,1571965200,28,62,34,90,43,-0.3769389879216122,-0.976600135519985
88,1571979600,1,22,21,23,43,-0.5377270249569248,-1.1292244152796895
88,1571994000,258,367,109,625,43,0.5506843026667301,0.2421161282328788
88,1572008400,295,524,229,819,43,2.034881567608078,0.6840431472385902
88,1572022800,466,522,56,988,43,-0.10483615601569843,1.0690208081250088
88,1572037200,637,529,0,1166,43,-0.7974615463216607,1.474500237934373
88,1572051600,72,162,90,234,43,0.3156864023843501,-0.6485718327528591
88,1572066000,10,14,4,24,43,-0.7479883041569491,-1.1269464409549177
88,1572080400,12,35,23,47,43,-0.5129904038745691,-1.0745530314851686
88,1572094800,103,159,56,262,43,-0.10483615601569843,-0.5847885516592513
88,1572109200,239,263,24,502,43,-0.5006220933333911,-0.038074713714041294
88,1572123600,247,187,0,434,43,-0.7974615463216607,-0.19297696779851745
88,1572138000,54,74,20,128,43,-0.5500953354981027,-0.8900371111786601
88,1572152400,7,9,2,16,43,-0.7727249252393049,-1.1451702355530915
88,1572166800,9,19,10,28,43,-0.6737784409098817,-1.117834543655831
88,1572181200,64,155,91,219,43,0.32805471292552796,-0.6827414476244347
88,1572195600,162,253,91,415,43,0.32805471292552796,-0.2362584799691799
88,1572210000,155,131,0,286,43,-0.7974615463216607,-0.5301171678647303
88,1572224400,32,27,0,59,43,-0.7974615463216607,-1.047217339587908
88,1572238800,3,5,2,8,43,-0.7727249252393049,-1.163394030151265
88,1572253200,294,431,137,725,43,0.8969969978197112,0.46991356071004964
88,1572267600,317,594,277,911,43,2.6285604735846166,0.8936167851175874
88,1572282000,390,414,24,804,43,-0.5006220933333911,0.6498735323670146
88,1572296400,685,505,0,1190,43,-0.7974615463216607,1.529171621728894
88,1572310800,62,93,31,155,44,-0.5406822393609888,-0.8690266264333354
88,1572325200,5,7,2,12,44,-0.8714461607782086,-1.1932717602072442
88,1572339600,322,447,125,769,44,0.5314490921293096,0.5231867451553364
88,1572354000,326,567,241,893,44,1.8545047777981885,0.8043503576585861
88,1572368400,417,449,32,866,44,-0.529276586898326,0.7431292484844914
88,1572382800,864,506,0,1370,44,-0.894257465703534,1.8859232864009254
88,1572397200,52,105,53,157,44,-0.2897578851824083,-0.8644917294574765
88,1572411600,5,10,5,15,44,-0.8372292033902202,-1.186469414743456
88,1572426000,336,446,110,782,44,0.36036430518936835,0.552663575498419
88,1572440400,318,561,243,879,44,1.877316082723514,0.772606078827574
88,1572454800,398,463,65,861,44,-0.15289005563045535,0.7317920060448442
88,1572469200,745,507,0,1252,44,-0.894257465703534,1.6183643648252524
88,1572483600,56,95,39,151,44,-0.4494370196596868,-0.8780964203850531
88,1572498000,5,11,6,16,44,-0.8258235509275575,-1.1842019662555265
88,1572512400,311,414,103,725,44,0.28052473795072913,0.42341901168644136
88,1572526800,328,577,249,905,44,1.9457499974994905,0.8315597395137393
88,1572541200,319,449,130,768,44,0.5884773544426234,0.520919296667407
88,1572555600,683,463,0,1146,44,-0.894257465703534,1.3780148251047326
88,1572570000,65,166,101,231,44,0.2577134330254036,-0.6967005413506985
88,1572584400,10,13,3,23,44,-0.8600405083155458,-1.1683298268400204
88,1572598800,278,374,96,652,44,0.20068517071208988,0.2578952720675928
88,1572613200,354,629,275,983,44,2.242296961528722,1.008420721572235
88,1572627600,461,524,63,985,44,-0.17570136055578084,1.012955618548094
88,1572642000,756,596,0,1352,44,-0.894257465703534,1.8451092136181957
88,1572656400,66,157,91,223,44,0.14365690839877612,-0.714840129254134
88,1572670800,7,11,4,18,44,-0.848634855852883,-1.1796670692796676
88,1572685200,16,40,24,56,44,-0.6205218065996281,-1.0935040267383491
88,1572699600,106,229,123,335,44,0.5086377872039841,-0.46088589860603746
88,1572714000,231,386,155,617,44,0.873618666009192,0.1785345749900626
88,1572728400,209,263,54,472,44,-0.2783522327197456,-0.15024545575970516
88,1572742800,40,74,34,114,44,-0.5064652819730006,-0.9619920144384421
88,1572753600,5,14,9,19,44,-0.7916065935395693,-1.1773996207917383
88,1572768000,7,18,11,25,44,-0.7687952886142437,-1.1637949298641617
88,1572782400,60,137,77,197,44,-0.016022226078502354,-0.7737937899402991
88,1572796800,159,246,87,405,44,0.09803429854812513,-0.30216450445097714
88,1572811200,164,214,50,378,44,-0.32397484257039655,-0.3633856136250718
88,1572825600,40,65,25,105,44,-0.6091161541369653,-0.982399050829807
88,1572840000,7,7,0,14,44,-0.894257465703534,-1.1887368632313853
88,1572854400,153,205,52,358,44,-0.3011635376450711,-0.4087345833836605
88,1572868800,378,758,380,1136,44,3.43989047010831,1.3553403402254383
88,1572883200,354,499,145,853,44,0.7595621413825646,0.7136524181414088
88,1572897600,822,512,0,1334,44,-0.894257465703534,1.804295140835466
88,1572912000,86,179,93,265,45,0.030123786014264724,-0.5901700247586192
88,1572926400,11,9,0,20,45,-0.8479620958642281,-1.1123410956757467
88,1572940800,147,192,45,339,45,-0.42308183043915093,-0.4324530482367114
88,1572955200,410,792,382,1202,45,2.7587992684108715,1.4068679076877006
88,1572969600,295,448,153,743,45,0.5966308065810343,0.428596391153164
88,1572984000,816,519,0,1335,45,-0.8479620958642281,1.690332203328427
88,1572998400,97,200,103,297,45,0.12454162277539299,-0.5219680889653617
88,1573012800,9,10,1,19,45,-0.8385203121881153,-1.114472406169286
88,1573027200,156,191,35,347,45,-0.5174996672002792,-0.415402564288397
88,1573041600,465,827,362,1292,45,2.5699635948886153,1.5986858521062373
88,1573056000,286,459,173,745,45,0.7854664801032909,0.4328590121402426
88,1573070400,841,563,0,1404,45,-0.8479620958642281,1.8373926273826382
88,1573084800,106,435,329,541,45,2.258384733576892,-0.0019283285417736945
88,1573099200,14,17,3,31,45,-0.8196367448358897,-1.0888966802468143
88,1573113600,161,203,42,364,45,-0.4514071814674894,-0.379170285898229
88,1573128000,471,828,357,1299,45,2.5227546765080513,1.6136050255610122
88,1573142400,326,449,123,775,45,0.31337729629764954,0.49679832694642145
88,1573156800,913,547,0,1460,45,-0.8479620958642281,1.956746015020839
88,1573171200,101,219,118,320,45,0.26616837791708536,-0.472947947613958
88,1573185600,12,15,3,27,45,-0.8196367448358897,-1.0974219222209716
88,1573200000,130,173,43,303,45,-0.4419653977913766,-0.509180226004126
88,1573214400,431,555,124,986,45,0.32281907997376236,0.9465048410832128
88,1573228800,393,517,124,910,45,0.32281907997376236,0.7845252435742264
88,1573243200,854,610,0,1464,45,-0.8479620958642281,1.965271256994996
88,1573257600,126,251,125,377,45,0.33226086364987517,-0.35146324948221813
88,1573272000,11,25,14,36,45,-0.7157771243986486,-1.0782401277791178
88,1573286400,6,23,17,29,45,-0.68745177337031,-1.093159301233893
88,1573300800,72,195,123,267,45,0.31337729629764954,-0.5859074037715406
88,1573315200,225,296,71,521,45,-0.17759545486021747,-0.0445545384125596
88,1573329600,257,269,12,526,45,-0.7346606917508742,-0.033897985944863124
88,1573344000,42,107,65,149,45,-0.23424615691689443,-0.8374020420091774
88,1573358400,9,13,4,22,45,-0.8101949611597768,-1.108078474688668
88,1573372800,5,18,13,23,45,-0.7252189080747614,-1.1059471641951286
88,1573387200,47,196,149,243,45,0.558863671876583,-0.6370588556164838
88,1573401600,185,225,40,410,45,-0.4702907488197151,-0.2811300031954214
88,1573416000,182,222,40,404,45,-0.4702907488197151,-0.29391786615665716
88,1573430400,32,72,40,104,45,-0.4702907488197151,-0.9333110142184458
88,1573444800,4,13,9,17,45,-0.7629860427792127,-1.1187350271563645
88,1573459200,104,123,19,227,45,-0.6685682060180844,-0.6711598235131124
88,1573473600,384,627,243,1011,45,1.4463913374311888,0.9997876034216951
88,1573488000,253,428,175,681,45,0.8043500474555165,0.2964551405537277
88,1573502400,682,543,0,1225,45,-0.8479620958642281,1.4558880490391044
88,1573516800,78,150,72,228,46,-0.06247044721393022,-0.6470977199441519
88,1573531200,9,16,7,25,46,-0.6781539161454441,-1.0553525046299472
88,1573545600,194,196,2,390,46,-0.7255141829863297,-0.32129833512100486
88,1573560000,476,816,340,1292,46,2.4760398554575422,1.492720461857258
88,1573574400,302,408,106,710,46,0.25957936730409237,0.3222560052703966
88,1573588800,923,531,0,1454,46,-0.744458289722684,1.8185198466804051
88,1573603200,83,208,125,291,46,0.43954838129945795,-0.5203979591795947
88,1573617600,88,91,3,179,46,-0.7160421296181526,-0.7456419783165853
88,1573632000,174,209,35,383,46,-0.4129364218364842,-0.3353760863170668
88,1573646400,467,869,402,1336,46,3.0633071642845247,1.5812091836610758
88,1573660800,318,417,99,735,46,0.19327499372685245,0.37253368811347487
88,1573675200,887,560,0,1447,46,-0.744458289722684,1.8044420954843432
88,1573689600,123,224,101,347,46,0.21221910046320672,-0.4077759496110995
88,1573704000,11,11,0,22,46,-0.744458289722684,-1.0613858265711167
88,1573718400,140,166,26,306,46,-0.49818490215007843,-0.4902313494737478
88,1573732800,543,778,235,1321,46,1.481474251798943,1.551042573955229
88,1573747200,315,440,125,755,46,0.43954838129945795,0.41275583438793745
88,1573761600,893,571,0,1464,46,-0.744458289722684,1.8386309198176365
88,1573776000,122,231,109,353,46,0.2879955274086238,-0.3957093057287607
88,1573790400,14,22,8,36,46,-0.6686818627772669,-1.0332303241789929
88,1573804800,134,164,30,298,46,-0.4602966886773699,-0.5063202079835328
88,1573819200,417,739,322,1156,46,2.305542894830354,1.2192098671909124
88,1573833600,344,509,165,853,46,0.8184305160265434,0.6098443511328042
88,1573848000,802,592,0,1394,46,-0.744458289722684,1.6978534078570173
88,1573862400,115,234,119,349,46,0.38271606109039513,-0.4037537349836532
88,1573876800,13,19,6,32,46,-0.6876259695136212,-1.0412747534338853
88,1573891200,6,23,17,29,46,-0.5834333824636727,-1.0473080753750548
88,1573905600,67,153,86,220,46,0.07013829994054968,-0.6631865784539369
88,1573920000,246,268,22,514,46,-0.536073115622787,-0.0719210282193368
88,1573934400,223,235,12,458,46,-0.6307936493045584,-0.18454303778783207
88,1573948800,55,97,42,152,46,-0.34663204825924426,-0.7999418757871097
88,1573963200,6,11,5,17,46,-0.6970980228817983,-1.0714413631397322
88,1573977600,4,13,9,17,46,-0.6592098094090898,-1.0714413631397322
88,1573992000,42,107,65,149,46,-0.12877482079117017,-0.8059751977282792
88,1574006400,149,175,26,324,46,-0.49818490215007843,-0.45403141782673145
88,1574020800,145,161,16,306,46,-0.5929054358318498,-0.4902313494737478
88,1574035200,28,37,9,65,46,-0.6592098094090898,-0.9749082120810221
88,1574049600,6,7,1,13,46,-0.7349862363545069,-1.0794857923946248
88,1574064000,144,184,40,328,46,-0.36557615499559853,-0.44598698857183894
88,1574078400,435,788,353,1223,46,2.599176549243845,1.353954057210362
88,1574092800,267,428,161,695,46,0.7805423025538348,0.29208939556454966
88,1574107200,888,536,0,1424,46,-0.744458289722684,1.7581866272687112
88,1574121600,110,174,64,284,47,-0.2455205022105343,-0.5342490981878241
88,1574136000,11,8,0,19,47,-0.8137899909265902,-1.0878839175630748
88,1574150400,139,169,30,308,47,-0.547413668090939,-0.48410858624440517
88,1574164800,454,801,347,1255,47,2.2672961432057757,1.4943524475230001
88,1574179200,274,399,125,673,47,0.29611135422195656,0.2784450328950911
88,1574193600,885,588,0,1473,47,-0.8137899909265902,1.9497954310090555
88,1574208000,104,202,98,306,47,0.05637266366987043,-0.48828696223969004
88,1574222400,14,55,41,69,47,-0.4497423497178669,-0.983424517680952
88,1574236800,164,195,31,359,47,-0.5385344573297507,-0.37755999836463994
88,1574251200,433,866,433,1299,47,3.030908268667976,1.5862767194192682
88,1574265600,291,437,146,728,47,0.4825747802069124,0.3933503727654261
88,1574280000,875,557,0,1432,47,-0.8137899909265902,1.8641387231057147
88,1574294400,91,184,93,275,47,0.011976609863928558,-0.5530517901666062
88,1574308800,9,20,11,29,47,-0.7161186725535181,-1.0669920375866502
88,1574323200,152,191,39,343,47,-0.46750077124024364,-0.4109870063269192
88,1574335426,162,231,69,393,47,-0.20112444840459243,-0.30652760644479643
88,1574337600,418,826,408,1244,47,2.8089279996382666,1.4713713795489332
88,1574352000,299,437,138,736,47,0.4115410941174054,0.41006387674656575
88,1574366400,875,559,0,1434,47,-0.8137899909265902,1.8683170991009996
88,1574380800,131,231,100,362,47,0.07413108519224718,-0.37129243437171255
88,1574395200,16,21,5,37,47,-0.7693939371206484,-1.0502785336055105
88,1574409600,164,168,4,332,47,-0.7782731478818368,-0.4339680743009862
88,1574424000,411,748,337,1159,47,2.178504035593892,1.2937903997493243
88,1574438400,336,483,147,819,47,0.4914539909681008,0.5834664805508896
88,1574452800,785,579,0,1364,47,-0.8137899909265902,1.7220739392660278
88,1574467200,121,242,121,363,47,0.26059451117720306,-0.3692032463740701
88,1574481600,12,27,15,39,47,-0.6806018295087647,-1.0461001576102256
88,1574496000,8,24,16,32,47,-0.6717226187475763,-1.060724473593723
88,1574510400,57,210,153,267,47,0.544729255535231,-0.5697652941477458
88,1574524800,226,320,94,546,47,0.02085582062511693,0.013118157194499243
88,1574539200,190,261,71,451,47,-0.18336602688221568,-0.18535470258153403
88,1574553600,54,118,64,172,47,-0.2455205022105343,-0.768238153923779
88,1574568000,7,11,4,18,47,-0.7782731478818368,-1.0899731055607171
88,1574582400,6,14,8,20,47,-0.7427563048370833,-1.0857947295654322
88,1574596800,60,114,54,174,47,-0.33431260982241806,-0.7640597779284942
88,1574611200,120,180,60,300,47,-0.2810373452552878,-0.5008220902255448
88,1574625600,133,204,71,337,47,-0.18336602688221568,-0.4235221343127739
88,1574640000,32,78,46,110,47,-0.40534629591192506,-0.8977678097776113
88,1574654400,5,8,3,13,47,-0.7871523586430251,-1.1004190455489296
88,1574668800,136,172,36,308,47,-0.4941384035238088,-0.48410858624440517
88,1574683200,433,767,334,1200,47,2.151866403310327,1.379447107652665
88,1574697600,347,472,125,819,47,0.29611135422195656,0.5834664805508896
88,1574712000,781,526,0,1307,47,-0.8137899909265902,1.6029902234004079
88,1574726400,97,205,108,302,48,0.30792013916591476,-0.36245818827284665
88,1574740800,7,7,0,14,48,-1.0641090860370217,-1.1064416000068282
88,1574755200,160,165,5,325,48,-1.0005892144998487,-0.3030428463635356
88,1574769600,453,745,292,1198,48,2.6454514117338803,1.9521568704550958
88,1574784000,336,470,134,806,48,0.6382234711592143,0.939512782261621
88,1574798400,755,563,0,1318,48,-1.0641090860370217,2.262149958677588
88,1574812800,95,200,105,295,48,0.26980821624361095,-0.38054111841915866
88,1574827200,12,31,19,43,48,-0.8227335741957643,-1.0315266036863926
88,1574841600,135,150,15,285,48,-0.8735494714255027,-0.406373875771033
88,1574856000,311,498,187,809,48,1.3115341094532478,0.9472626094671833
88,1574870400,427,489,62,916,48,-0.2764626789760766,1.223673113132239
88,1574884800,389,460,71,849,48,-0.16212691020916528,1.0505936388746808
88,1574899200,68,188,120,256,48,0.4603678308551299,-0.4812888720914687
88,1574913600,9,15,6,24,48,-0.987885240192414,-1.0806088426549538
88,1574928000,16,23,7,39,48,-0.9751812658849794,-1.0418597066271422
88,1574942400,53,138,85,191,48,0.01572873009491906,-0.649201794878652
88,1574956800,124,365,241,489,48,1.9975487220547161,0.12061437420720389
88,1574971200,195,151,0,346,48,-1.0641090860370217,-0.24879405592459944
88,1574985600,40,132,92,172,48,0.10465655024696123,-0.6982840338472133
88,1575000000,9,17,8,26,48,-0.9624772915775448,-1.075442291184579
88,1575014400,51,79,28,130,48,-0.7083978054288529,-0.8067816147250856
88,1575028800,183,271,88,454,48,0.05384065301722284,0.03019972347564363
88,1575043200,411,537,126,948,48,0.5365916766997375,1.306337936658237
88,1575057600,389,440,51,829,48,-0.4162063963578572,0.9989281241709321
88,1575072000,85,279,194,364,48,1.40046192960529,-0.2022950926912256
88,1575086400,17,28,11,45,48,-0.924365368655241,-1.0263600522160177
88,1575100800,17,28,11,45,48,-0.924365368655241,-1.0263600522160177
88,1575115200,117,238,121,355,48,0.47307180516256453,-0.22554457430791253
88,1575129600,275,444,169,719,48,1.0828625719194251,0.7147677933003141
88,1575144000,294,459,165,753,48,1.0320466746896868,0.802599168296687
88,1575158400,87,177,90,264,48,0.07924860163209203,-0.46062266620996917
88,1575172800,12,34,22,46,48,-0.7846216512734605,-1.0237767764808303
88,1575187200,11,21,10,32,48,-0.9370693429626756,-1.0599426367734543
88,1575201600,72,156,84,228,48,0.003024755787484462,-0.5536205926767169
88,1575216000,172,316,144,488,48,0.7652632142335603,0.11803109847201645
88,1575230400,157,282,125,439,48,0.5238877023923029,-0.008549412552167908
88,1575244800,35,90,55,125,48,-0.36539049912811883,-0.8196979934010228
88,1575259200,5,12,7,17,48,-0.9751812658849794,-1.098691772801266
88,1575273600,146,175,29,321,48,-0.6956938311214184,-0.31337594930428536
88,1575288000,458,751,293,1209,48,2.658155386041315,1.9805729035421575
88,1575302400,291,429,138,720,48,0.6890393683889526,0.7173510690355016
88,1575316800,804,539,0,1343,48,-1.0641090860370217,2.326731852057274
88,1575331200,82,144,62,226,49,0.13587597658062478,-0.15271466173908996
88,1575345600,13,13,0,26,49,-0.5189394284603249,-0.5843997465343576
88,1575360000,128,172,44,300,49,-0.05423172165707031,0.007008819635159091
88,1575374400,460,806,346,1266,49,3.135352993219814,2.0920477791963017
88,1575388800,307,449,142,756,49,0.9807990798592696,0.9912508129683694
88,1575403200,892,534,0,1426,49,-0.5189394284603249,2.4373958470325157
88,1575417600,118,204,86,322,49,0.3893529075642182,0.054494178962638536
88,1575432000,13,19,6,32,49,-0.4555701957144266,-0.5714491939904995
88,1575446400,167,183,16,350,49,-0.349954807804596,0.11493009083397601
88,1575460800,443,850,407,1293,49,3.7796068594697805,2.150325265643663
88,1575475200,329,418,89,747,49,0.42103752393716737,0.9718249841525823
88,1575489600,833,530,0,1363,49,-0.5189394284603249,2.3014150453220066
88,1575504000,91,270,179,361,49,1.3715760151256429,0.13867277049771573
88,1575509102,9,16,7,25,49,-0.44500865692344355,-0.5865581719583339
88,1575516315,10,8,0,18,49,-0.5189394284603249,-0.6016671499261683
88,1575516383,2,10,8,12,49,-0.43444711813246045,-0.6146177024700263
88,1575516450,0,0,0,0,49,-0.5189394284603249,-0.6405188075577424
88,1575516513,0,0,0,0,49,-0.5189394284603249,-0.6405188075577424
88,1575516575,9,11,2,20,49,-0.49781635087835885,-0.5973502990782157
88,1575516636,0,0,0,0,49,-0.5189394284603249,-0.6405188075577424
88,1575517126,7,9,2,16,49,-0.49781635087835885,-0.605984000774121
88,1575517201,0,0,0,0,49,-0.5189394284603249,-0.6405188075577424
88,1575517267,0,0,0,0,49,-0.5189394284603249,-0.6405188075577424
88,1575517336,0,0,0,0,49,-0.5189394284603249,-0.6405188075577424
88,1575517401,0,0,0,0,49,-0.5189394284603249,-0.6405188075577424
88,1575517467,0,0,0,0,49,-0.5189394284603249,-0.6405188075577424
88,1575517536,0,0,0,0,49,-0.5189394284603249,-0.6405188075577424
88,1575517602,0,0,0,0,49,-0.5189394284603249,-0.6405188075577424
88,1575517667,0,0,0,0,49,-0.5189394284603249,-0.6405188075577424
88,1575517736,0,0,0,0,49,-0.5189394284603249,-0.6405188075577424
88,1575517802,0,0,0,0,49,-0.5189394284603249,-0.6405188075577424
88,1575517867,0,0,0,0,49,-0.5189394284603249,-0.6405188075577424
88,1575517936,0,0,0,0,49,-0.5189394284603249,-0.6405188075577424
88,1575518002,0,0,0,0,49,-0.5189394284603249,-0.6405188075577424
88,1575518067,0,0,0,0,49,-0.5189394284603249,-0.6405188075577424
88,1575518130,0,1,1,1,49,-0.5083778896693419,-0.6383603821337661
88,1575518203,0,0,0,0,49,-0.5189394284603249,-0.6405188075577424
88,1575518283,1,0,0,1,49,-0.5189394284603249,-0.6383603821337661
88,1575518363,0,0,0,0,49,-0.5189394284603249,-0.6405188075577424
88,1575518400,1,2,1,3,49,-0.5083778896693419,-0.6340435312858134
88,1575518444,0,0,0,0,49,-0.5189394284603249,-0.6405188075577424
88,1575518524,1,0,0,1,49,-0.5189394284603249,-0.6383603821337661
88,1575518604,0,0,0,0,49,-0.5189394284603249,-0.6405188075577424
88,1575518684,0,0,0,0,49,-0.5189394284603249,-0.6405188075577424
88,1575518764,0,0,0,0,49,-0.5189394284603249,-0.6405188075577424
88,1575518847,0,0,0,0,49,-0.5189394284603249,-0.6405188075577424
88,1575518927,0,1,1,1,49,-0.5083778896693419,-0.6383603821337661
88,1575519008,0,0,0,0,49,-0.5189394284603249,-0.6405188075577424
88,1575519088,0,0,0,0,49,-0.5189394284603249,-0.6405188075577424
88,1575519168,0,0,0,0,49,-0.5189394284603249,-0.6405188075577424
88,1575519250,0,0,0,0,49,-0.5189394284603249,-0.6405188075577424
88,1575519337,0,0,0,0,49,-0.5189394284603249,-0.6405188075577424
88,1575519417,0,0,0,0,49,-0.5189394284603249,-0.6405188075577424
88,1575519498,0,0,0,0,49,-0.5189394284603249,-0.6405188075577424
88,1575519578,0,0,0,0,49,-0.5189394284603249,-0.6405188075577424
88,1575519667,0,0,0,0,49,-0.5189394284603249,-0.6405188075577424
88,1575519747,0,0,0,0,49,-0.5189394284603249,-0.6405188075577424
88,1575519827,0,0,0,0,49,-0.5189394284603249,-0.6405188075577424
88,1575527639,45,40,0,85,49,-0.5189394284603249,-0.45705264651975364
88,1575527719,4,0,0,4,49,-0.5189394284603249,-0.631885105861837
88,1575527800,1,0,0,1,49,-0.5189394284603249,-0.6383603821337661
88,1575532800,124,167,43,291,49,-0.06479326044805338,-0.012417009180627953
88,1575547200,493,861,368,1354,49,3.367706846621441,2.2819892165062194
88,1575561600,366,449,83,815,49,0.357668291191269,1.1185979129829733
88,1575576000,890,599,0,1489,49,-0.5189394284603249,2.573376648743025
88,1575590400,128,251,123,379,49,0.7801298428305915,0.1775244281292898
88,1575604800,11,54,43,65,49,-0.06479326044805338,-0.5002211549992804
88,1575619200,152,155,3,307,49,-0.48725481208737575,0.02211779760299346
88,1575633600,467,836,369,1303,49,3.3782683854124245,2.1719095198834264
88,1575648000,504,470,0,974,49,-0.5189394284603249,1.461787555395211
88,1575662400,865,613,0,1478,49,-0.5189394284603249,2.5496339690792853
88,1575676800,147,333,186,480,49,1.4455067866625242,0.39552539595089997
88,1575691200,15,40,25,55,49,-0.25490095868574847,-0.5218054092390438
88,1575705600,26,35,9,61,49,-0.4238855793414774,-0.5088548566951858
88,1575720000,157,289,132,446,49,0.875183691949439,0.3221389315357045
88,1575734400,410,547,137,957,49,0.9279913859043544,1.4250943231876134
88,1575748800,360,552,192,912,49,1.5088760194084228,1.3279651791086782
88,1575763200,124,309,185,433,49,1.4349452478715412,0.2940794010240121
88,1575777600,12,53,41,65,49,-0.0859163380300195,-0.5002211549992804
88,1575792000,14,25,11,39,49,-0.4027625017595113,-0.5563402160226653
88,1575806400,101,210,109,311,49,0.6322682997568286,0.030751499298898814
88,1575820800,271,407,136,678,49,0.9174298471133713,0.822893629898215
88,1575835200,230,410,180,640,49,1.3821375539166258,0.7408734637871142
88,1575849600,54,149,95,203,49,0.48440675668306576,-0.2023584464905457
88,1575864000,7,13,6,20,49,-0.4555701957144266,-0.5973502990782157
88,1575878400,147,201,54,348,49,0.051383666252760286,0.11061323998602333
88,1575892800,512,873,361,1385,49,3.2937760750845597,2.348900404649486
88,1575907200,341,424,83,765,49,0.357668291191269,1.0106766417841564
88,1575921600,916,586,0,1502,49,-0.5189394284603249,2.6014361792547174
88,1575936000,102,187,85,289,50,-0.06051581121610429,-0.6250349578584495
88,1575950400,9,12,3,21,50,-0.9186573146264255,-1.1740112303348649
88,1575960065,8,17,9,25,50,-0.8558664729134752,-1.1658175546262617
88,1575964638,57,130,73,187,50,-0.18609749464200495,-0.8339736884278315
88,1575964800,157,170,13,327,50,-0.8140059117715083,-0.547195038626719
88,1575968219,42,264,222,306,50,1.3732084078962616,-0.5902118360968859
88,1575979200,482,676,194,1158,50,1.0801844799024936,1.1550410898355985
88,1575993600,416,421,5,837,50,-0.8977270340554421,0.49749861422019065
88,1576008000,959,514,0,1473,50,-0.9500527354829007,1.8002930518881015
88,1576022400,112,238,126,350,50,0.36855494048905635,-0.5000814033022506
88,1576036800,12,17,5,29,50,-0.8977270340554421,-1.1576238789176585
88,1576051200,165,163,0,328,50,-0.9500527354829007,-0.5451466196995682
88,1576065600,462,779,317,1241,50,2.367396735017975,1.325059860789115
88,1576080000,371,511,140,882,50,0.5150669044859404,0.5896774659419768
88,1576094400,937,580,0,1517,50,-0.9500527354829007,1.8904234846827368
88,1576108800,151,231,80,382,50,-0.1128415126435629,-0.4345319976334248
88,1576123200,8,23,15,31,50,-0.7930756312005248,-1.1535270410633567
88,1576137600,147,185,38,332,50,-0.5523774046342153,-0.536952943990965
88,1576152000,521,848,327,1369,50,2.4720481378728922,1.587257483464418
88,1576166400,429,505,76,934,50,-0.1547020737855298,0.6961952501538186
88,1576180800,896,485,0,1381,50,-0.9500527354829007,1.6118385105902275
88,1576195200,155,316,161,471,50,0.7348348504812666,-0.25222271311700334
88,1576209600,11,32,21,43,50,-0.7302847894875745,-1.1289460139375471
88,1576221103,7,29,22,36,50,-0.7198196492020829,-1.1432849464276027
88,1576224000,153,159,6,312,50,-0.8872618937699503,-0.5779213225339811
88,1576238400,429,782,353,1211,50,2.7441417852956773,1.263607292974591
88,1576252800,498,525,27,1023,50,-0.6674939477746242,0.87850453467024
88,1576267200,826,667,0,1493,50,-0.9500527354829007,1.8412614304311177
88,1576281600,137,321,184,458,50,0.9755330770475762,-0.2788521591699638
88,1576296000,21,56,35,77,50,-0.5837728254906904,-1.0592997704144198
88,1576310400,29,31,2,60,50,-0.9291224549119173,-1.0941228921759836
88,1576324800,141,284,143,425,50,0.5464623253424156,-0.34644998376594033
88,1576339200,344,569,225,913,50,1.4046038287527367,0.6531784526836517
88,1576353600,334,441,107,775,50,0.1697172750647136,0.37049664073684085
88,1576368000,104,296,192,400,50,1.05925419933151,-0.39766045694471036
88,1576382400,16,73,57,89,50,-0.35353973920987253,-1.0347187432886102
88,1576396800,19,26,7,45,50,-0.8767967534844586,-1.1248491760832455
88,1576411200,121,270,149,391,50,0.6092531670553659,-0.4160962272890676
88,1576425600,364,487,123,851,50,0.3371595196325812,0.5261764792003019
88,1576440000,317,481,164,798,50,0.7662302713377418,0.4176102760613093
88,1576454400,60,187,127,247,50,0.3790200807745481,-0.7110685527987832
88,1576468800,10,19,9,29,50,-0.8558664729134752,-1.1576238789176585
88,1576483200,142,169,27,311,50,-0.6674939477746242,-0.5799697414611319
88,1576497600,483,683,200,1166,50,1.1429753216154437,1.1714284412528049
88,1576512000,388,495,107,883,50,0.1697172750647136,0.5917258848691276
88,1576526400,809,615,0,1424,50,-0.9500527354829007,1.6999205244577122
88,1576540800,110,230,120,340,51,0.20645894827932462,-0.604227522104947
88,1576555200,10,24,14,34,51,-0.9283006044855555,-1.2443670088820287
88,1576569600,142,185,43,327,51,-0.6178475192951638,-0.6314229904974374
88,1576584000,484,755,271,1239,51,1.8229560470292951,1.2764437151911199
88,1576598400,440,442,2,882,51,-1.0567639500815795,0.5296143139511912
88,1576612800,952,582,0,1534,51,-1.078174507680917,1.8935716517899404
88,1576627200,128,265,137,393,51,0.3884486878736922,-0.4933536894278708
88,1576641600,10,35,25,45,51,-0.8105425376892,-1.2213554587037676
88,1576656000,149,180,31,329,51,-0.7463108648911879,-0.6272390722832081
88,1576670400,483,803,320,1286,51,2.3475147082130605,1.3747657932255082
88,1576684800,388,536,148,924,51,0.5062067546700476,0.6174765964500063
88,1576699200,954,660,0,1614,51,-1.078174507680917,2.060928380359112
88,1576713600,137,285,148,422,51,0.5062067546700476,-0.43268687532154604
88,1576728000,11,24,13,35,51,-0.9390058832852242,-1.242275049774914
88,1576742400,144,177,33,321,51,-0.7249003072918505,-0.6439747451401253
88,1576756800,470,762,292,1232,51,2.0477669018223374,1.2618000014413173
88,1576771200,386,526,140,912,51,0.4205645242726982,0.5923730871646306
88,1576785600,792,613,0,1405,51,-1.078174507680917,1.623708926972151
88,1576800000,132,329,197,461,51,1.0307654158538129,-0.35110047014407486
88,1576814400,15,20,5,35,51,-1.0246481136825736,-1.242275049774914
88,1576828800,137,158,21,295,51,-0.8533636528878747,-0.6983656819251061
88,1576843200,433,672,239,1105,51,1.4803871254398975,0.9961211948377572
88,1576857600,413,556,143,969,51,0.45268036067170425,0.7116147562701653
88,1576872000,723,631,0,1354,51,-1.078174507680917,1.5170190125093042
88,1576886400,111,313,202,424,51,1.0842918098521563,-0.42850295710731673
88,1576900800,14,51,37,65,51,-0.6820791920931758,-1.1795162765614746
88,1576915200,27,25,0,52,51,-1.078174507680917,-1.206711744953965
88,1576929600,99,259,160,358,51,0.6346701002660718,-0.5665722581768834
88,1576944000,369,498,129,867,51,0.3028064574763427,0.49823492734447145
88,1576958400,347,553,206,900,51,1.1271129250508312,0.5672695778792548
88,1576972800,91,300,209,391,51,1.159228761449837,-0.49753760764210003
88,1576987200,14,50,36,64,51,-0.6927844708928446,-1.1816082356685893
88,1577001600,18,19,1,37,51,-1.0674692288812484,-1.2380911315606848
88,1577016000,119,236,117,355,51,0.17434311188031856,-0.5728481354982273
88,1577030400,362,455,93,817,51,-0.08258357931172976,0.39363697198873915
88,1577044800,405,490,85,895,51,-0.1682258097090792,0.5568097823436815
88,1577059200,71,285,214,356,51,1.2127551554481806,-0.5707561763911126
88,1577073600,9,29,20,38,51,-0.8640689316875434,-1.2359991724535702
88,1577088000,112,130,18,242,51,-0.8854794892868808,-0.8092395146021824
88,1577102400,315,493,178,808,51,0.8273651186601081,0.37480934002470734
88,1577116800,400,583,183,983,51,0.8808915126584514,0.7409021837697704
88,1577131200,647,619,0,1266,51,-1.078174507680917,1.3329266110832152
88,1577145600,92,272,180,364,52,1.887993953164653,-0.21382729294409306
88,1577160000,14,28,14,42,52,-0.9040505566378628,-1.1288091976350958
88,1577174400,86,89,3,175,52,-1.0890655542753789,-0.7508818891757686
88,1577188800,198,347,149,545,52,1.366588050731653,0.30049483360581847
88,1577203200,380,497,117,877,52,0.828362603058879,1.2438923253990264
88,1577217600,333,383,50,716,52,-0.2985469280059919,0.786401373053525
88,1577232000,83,207,124,290,52,0.9460994197372983,-0.4241026375004105
88,1577246400,5,37,32,42,52,-0.6012987423219274,-1.1288091976350958
88,1577260800,12,16,4,28,52,-1.0722460090356047,-1.168591019578183
88,1577275200,42,120,78,162,52,0.17240033870768545,-0.7878221524086352
88,1577289600,165,289,124,454,52,0.9460994197372983,0.04191299097575246
88,1577304000,257,205,0,462,52,-1.1395241899947015,0.0646454606575165
88,1577318400,43,156,113,199,52,0.7610844220997822,-0.6826844801304764
88,1577332800,8,19,11,27,52,-0.9545091923571853,-1.1714325782884034
88,1577347200,99,103,4,202,52,-1.0722460090356047,-0.674159803999815
88,1577361600,211,358,147,569,52,1.3329489602521047,0.3686922426511106
88,1577376000,421,487,66,908,52,-0.029434204169604836,1.331980645415862
88,1577390400,488,484,0,972,52,-1.1395241899947015,1.5138404028699743
88,1577404800,103,277,174,380,52,1.787076681726008,-0.16836235358056495
88,1577419200,9,32,23,41,52,-0.752674649479895,-1.1316507563453164
88,1577433600,96,105,9,201,52,-0.9881482828367337,-0.6770013627100355
88,1577448000,260,368,108,628,52,0.6769866959009112,0.5363442065541204
88,1577462400,491,532,41,1023,52,-0.44992283516395964,1.6587598970912203
88,1577476800,590,645,55,1235,52,-0.21444920180712093,2.2611703436579673
